(5000000.0, 36852140.260095276)
(5024782.0, 19981203.065218545)
(5364858.0, 55173401.31786253)
(5476793.0, 70893076.13777846)
(5496951.0, 37078814.91640812)
(5530764.0, 43178084.37990435)
(5728213.0, 31611739.935922075)
(5837674.0, 79751448.51512828)
(6110000.0, 16176928.948794495)
(6230276.0, 54746394.79914795)
(6294161.0, 65477024.41466397)
(6405245.0, 59120753.478404716)
(6420319.0, 98496198.19728449)
(6814789.0, 52446061.89095585)
(6854611.0, 23439730.214636553)
(6928068.0, 30064101.938358158)
(7000000.0, 54259363.62733988)
(7002261.0, 83213100.04533924)
(7022728.0, 23148172.736515388)
(7938872.0, 76956472.64930621)
(8138788.0, 84196286.05235425)
(8220215.0, 69035462.63773341)
(8371085.0, 35556252.84173047)
(8454301.0, 55213321.31120226)
(8459458.0, 21417258.990032613)
(8784318.0, 72791492.63113362)
(8936663.0, 44893697.48861256)
(9455232.0, 39242905.39310846)
(9489829.0, 80670232.48344734)
(9494789.0, 162401390.56740102)
(9500000.0, 15011830.617566407)
(9622846.0, 49509305.18286465)
(9627492.0, 123105100.05509436)
(10126458.0, 46552329.48015689)
(10130000.0, 31010895.206661865)
(10178331.0, 12766797.418474926)
(10337387.0, 988881.2846716491)
(10429707.0, 38109741.40791755)
(10589102.0, 47968984.869814895)
(10629321.0, 14995098.76975782)
(11110975.0, 105290620.95571695)
(11125849.0, -124166.73437035616)
(11301649.0, 6063893.422891556)
(11417362.0, 60389838.84264051)
(11947954.0, 24114253.56791662)
(12077441.0, 54898671.3622233)
(12314651.0, 76623712.09103526)
(12400000.0, 20509236.62704234)
(13092000.0, 70509901.45033765)
(13196245.0, 37714618.36678781)
(14000000.0, 192448097.58308244)
(14348529.0, 33410625.080934018)
(14431253.0, 109923985.54619007)
(15008161.0, 21887004.813433252)
(15395087.0, 39026056.4148179)
(15478800.0, 111433059.05411924)
(15520023.0, 108157521.11229762)
(16374328.0, 101970473.01518114)
(16566240.0, 19784600.3314043)
(16700000.0, 24607122.99205738)
(16800000.0, 43909910.25331328)
(16930884.0, 43288400.65644657)
(17000000.0, 19930910.880400155)
(17137302.0, 74005690.18695654)
(17273593.0, 22532451.358584486)
(17425000.0, 46816102.051391885)
(17500000.0, 44379094.886515565)
(17508518.0, 27919708.316862434)
(17511906.0, 37673419.8786401)
(17752940.0, 88108144.50136746)
(17869048.0, 74852013.25600123)
(17872796.0, 24421183.080103222)
(17986781.0, 62817055.90869588)
(18124262.0, 87909688.83732867)
(18662027.0, 221716466.41205212)
(19255873.0, 36381548.75624064)
(19422261.0, 78238677.82143788)
(19839492.0, 5038883.495396319)
(20275812.0, 46561461.298005745)
(20645327.0, 157946460.90379465)
(21107746.0, 7050465.162638614)
(21409028.0, 70127371.22655632)
(21510851.0, 78732045.2983411)
(21834845.0, 65013740.86947666)
(22211426.0, 76237354.35968484)
(22222308.0, 53859071.65718049)
(22456509.0, 31576242.754406847)
(22939027.0, 23299711.850402173)
(23057115.0, 99539087.01882792)
(23081726.0, 37034691.17148398)
(24159934.0, 75865341.27139093)
(25345000.0, 5838183.798308995)
(25562924.0, 60307796.59307957)
(26527510.0, 78488458.51646517)
(27409889.0, 126837675.56416002)
(27437881.0, 156243475.26691762)
(28931401.0, 148144301.07704514)
(28972508.0, 101836274.1551234)
(29000000.0, 46845874.00481802)
(29922472.0, 113737270.93185447)
(30127963.0, 45028301.96332534)
(30353232.0, 80119949.00092982)
(30448000.0, 57269061.417488106)
(31070211.0, 70527395.72439982)
(31430334.0, 45789170.21390552)
(31556061.0, 67639446.85354514)
(31724284.0, 65666519.82379763)
(32204030.0, 49032527.5475824)
(32248241.0, 92063189.23829901)
(32556119.0, 91497376.91536526)
(32935319.0, 29070208.72245709)
(33333531.0, 52885427.39291209)
(33456317.0, 22686866.508685514)
(34077920.0, 61867307.28203529)
(34742066.0, 99314050.28584167)
(34854990.0, 61561584.199419275)
(34942188.0, 57269164.60704846)
(35097815.0, 23405965.52205489)
(35287788.0, 107125559.56112993)
(35401758.0, 29249966.45980418)
(35485056.0, 22316986.01104216)
(36160375.0, 53163627.88339871)
(36620508.0, 30817680.36932333)
(36893721.0, 89358933.83592476)
(36993168.0, 66092899.6537778)
(37311672.0, 67039013.53486344)
(38085778.0, 176888583.4510871)
(38399961.0, 71037464.38666679)
(38502340.0, 49594848.62917891)
(38629478.0, 8041996.021658892)
(39031337.0, 61273408.073092096)
(39171130.0, 53475215.19479345)
(39187783.0, 24883116.10664431)
(39300000.0, 50452254.91763705)
(39462438.0, 11770334.542946862)
(40100000.0, 41296537.84600382)
(40423945.0, 121234112.59911808)
(40492759.0, 64949083.852584705)
(40828540.0, 115579752.02560875)
(41170784.0, 29318572.553328596)
(41296320.0, 65948351.32358913)
(41596251.0, 60583246.92393057)
(41819064.0, 127474333.90216321)
(42045846.0, 91264252.91043958)
(44030246.0, 61080133.65339155)
(44907260.0, 108616672.36513565)
(45300000.0, 53918258.776975356)
(46152800.0, 157038714.7780453)
(46216641.0, 72535073.54756212)
(46243000.0, 22697211.290471636)
(46471023.0, 63095526.63362458)
(47042000.0, 46192707.56121606)
(47088990.0, 46852650.98360507)
(47801389.0, 55592069.68583806)
(48065672.0, 64244774.26556284)
(49111202.0, 67886276.24278703)
(50877145.0, 35088544.124939635)
(50907234.0, 86305771.27146325)
(52099090.0, 71011006.65978199)
(52302796.0, 25076525.173103727)
(52424533.0, 87191084.21671516)
(52501541.0, 29617675.991618287)
(52597999.0, 55862050.51334209)
(53181600.0, 73199425.26255953)
(53191886.0, 26746280.978973944)
(53825515.0, 188252140.08942348)
(53830415.0, 57461153.16996631)
(53909751.0, 102813582.7508604)
(54674226.0, 59567434.07114808)
(54837234.0, 45311133.053626455)
(55112356.0, 59272992.61068827)
(55969000.0, 160983347.82803118)
(56309766.0, 56938796.620678306)
(57096190.0, 29697971.90232111)
(57103895.0, 35933687.18193076)
(57231524.0, 52683677.39400885)
(57777106.0, 101074265.64069891)
(59520298.0, 34741912.52495424)
(59901913.0, 78217771.5010866)
(60072596.0, 53743911.367710665)
(60474340.0, 73187627.5711412)
(60722734.0, 86625380.89406376)
(60965854.0, 106244988.67419185)
(61112916.0, 76154191.7433271)
(61458982.0, 160999927.1927423)
(62022014.0, 175678412.02528387)
(62357900.0, 79087606.2911155)
(63013281.0, 229160668.34214526)
(63800345.0, 81945271.12771384)
(63833449.0, 87937566.17191313)
(64626786.0, 82434627.65575004)
(65663276.0, 480178373.69207835)
(65664721.0, 84584224.85005656)
(66486080.0, 93095872.98398043)
(66787908.0, 64333124.33315469)
(66966987.0, 48539688.41278863)
(67347013.0, 170284471.19001925)
(68263166.0, 22085736.06525782)
(68369434.0, 37341691.87492785)
(68572378.0, 41084900.36067681)
(68729358.0, 121565847.19561757)
(68896829.0, 79561667.12932432)
(69411370.0, 110578976.87730354)
(70016220.0, 127225330.98128155)
(71625195.0, 54699034.80998197)
(71664962.0, 58392551.37171931)
(72417394.0, 40434960.7657318)
(72778712.0, 30973368.463157214)
(73276047.0, 75812505.18646872)
(73762516.0, 92761142.97115028)
(74237563.0, 108617515.68683887)
(74597643.0, 113012478.68765122)
(74901339.0, 86571531.43507573)
(75450437.0, 88814604.44645156)
(75700498.0, 28402126.470373098)
(77000000.0, 85239525.168907)
(78054825.0, 41410651.46980853)
(78874843.0, 81547313.72351739)
(79700000.0, 135794479.9336761)
(80383290.0, 122572223.3228685)
(80573774.0, 52925297.50597499)
(81272766.0, 63131463.22313777)
(82087155.0, 71885759.02558838)
(82394288.0, 107639233.73704515)
(82966152.0, 174351033.66940907)
(83719388.0, 125438862.37597786)
(84606030.0, 60363943.37688948)
(85412898.0, 59241234.38907565)
(86362372.0, 59841544.98474639)
(86658558.0, 81645920.25772144)
(86865564.0, 22377478.173741672)
(88489643.0, 54796874.19047939)
(90565421.0, 58869330.09624379)
(91353501.0, 121494572.84083983)
(91636986.0, 123601234.19089481)
(92219310.0, 117907606.92498152)
(92601050.0, 108948236.10526977)
(93282604.0, 59180794.364009276)
(93525586.0, 95763780.35052706)
(93617009.0, 77072173.45965873)
(95000000.0, 116123609.4575372)
(95311434.0, 118259168.09298895)
(95404397.0, 52165832.82791289)
(97138686.0, 92969299.31017709)
(97437106.0, 239864127.61297053)
(98337295.0, 179808996.25011882)
(98450062.0, 77188276.31383501)
(99067206.0, 39805501.714689)
(99965753.0, 55816499.43403472)
(100076342.0, 60466389.47483383)
(100525432.0, 115436767.50257486)
(101332962.0, 50339196.92298486)
(102391382.0, 55231191.47451203)
(104945765.0, 82053460.86622772)
(107597242.0, 120514339.36960673)
(107944236.0, 165057909.13252506)
(108145109.0, 332433522.8078921)
(108286421.0, 34247950.334058516)
(109676311.0, 102260273.89379817)
(110206216.0, 167286289.296375)
(111231041.0, 133826489.43582977)
(111340801.0, 93188317.99180503)
(113020255.0, 107718067.2048024)
(113280098.0, 97609691.44961897)
(113857533.0, 97291869.50441276)
(114156230.0, 110310473.62465827)
(114194847.0, 50643962.40852214)
(114281051.0, 83697427.21915092)
(114830111.0, 92139044.15706879)
(115350426.0, 559370870.8428124)
(117000000.0, 91839982.23983988)
(117224271.0, 52859600.33692671)
(117698894.0, 125976132.01898383)
(120081841.0, 102092951.55678265)
(120175290.0, 61731423.09515179)
(120455994.0, 45249564.618563496)
(122126687.0, 62137795.388027534)
(122513057.0, 50941222.68980812)
(123384128.0, 34527129.95118075)
(123726688.0, 96079082.79973996)
(124827316.0, 105071452.62276521)
(126069509.0, 140766113.14576924)
(132180323.0, 58566563.001229756)
(132274484.0, 118972766.01637593)
(132511035.0, 289171066.27700144)
(133821816.0, 121877783.80103327)
(134402450.0, 79025350.94988315)
(135560026.0, 74519741.64665186)
(136267476.0, 60472844.66334412)
(136836156.0, 65169146.67949556)
(138259062.0, 117140002.45001042)
(142851197.0, 123072317.75178747)
(143695338.0, 103225676.35524723)
(145000000.0, 43546939.866718374)
(149281606.0, 57397336.66033024)
(149295601.0, 181062425.1923444)
(150166126.0, 161566155.8429504)
(150483765.0, 121627010.41577052)
(150680864.0, 209133064.34544483)
(151119219.0, 93897319.30509514)
(152930623.0, 216841118.04140314)
(155545279.0, 99763049.43922281)
(156844753.0, 124598306.53443703)
(157887643.0, 132408211.59661396)
(158162788.0, 183118648.64013427)
(159291809.0, 77906413.94192268)
(160602194.0, 180207936.32966793)
(162839667.0, 101352792.21368863)
(162945894.0, 67375898.4034799)
(162966177.0, 95946768.58149312)
(163403799.0, 92008544.18273033)
(163442937.0, 200975456.89862955)
(164602163.0, 407623673.24476975)
(165478348.0, 47544412.29775336)
(167805466.0, 252454590.77357543)
(168167691.0, 137712823.3641338)
(171844840.0, 128147390.89519046)
(174578751.0, 93123794.54909553)
(177243185.0, 60292327.143011816)
(183018522.0, 227462154.64460823)
(184376254.0, 128482817.28429776)
(185770160.0, 334423911.9520113)
(188441614.0, 107733687.45749252)
(192330738.0, 135289640.12100762)
(193355800.0, 93625339.36824667)
(193677158.0, 93648605.46562153)
(195735876.0, 616386920.5641971)
(196114570.0, 96828741.71859309)
(197309027.0, 205494296.8132485)
(200276000.0, 78914179.9035329)
(201596308.0, 316483799.5358992)
(203427584.0, 161218589.64750615)
(205298907.0, 112054887.9437682)
(205366737.0, 329046184.7253252)
(205738714.0, 119851684.59403469)
(212902372.0, 186164930.286212)
(216485654.0, 125344741.42127459)
(216972543.0, 150620270.65288404)
(219076518.0, 107633580.09789921)
(219851172.0, 211888042.6987057)
(224920315.0, 103280380.04437317)
(226497209.0, 191550854.13292086)
(226904017.0, 206353549.3830472)
(228738393.0, 328339382.0601105)
(229147509.0, 185514380.91049105)
(234989584.0, 222737638.23154855)
(237382724.0, 284404616.7532971)
(237681299.0, 136184873.73957986)
(242988466.0, 406155039.63514465)
(244082376.0, 102124562.42192599)
(246233113.0, 376931784.8876877)
(249288105.0, 153621741.03911337)
(254455986.0, 253672220.48441413)
(260095987.0, 114364217.6261766)
(266465037.0, 279519043.77941614)
(268031828.0, 386695325.8012373)
(274470394.0, 218451193.45656422)
(276572938.0, 299510901.7742398)
(282570682.0, 312944344.1602563)
(287594577.0, 303512752.5643562)
(289847354.0, 233025620.97357917)
(292817841.0, 319970695.21499217)
(293329073.0, 282378440.89626586)
(295238201.0, 416970202.5796739)
(299370084.0, 393403966.0833179)
(306941670.0, 403529371.2900425)
(310650585.0, 283490912.90748906)
(311312624.0, 82100918.16465497)
(312573423.0, 221622532.30089733)
(317375031.0, 116285229.90178265)
(318000141.0, 79998494.11329314)
(320170008.0, 379104735.45708627)
(321887208.0, 256317271.38310435)
(331926147.0, 415456882.5306151)
(334901337.0, 242981397.6229993)
(347434178.0, 494592021.3772657)
(349424282.0, 375120891.61240757)
(349779543.0, 404487369.4806816)
(356613439.0, 322479829.65765774)
(370541256.0, 419517068.11599153)
(370569774.0, 465096867.6595024)
(377910544.0, 531341890.81664544)
(381509870.0, 587688383.0793564)
(403170142.0, 363512345.9533253)
(413106170.0, 308224644.12691486)
(415440673.0, 370386106.9148431)
(422610419.0, 82895206.92326187)
(433677183.0, 285896075.5980495)
(449326618.0, 389989362.7151208)
(459270619.0, 160380597.9063082)
(459359555.0, 275330003.1541544)
(470490832.0, 539036177.1855118)
(471222889.0, 586970377.8025838)
(519311965.0, 484926338.604764)
(521170825.0, 1096094313.1260633)
(527068851.0, 304175076.9614082)
(531865000.0, 518496008.0491308)
(532950503.0, 449524042.8330466)
(543934787.0, 331863823.14067477)
(563749323.0, 534872104.1540581)
(585349010.0, 221173815.01685184)
(599045960.0, 588816957.005769)
(660940780.0, 499202627.75445366)
(675120017.0, 1045279440.9466711)
(682330139.0, 589270413.0555296)
(694713380.0, 351968436.41496396)
(709709780.0, 900638637.2690969)
(709827462.0, 689546797.7227281)
(743559607.0, 1027024244.2960421)
(752215857.0, 1060304441.5819721)
(767820459.0, 369303640.59273624)
(769653595.0, 581315855.1328617)
(773328629.0, 1237177688.0642068)
(873260194.0, 589904112.2879721)
(877244782.0, 994743220.7134405)
(961000000.0, 957460839.6089916)
(970761885.0, 599984557.8736655)
(1506249360.0, 1050005956.0519134)
(1519557910.0, 1447429794.2269344)
