(5000000.0, 35075238.865002684)
(5024782.0, 16143058.502946388)
(5364858.0, 42023489.21249829)
(5476793.0, 119478428.80969152)
(5496951.0, 14580249.923614934)
(5530764.0, 39116191.48139952)
(5728213.0, 14611227.804910796)
(5837674.0, 132932541.65494582)
(6110000.0, 16932519.995325297)
(6230276.0, 22525954.880606644)
(6294161.0, 46352686.135255076)
(6405245.0, 6674675.908709421)
(6420319.0, 61733209.81270003)
(6814789.0, 28374612.24763536)
(6854611.0, 14451176.8889127)
(6928068.0, 33012083.0579245)
(7000000.0, 30503804.461523566)
(7002261.0, 96774805.63975324)
(7022728.0, 19121140.248845927)
(7938872.0, 20941662.25306249)
(8138788.0, 106127415.12691098)
(8220215.0, 95969503.24894625)
(8371085.0, 71313180.17679967)
(8454301.0, 115254617.0013372)
(8459458.0, 39086725.69408523)
(8784318.0, 114907708.44695039)
(8936663.0, 16221028.281290015)
(9455232.0, -74501.83984221159)
(9489829.0, 52816765.199235596)
(9494789.0, 128914917.32073013)
(9500000.0, 38278266.207567625)
(9622846.0, 39089375.5752464)
(9627492.0, 130981927.62599626)
(10126458.0, 5101152.988221047)
(10130000.0, 25225396.707706444)
(10178331.0, 23904998.588146478)
(10337387.0, 11243114.91063013)
(10429707.0, 25293062.167358737)
(10589102.0, 45091992.468074635)
(10629321.0, 13180604.722358283)
(11110975.0, 44273257.615769766)
(11125849.0, 24439934.07724826)
(11301649.0, 35967798.59015761)
(11417362.0, 68285816.17563297)
(11947954.0, 22575618.290965702)
(12077441.0, 56945630.53626121)
(12314651.0, 80593304.77589661)
(12400000.0, 69984968.07579935)
(13092000.0, 35085674.8565232)
(13196245.0, 20582643.99472526)
(14000000.0, 261463023.32869244)
(14348529.0, 29216367.715284918)
(14431253.0, 140348369.3214194)
(15008161.0, 29837301.911731604)
(15395087.0, 120618270.6048829)
(15478800.0, 114825851.72484848)
(15520023.0, 82588397.73870967)
(16374328.0, 158574286.7400972)
(16566240.0, 26082863.15411378)
(16700000.0, 24089316.965219818)
(16800000.0, 41688382.64996216)
(16930884.0, 107440137.9639886)
(17000000.0, 8675563.21945266)
(17137302.0, 42720351.26751604)
(17273593.0, 17628446.966565408)
(17425000.0, 48856190.85215895)
(17500000.0, 4864715.789580448)
(17508518.0, 34899748.38494469)
(17511906.0, 23459212.98316017)
(17752940.0, 45456681.28994628)
(17869048.0, 120555979.10593164)
(17872796.0, 27789365.007248428)
(17986781.0, 31299682.95965835)
(18124262.0, 155782377.38960138)
(18662027.0, 116670106.96815084)
(19255873.0, 44865977.6075531)
(19422261.0, 125390345.03868417)
(19839492.0, 25344997.19559792)
(20275812.0, 57118949.52229942)
(20645327.0, 48956935.11073366)
(21107746.0, 11636078.945072902)
(21409028.0, 19192836.143204864)
(21510851.0, 118483541.25909899)
(21834845.0, 40142054.01136427)
(22211426.0, 115871484.52612494)
(22222308.0, 25699484.786053862)
(22456509.0, 22821115.25727029)
(22939027.0, 6113531.283594803)
(23057115.0, 80586404.28132917)
(23081726.0, 41508238.18519366)
(24159934.0, 47681995.33605446)
(25345000.0, 2656496.127554728)
(25562924.0, 82096199.7489281)
(26527510.0, 15885596.153612139)
(27409889.0, 96197702.49783947)
(27437881.0, 130901948.64845414)
(28931401.0, 197694761.73357442)
(28972508.0, 113733477.09654774)
(29000000.0, 35525163.666319884)
(29922472.0, 149944849.0478036)
(30127963.0, 65838769.742806)
(30353232.0, 37345275.54490627)
(30448000.0, 42246208.184714355)
(31070211.0, 143620624.32277423)
(31430334.0, 17139318.35978052)
(31556061.0, 72989071.54633887)
(31724284.0, 42849734.3415683)
(32204030.0, 13507058.201732032)
(32248241.0, 67531619.98313192)
(32556119.0, 141025372.4151428)
(32935319.0, 39720330.60065125)
(33333531.0, 133350982.55477808)
(33456317.0, 25721452.01716585)
(34077920.0, 15181215.532264492)
(34742066.0, 205831437.8640636)
(34854990.0, 38478120.08338664)
(34942188.0, 52753872.016823135)
(35097815.0, 27899157.304763496)
(35287788.0, 71900482.80298951)
(35401758.0, 25212988.08058508)
(35485056.0, 53849687.6684896)
(36160375.0, 31386950.37717587)
(36620508.0, 17151401.66205767)
(36893721.0, 87408669.57744698)
(36993168.0, 62718998.37387922)
(37311672.0, 25419022.922985405)
(38085778.0, 63919081.6998136)
(38399961.0, 88649441.72067991)
(38502340.0, 46439541.315791614)
(38629478.0, 182399485.7908316)
(39031337.0, 88255869.21774608)
(39171130.0, 15822413.282855967)
(39187783.0, 21122356.309112374)
(39300000.0, 76004465.1441082)
(39462438.0, 7650746.105299754)
(40100000.0, 3116726.366625176)
(40423945.0, 126974817.33586264)
(40492759.0, 98019219.22954993)
(40828540.0, 55909608.25924461)
(41170784.0, 22981433.57658982)
(41296320.0, 76073003.69453353)
(41596251.0, 47913442.15675146)
(41819064.0, 144041719.46810618)
(42045846.0, 10821342.313047031)
(44030246.0, 41245675.66893172)
(44907260.0, 87223609.40839058)
(45300000.0, -6806117.091668023)
(46152800.0, 20918812.15078708)
(46216641.0, 49246580.02672271)
(46243000.0, 15334267.159222089)
(46471023.0, 46463454.738595374)
(47042000.0, 52626049.72570426)
(47088990.0, 52876655.943062164)
(47801389.0, 32745981.383664157)
(48065672.0, 96694021.65542357)
(49111202.0, 55314623.08120838)
(50877145.0, 68086749.9660933)
(50907234.0, 60737640.519198924)
(52099090.0, 84299486.37547955)
(52302796.0, 27979358.49598524)
(52424533.0, 67251045.0567518)
(52501541.0, 39252331.67590503)
(52597999.0, 112726947.90537402)
(53181600.0, 84155604.36395337)
(53191886.0, 40238888.25734257)
(53825515.0, 123177538.19365759)
(53830415.0, 40823658.12010171)
(53909751.0, 60615563.82143854)
(54674226.0, 35108080.94861259)
(54837234.0, 59126517.862137526)
(55112356.0, 63958199.01270253)
(55969000.0, 173684001.017321)
(56309766.0, 53001508.40995659)
(57096190.0, 28777693.43241115)
(57103895.0, 45904240.59510371)
(57231524.0, 81104413.12902123)
(57777106.0, 120579482.24601406)
(59520298.0, 40806157.0992255)
(59901913.0, 20494937.887861215)
(60072596.0, 51974740.63853482)
(60474340.0, 47644323.388759956)
(60722734.0, 109024432.41754957)
(60965854.0, 122141176.89272125)
(61112916.0, 64532365.07672895)
(61458982.0, 152714756.94546977)
(62022014.0, 120257151.86282513)
(62357900.0, 26313006.32601165)
(63013281.0, 346725774.00929123)
(63800345.0, 106606010.12106666)
(63833449.0, 74941811.5975783)
(64626786.0, 125676168.81520309)
(65663276.0, 561454367.1178305)
(65664721.0, 19047591.22816932)
(66486080.0, 38892792.49802212)
(66787908.0, 65547746.619226046)
(66966987.0, 75834857.48023456)
(67347013.0, 86604832.02311079)
(68263166.0, 29441461.950129595)
(68369434.0, 126380947.54523927)
(68572378.0, 39573107.66093724)
(68729358.0, 125676635.88317305)
(68896829.0, 98454731.16225868)
(69411370.0, 69339847.91353245)
(70016220.0, 80843323.59591419)
(71625195.0, 50167643.84494887)
(71664962.0, 31466902.020974733)
(72417394.0, 45501514.84245971)
(72778712.0, 17327889.35617579)
(73276047.0, 70206961.90374497)
(73762516.0, 78239834.44114882)
(74237563.0, 89281790.45253764)
(74597643.0, 1242554.1346326887)
(74901339.0, 258949767.61404288)
(75450437.0, 75208677.03831305)
(75700498.0, 41031054.33155855)
(77000000.0, 53570532.993438065)
(78054825.0, 27019144.84035679)
(78874843.0, 54745353.10749206)
(79700000.0, 66471889.67395644)
(80383290.0, 128848815.3789724)
(80573774.0, 169124476.2965155)
(81272766.0, 43248399.43800229)
(82087155.0, 105366853.23809178)
(82394288.0, 119193553.40535438)
(82966152.0, 243904567.18618634)
(83719388.0, 170931784.12978372)
(84606030.0, 74546697.20618518)
(85412898.0, 32120268.4479248)
(86362372.0, 28477212.233326558)
(86658558.0, 75614825.92990425)
(86865564.0, 6618170.181568319)
(88489643.0, 70859262.78516056)
(90565421.0, 315074.77359748713)
(91353501.0, 108507307.24883744)
(91636986.0, 109849117.54948969)
(92219310.0, 73314170.1320461)
(92601050.0, 128032036.06245872)
(93282604.0, 38571578.251151815)
(93525586.0, 78223126.83473445)
(93617009.0, 40510226.29375881)
(95000000.0, 135741923.66293544)
(95311434.0, 79290777.83486022)
(95404397.0, 49015438.5200491)
(97138686.0, 160027847.01950216)
(97437106.0, 254110868.4069192)
(98337295.0, 195358914.2563277)
(98450062.0, -1307253.5542045098)
(99067206.0, 22697152.63593198)
(99965753.0, 117433497.80336909)
(100076342.0, 81708075.91254236)
(100525432.0, 109375974.27733372)
(101332962.0, 53903410.618422866)
(102391382.0, 42175429.64194485)
(104945765.0, 171345579.15783134)
(107597242.0, 88095679.73073879)
(107944236.0, 291570422.45087063)
(108145109.0, 320273300.9790133)
(108286421.0, 41229229.1702964)
(109676311.0, 74393783.85999939)
(110206216.0, 266900068.90106627)
(111231041.0, 99721949.33137307)
(111340801.0, 62583411.457211636)
(113020255.0, 129021350.48633377)
(113280098.0, 152802310.33037353)
(113857533.0, 134759665.6182902)
(114156230.0, 79036054.32111509)
(114194847.0, 46196606.827631235)
(114281051.0, 128049207.42098382)
(114830111.0, 98675498.9667365)
(115350426.0, 557193710.7267123)
(117000000.0, 128932454.90378538)
(117224271.0, -7741996.572060816)
(117698894.0, 247287560.8112961)
(120081841.0, 81798408.88325262)
(120175290.0, 28295149.23319539)
(120455994.0, 54179867.11213608)
(122126687.0, 29156748.39223787)
(122513057.0, 16054187.407522941)
(123384128.0, 60372110.270728506)
(123726688.0, 95201942.71799493)
(124827316.0, 54252010.904639915)
(126069509.0, 137969623.47364116)
(132180323.0, 171436591.9313189)
(132274484.0, 193305975.50137386)
(132511035.0, 285999134.5956198)
(133821816.0, 71763340.04320574)
(134402450.0, 146167747.84479633)
(135560026.0, 218013440.630675)
(136267476.0, 40349155.91040441)
(136836156.0, 97888656.24075083)
(138259062.0, 126339250.43635517)
(142851197.0, 112829664.81911446)
(143695338.0, 212250737.3983326)
(145000000.0, 24736714.154588506)
(149281606.0, 33821588.42504497)
(149295601.0, 200065766.41779736)
(150166126.0, 161317971.09168848)
(150483765.0, 114387099.33116482)
(150680864.0, 249113916.433933)
(151119219.0, 77889929.80194154)
(152930623.0, 190926822.54840764)
(155545279.0, 10267019.764901536)
(156844753.0, 146763617.4560744)
(157887643.0, 135836509.69251418)
(158162788.0, 90548805.26027684)
(159291809.0, 77009033.70167857)
(160602194.0, 213454896.88851038)
(162839667.0, 109313047.3740749)
(162945894.0, 121403969.25131924)
(162966177.0, 86947015.39264804)
(163403799.0, 67050784.82269312)
(163442937.0, 213399397.83835626)
(164602163.0, 626988497.5412998)
(165478348.0, 21499502.203008838)
(167805466.0, 283494281.11762094)
(168167691.0, 208723826.75313312)
(171844840.0, 219136498.69821882)
(174578751.0, 19422898.33251438)
(177243185.0, 33962838.26536515)
(183018522.0, 400003022.4196843)
(184376254.0, 175368143.4186838)
(185770160.0, 360023584.8397777)
(188441614.0, 145223698.02138975)
(192330738.0, 181431175.55121112)
(193355800.0, 113346707.54496723)
(193677158.0, 88406689.28826277)
(195735876.0, 723372286.677853)
(196114570.0, 122970784.66835019)
(197309027.0, 215176980.77133122)
(200276000.0, 55012477.07978344)
(201596308.0, 302612058.73117876)
(203427584.0, 170972628.64763668)
(205298907.0, 87175604.97894529)
(205366737.0, 372294307.1473081)
(205738714.0, 95964487.27158746)
(212902372.0, 263989620.15535763)
(216485654.0, 166800279.3590354)
(216972543.0, 172411086.90612835)
(219076518.0, 179052524.30813628)
(219851172.0, 117334763.34575747)
(224920315.0, 96402498.11012731)
(226497209.0, 242925492.40804705)
(226904017.0, 159593862.30995825)
(228738393.0, 306809632.1903718)
(229147509.0, 274386285.3753654)
(234989584.0, 281349897.48068756)
(237382724.0, 295829498.2856155)
(237681299.0, 182790023.4942656)
(242988466.0, 597956604.9030603)
(244082376.0, 100502677.84015495)
(246233113.0, 303188238.4024894)
(249288105.0, 191085597.99765918)
(254455986.0, 146042049.13733593)
(260095987.0, 118542991.30261706)
(266465037.0, 473072781.9884401)
(268031828.0, 648384803.1744072)
(274470394.0, 278658645.95465285)
(276572938.0, 202221538.3071452)
(282570682.0, 30290069.73703406)
(287594577.0, 356295035.01544666)
(289847354.0, 234240421.07842255)
(292817841.0, 218259790.55863553)
(293329073.0, 271067811.9286389)
(295238201.0, 309007012.44881743)
(299370084.0, 483152748.2761393)
(306941670.0, 127417030.47031906)
(310650585.0, 180593835.04109713)
(311312624.0, 196114595.40322435)
(312573423.0, 232081619.92631945)
(317375031.0, 181948908.73361573)
(318000141.0, 97584272.0407096)
(320170008.0, 490713163.0368596)
(321887208.0, 246965655.12809226)
(331926147.0, 451561150.3853103)
(334901337.0, 321152297.1403554)
(347434178.0, 580256487.3686779)
(349424282.0, 394117167.1945939)
(349779543.0, 328467655.09349704)
(356613439.0, 400746332.87740195)
(370541256.0, 402544636.1411069)
(370569774.0, 571032490.4771475)
(377910544.0, 547292244.6845165)
(381509870.0, 592746615.3347905)
(403170142.0, 284389936.9753648)
(413106170.0, 326843335.05698645)
(415440673.0, 381768745.3759887)
(422610419.0, 131146257.21457352)
(433677183.0, 455052061.33604634)
(449326618.0, 438067591.26324964)
(459270619.0, 66332684.41414935)
(459359555.0, 681317575.679474)
(470490832.0, 381535202.6175944)
(471222889.0, 564804874.8111427)
(519311965.0, 591522566.033854)
(521170825.0, 1177602110.0196795)
(527068851.0, 199168123.64379114)
(531865000.0, 773856707.8004661)
(532950503.0, 594411635.6380601)
(543934787.0, 190472658.41657177)
(563749323.0, 595025692.1790665)
(585349010.0, 305823311.25175565)
(599045960.0, 160926525.4562802)
(660940780.0, 480253925.97115475)
(675120017.0, 944259954.1870575)
(682330139.0, 852954313.0947444)
(694713380.0, 384417070.65114975)
(709709780.0, 1134883551.1677074)
(709827462.0, 613484634.2994124)
(743559607.0, 1064947973.2081013)
(752215857.0, 1149616409.306562)
(767820459.0, 619829688.2345201)
(769653595.0, 618916840.0025887)
(773328629.0, 1261424756.8540077)
(873260194.0, 716803631.6302006)
(877244782.0, 1140666654.0469596)
(961000000.0, 985045641.4773118)
(970761885.0, 1167116792.4008453)
(1506249360.0, 1162144481.2872982)
(1519557910.0, 1309470884.6890047)
