(5000000.0, 73796525.44186583)
(5024782.0, 65525367.6765752)
(5364858.0, 83143749.26257262)
(5476793.0, 74622287.20109403)
(5496951.0, 74217325.82208048)
(5530764.0, 74018823.81345853)
(5728213.0, 73413731.24545453)
(5837674.0, 85257240.3727723)
(6110000.0, 100563803.59779967)
(6230276.0, 73174954.4498735)
(6294161.0, 91016497.71267512)
(6405245.0, 83238754.8913376)
(6420319.0, 70122577.63957167)
(6814789.0, 97033248.06031166)
(6854611.0, 67711351.46595933)
(6928068.0, 67844500.81363325)
(7000000.0, 90275752.71013226)
(7002261.0, 74039975.66139503)
(7022728.0, 65773370.35453347)
(7938872.0, 70090258.71555297)
(8138788.0, 87967972.21593948)
(8220215.0, 86051506.1963354)
(8371085.0, 65751900.49527522)
(8454301.0, 74600925.79961672)
(8459458.0, 65557720.9253415)
(8784318.0, 81783634.0924664)
(8936663.0, 176794549.9832564)
(9455232.0, 85993115.80021206)
(9489829.0, 106436230.1301902)
(9494789.0, 104030168.33351468)
(9500000.0, 89009206.71413901)
(9622846.0, 69573952.78905663)
(9627492.0, 90318651.54991929)
(10126458.0, 76412610.60600019)
(10130000.0, 74594873.94798103)
(10178331.0, 63958565.051576)
(10337387.0, 67404856.39948404)
(10429707.0, 74716171.97536701)
(10589102.0, 65373093.43549107)
(10629321.0, 76395665.47237441)
(11110975.0, 71628904.47068074)
(11125849.0, 65995992.892826095)
(11301649.0, 78802483.114656)
(11417362.0, 76548353.85157469)
(11947954.0, 74008131.25478764)
(12077441.0, 69470245.3449623)
(12314651.0, 78425594.303813)
(12400000.0, 104305582.68487717)
(13092000.0, 85235397.64908579)
(13196245.0, 71188434.61048856)
(14000000.0, 117835037.3396076)
(14348529.0, 70485575.47258206)
(14431253.0, 89278057.39939183)
(15008161.0, 78491263.71930912)
(15395087.0, 91449155.24312206)
(15478800.0, 72135429.98599675)
(15520023.0, 73398752.83336017)
(16374328.0, 82275298.04823777)
(16566240.0, 67118324.15322776)
(16700000.0, 80391436.47364944)
(16800000.0, 68073212.62421052)
(16930884.0, 75000050.3402268)
(17000000.0, 61965494.27426313)
(17137302.0, 85209697.75668356)
(17273593.0, 67375348.51608802)
(17425000.0, 98037226.21600375)
(17500000.0, 72048574.47705331)
(17508518.0, 89014528.53113012)
(17511906.0, 64189640.76372997)
(17752940.0, 121142323.74177845)
(17869048.0, 140353847.91659528)
(17872796.0, 62293438.69435529)
(17986781.0, 68927698.9778293)
(18124262.0, 82425416.29254194)
(18662027.0, 212649543.44445884)
(19255873.0, 69999158.57979041)
(19422261.0, 90947675.14730966)
(19839492.0, 61928181.927843034)
(20275812.0, 69191157.96700358)
(20645327.0, 93156443.34009495)
(21107746.0, 85288198.97108184)
(21409028.0, 85026151.50439657)
(21510851.0, 76781616.29740454)
(21834845.0, 96579550.51432346)
(22211426.0, 98431340.19775034)
(22222308.0, 80728964.73544016)
(22456509.0, 73491574.4950113)
(22939027.0, 67759359.13513224)
(23057115.0, 92028843.26616597)
(23081726.0, 73743265.7597883)
(24159934.0, 88640608.7490621)
(25345000.0, 101394071.27421439)
(25562924.0, 71758893.58263764)
(26527510.0, 86952509.19400097)
(27409889.0, 93949250.1597031)
(27437881.0, 94529512.02479997)
(28931401.0, 123582116.79472268)
(28972508.0, 87290450.1657742)
(29000000.0, 71597516.33389778)
(29922472.0, 88503645.72570677)
(30127963.0, 70540051.6196057)
(30353232.0, 100045731.15337999)
(30448000.0, 68409541.9319705)
(31070211.0, 98416143.030242)
(31430334.0, 64755661.76921338)
(31556061.0, 78639190.03847188)
(31724284.0, 79444476.18709274)
(32204030.0, 97058002.76138029)
(32248241.0, 98778617.60569814)
(32556119.0, 96330929.5827359)
(32935319.0, 69472010.2052918)
(33333531.0, 78179671.99999079)
(33456317.0, 67934730.39914593)
(34077920.0, 70953449.99862604)
(34742066.0, 79388317.32369527)
(34854990.0, 71215506.09166041)
(34942188.0, 75212305.61425874)
(35097815.0, 71188434.61048856)
(35287788.0, 119752368.15465024)
(35401758.0, 70448343.906099)
(35485056.0, 68089420.62834486)
(36160375.0, 74183902.11579105)
(36620508.0, 71188434.61048856)
(36893721.0, 96518580.22277497)
(36993168.0, 87694373.76253606)
(37311672.0, 83203124.0763099)
(38085778.0, 150132108.91563904)
(38399961.0, 83006756.19855492)
(38502340.0, 88144022.1534526)
(38629478.0, 151482176.75591055)
(39031337.0, 111414082.77640605)
(39171130.0, 74240008.18240038)
(39187783.0, 71943621.37030794)
(39300000.0, 111788455.74446383)
(39462438.0, 65579137.03303534)
(40100000.0, 74087148.37797664)
(40423945.0, 90178884.37020978)
(40492759.0, 88232716.8217837)
(40828540.0, 127418952.44541292)
(41170784.0, 65056215.379029974)
(41296320.0, 70540051.6196057)
(41596251.0, 72846484.46229973)
(41819064.0, 117072429.9203349)
(42045846.0, 79626645.24718715)
(44030246.0, 76011231.46036884)
(44907260.0, 92978836.61189626)
(45300000.0, 192075488.4732595)
(46152800.0, 105302521.07531002)
(46216641.0, 92774996.41639712)
(46243000.0, 68482783.25001884)
(46471023.0, 107012741.65449837)
(47042000.0, 95681001.0701105)
(47088990.0, 76263761.00434266)
(47801389.0, 80592139.33737694)
(48065672.0, 77200996.82345727)
(49111202.0, 82412411.12784602)
(50877145.0, 113090916.17313465)
(50907234.0, 88354800.60675135)
(52099090.0, 148669246.86418134)
(52302796.0, 73163104.50743753)
(52424533.0, 97490376.2667637)
(52501541.0, 69228252.58764592)
(52597999.0, 86023417.29960117)
(53181600.0, 76920129.34367159)
(53191886.0, 65318503.115241006)
(53825515.0, 160426447.80953082)
(53830415.0, 80570987.77446541)
(53909751.0, 98221243.84294091)
(54674226.0, 104993707.93472508)
(54837234.0, 75016725.58518364)
(55112356.0, 94086087.15696642)
(55969000.0, 104277833.06555937)
(56309766.0, 66927954.027236685)
(57096190.0, 69956865.5610805)
(57103895.0, 77132890.91411142)
(57231524.0, 80417454.71115398)
(57777106.0, 133029845.29246445)
(59520298.0, 68011905.07577592)
(59901913.0, 84577187.9271387)
(60072596.0, 74938956.80475399)
(60474340.0, 92839972.42547318)
(60722734.0, 80897563.42316876)
(60965854.0, 106180358.79966584)
(61112916.0, 90956524.07770118)
(61458982.0, 122285229.66988143)
(62022014.0, 87497977.3838589)
(62357900.0, 119734059.24851584)
(63013281.0, 91580389.83548865)
(63800345.0, 131357860.01450253)
(63833449.0, 79892965.20662123)
(64626786.0, 92394011.2536169)
(65663276.0, 290175065.5976653)
(65664721.0, 117471578.06096713)
(66486080.0, 145006359.7434166)
(66787908.0, 70922846.44165877)
(66966987.0, 71681919.14705016)
(67347013.0, 102474609.9507824)
(68263166.0, 68011905.07577592)
(68369434.0, 72665702.74213809)
(68572378.0, 74776688.86539134)
(68729358.0, 92242581.37351272)
(68896829.0, 83096312.94748597)
(69411370.0, 114081567.43177256)
(70016220.0, 110013681.47558251)
(71625195.0, 75264104.71002729)
(71664962.0, 113910940.08311827)
(72417394.0, 74445750.61682363)
(72778712.0, 77868747.36773598)
(73276047.0, 80728964.73544016)
(73762516.0, 108150971.30201814)
(74237563.0, 104727892.40410301)
(74597643.0, 153833861.09391657)
(74901339.0, 152683311.10826957)
(75450437.0, 103316618.3775557)
(75700498.0, 74088501.83127306)
(77000000.0, 97465326.90737358)
(78054825.0, 78980883.92781328)
(78874843.0, 81093923.44951145)
(79700000.0, 101364143.2778923)
(80383290.0, 120933886.46126685)
(80573774.0, 97741126.90152106)
(81272766.0, 91807595.3026927)
(82087155.0, 119262651.07809412)
(82394288.0, 81055503.52652258)
(82966152.0, 110001001.42902732)
(83719388.0, 93515804.26954421)
(84606030.0, 81359472.8718917)
(85412898.0, 83769874.49083969)
(86362372.0, 76153769.0396323)
(86658558.0, 116334550.17853203)
(86865564.0, 92164150.34682688)
(88489643.0, 63761011.732540116)
(90565421.0, 137368232.3013094)
(91353501.0, 207108304.3967076)
(91636986.0, 93499390.11415574)
(92219310.0, 96720410.06633478)
(92601050.0, 92812766.8732917)
(93282604.0, 94872214.8675836)
(93525586.0, 116306801.45859632)
(93617009.0, 85384461.15895726)
(95000000.0, 106118651.77063356)
(95311434.0, 149980042.75658673)
(95404397.0, 89028940.9366855)
(97138686.0, 90987160.21225926)
(97437106.0, 253488255.44663316)
(98337295.0, 123261444.42678824)
(98450062.0, 79899639.46336171)
(99067206.0, 70795717.30328852)
(99965753.0, 78607108.50232296)
(100076342.0, 157555918.55938798)
(100525432.0, 90026401.67632453)
(101332962.0, 70820903.85789391)
(102391382.0, 71556329.23568943)
(104945765.0, 187509437.3689952)
(107597242.0, 113424477.03240469)
(107944236.0, 203114616.66301143)
(108145109.0, 202600853.4100483)
(108286421.0, 72861210.8862575)
(109676311.0, 96827458.7604041)
(110206216.0, 106362746.99688487)
(111231041.0, 161945917.7081757)
(111340801.0, 115125464.43908699)
(113020255.0, 109256846.88649538)
(113280098.0, 120908502.04695868)
(113857533.0, 72156879.37720864)
(114156230.0, 104262495.94754735)
(114194847.0, 82376339.70590505)
(114281051.0, 77866928.80900043)
(114830111.0, 82888955.49986884)
(115350426.0, 151781279.17447892)
(117000000.0, 89714930.1553672)
(117224271.0, 86144745.70173424)
(117698894.0, 134320854.4135815)
(120081841.0, 98128595.67381097)
(120175290.0, 86130270.79269175)
(120455994.0, 89118340.86477904)
(122126687.0, 87511584.51870768)
(122513057.0, 74097079.05168243)
(123384128.0, 65570917.69335238)
(123726688.0, 85668497.39963451)
(124827316.0, 120023987.56493327)
(126069509.0, 107161224.32214892)
(132180323.0, 112957203.33384833)
(132274484.0, 158216147.16821954)
(132511035.0, 170131803.64513215)
(133821816.0, 125508071.0602477)
(134402450.0, 80071576.07373214)
(135560026.0, 130424030.0054725)
(136267476.0, 73475508.0596901)
(136836156.0, 87293027.37010247)
(138259062.0, 104975695.14922222)
(142851197.0, 94548623.72731389)
(143695338.0, 201240532.54377523)
(145000000.0, 72861572.99888805)
(149281606.0, 95072603.1742053)
(149295601.0, 108021941.60156998)
(150166126.0, 140031687.27409348)
(150483765.0, 91920105.84385231)
(150680864.0, 272833062.10595703)
(151119219.0, 105310093.09968297)
(152930623.0, 153313082.50731492)
(155545279.0, 91733654.08892706)
(156844753.0, 88353990.68077162)
(157887643.0, 99618115.51529703)
(158162788.0, 121761801.54049242)
(159291809.0, 76238869.78493203)
(160602194.0, 132800827.84246945)
(162839667.0, 184765384.99720013)
(162945894.0, 105800599.8190086)
(162966177.0, 128554356.68464355)
(163403799.0, 106923765.63346222)
(163442937.0, 131184755.80312276)
(164602163.0, 413918390.9300184)
(165478348.0, 148525359.6927687)
(167805466.0, 177264927.42507616)
(168167691.0, 110937281.78979576)
(171844840.0, 124406369.88933615)
(174578751.0, 194920008.85833728)
(177243185.0, 68967999.78633603)
(183018522.0, 234128600.39489517)
(184376254.0, 101312744.35604642)
(185770160.0, 328004931.35751456)
(188441614.0, 110876952.28201425)
(192330738.0, 138104548.4448335)
(193355800.0, 79162467.43364424)
(193677158.0, 163470066.74232382)
(195735876.0, 557156039.5873744)
(196114570.0, 80735013.36355282)
(197309027.0, 242248301.95230627)
(200276000.0, 120716449.13777046)
(201596308.0, 199137771.37282592)
(203427584.0, 140514267.56276664)
(205298907.0, 104697461.26941755)
(205366737.0, 277178150.9075252)
(205738714.0, 83166516.02116776)
(212902372.0, 145663506.40784296)
(216485654.0, 105942375.62017055)
(216972543.0, 126578892.373005)
(219076518.0, 86387746.33321539)
(219851172.0, 335129367.74232113)
(224920315.0, 89215288.83082196)
(226497209.0, 200559002.12066072)
(226904017.0, 174507597.82908958)
(228738393.0, 229059863.56158257)
(229147509.0, 240179415.68878618)
(234989584.0, 115548847.79933023)
(237382724.0, 227232380.75822082)
(237681299.0, 141951206.32937714)
(242988466.0, 336549316.2753555)
(244082376.0, 141097937.35069174)
(246233113.0, 281468017.7003824)
(249288105.0, 230179663.35459352)
(254455986.0, 188902831.67368558)
(260095987.0, 100864203.46587518)
(266465037.0, 271890625.5422334)
(268031828.0, 306996700.0777081)
(274470394.0, 173627701.00025293)
(276572938.0, 239584869.5895527)
(282570682.0, 291327745.8653673)
(287594577.0, 313950128.9266795)
(289847354.0, 179241468.70706603)
(292817841.0, 320939100.8959132)
(293329073.0, 232405912.60976553)
(295238201.0, 302541680.1334744)
(299370084.0, 418546314.0069879)
(306941670.0, 366591762.76229924)
(310650585.0, 202912474.06963652)
(311312624.0, 134374862.00042558)
(312573423.0, 210471976.88772833)
(317375031.0, 96144894.37000862)
(318000141.0, 99612533.59574091)
(320170008.0, 130799490.4470106)
(321887208.0, 291273034.1331626)
(331926147.0, 419377217.6266896)
(334901337.0, 256619125.107508)
(347434178.0, 309525727.99230784)
(349424282.0, 340246715.0771086)
(349779543.0, 428460846.82704777)
(356613439.0, 293197488.255355)
(370541256.0, 335931520.18236035)
(370569774.0, 462435884.7360824)
(377910544.0, 170980912.58824453)
(381509870.0, 572597183.6703386)
(403170142.0, 323948550.7356492)
(413106170.0, 304481438.7676179)
(415440673.0, 360395335.57741475)
(422610419.0, 179543930.43585315)
(433677183.0, 372858550.5176045)
(449326618.0, 349278391.1989049)
(459270619.0, 161627373.93740955)
(459359555.0, 409405936.9884896)
(470490832.0, 325889721.3336212)
(471222889.0, 455411492.3822338)
(519311965.0, 456543615.45621395)
(521170825.0, 693024739.3226753)
(527068851.0, 209025032.81537774)
(531865000.0, 368297839.99633545)
(532950503.0, 291021653.39130723)
(543934787.0, 321122872.8416334)
(563749323.0, 478476300.1158656)
(585349010.0, 306098263.2834869)
(599045960.0, 394870735.31219965)
(660940780.0, 483874047.5680636)
(675120017.0, 465159938.98991966)
(682330139.0, 497632154.2707243)
(694713380.0, 319316056.79918945)
(709709780.0, 802059927.251866)
(709827462.0, 371732447.99525315)
(743559607.0, 750358836.9734958)
(752215857.0, 922829340.4594107)
(767820459.0, 359927260.2738006)
(769653595.0, 731512209.2252736)
(773328629.0, 923716371.8701584)
(873260194.0, 796720422.7567885)
(877244782.0, 637813493.4328054)
(961000000.0, 978297908.3479798)
(970761885.0, 509968228.9532235)
(1506249360.0, 775153647.3810437)
(1519557910.0, 1027638791.8818624)
