(5000000.0, 70396561.4028479)
(5024782.0, 59439286.22892443)
(5364858.0, 61542643.60293929)
(5476793.0, 62385919.66760419)
(5496951.0, 66938893.320065156)
(5530764.0, 64970775.86679473)
(5728213.0, 61708104.00431323)
(5837674.0, 86570831.4205794)
(6110000.0, 74028480.54573844)
(6230276.0, 64299506.55887256)
(6294161.0, 83818676.03605065)
(6405245.0, 87658423.97791646)
(6420319.0, 62992589.32005475)
(6814789.0, 92075211.19548145)
(6854611.0, 57756139.55431871)
(6928068.0, 60363271.1443032)
(7000000.0, 75819218.00054869)
(7002261.0, 70242064.82262298)
(7022728.0, 59357102.029872164)
(7938872.0, 62287793.25988765)
(8138788.0, 99374255.76520203)
(8220215.0, 98507207.47125134)
(8371085.0, 58401178.09882768)
(8454301.0, 70915439.40925232)
(8459458.0, 61329473.514103666)
(8784318.0, 69476579.04776433)
(8936663.0, 175063155.7022361)
(9455232.0, 88858600.66796218)
(9489829.0, 102177636.70677474)
(9494789.0, 93193725.86040783)
(9500000.0, 92145344.69347121)
(9622846.0, 65286468.8741824)
(9627492.0, 93894695.40176241)
(10126458.0, 70437789.97697629)
(10130000.0, 63695754.972060665)
(10178331.0, 56509220.07600497)
(10337387.0, 57756139.55431871)
(10429707.0, 64041182.80551257)
(10589102.0, 60351945.58670852)
(10629321.0, 63908843.48385455)
(11110975.0, 62121000.6263065)
(11125849.0, 62523115.457420185)
(11301649.0, 62501231.80461685)
(11417362.0, 68079325.88764243)
(11947954.0, 63695754.972060665)
(12077441.0, 59668800.06463437)
(12314651.0, 69453531.48440918)
(12400000.0, 66873608.39587152)
(13092000.0, 86339523.71390851)
(13196245.0, 64663691.19712664)
(14000000.0, 118258167.55547348)
(14348529.0, 60847098.548266925)
(14431253.0, 77210428.01413329)
(15008161.0, 66632817.38865046)
(15395087.0, 102243928.69999671)
(15478800.0, 74056677.34940886)
(15520023.0, 70986196.61860253)
(16374328.0, 75329880.45924634)
(16566240.0, 57756139.55431871)
(16700000.0, 65501073.040434316)
(16800000.0, 62998829.47236433)
(16930884.0, 72760402.72858387)
(17000000.0, 54547127.030529454)
(17137302.0, 82153731.5237666)
(17273593.0, 59266184.91184622)
(17425000.0, 86612680.66862062)
(17500000.0, 69634599.67071958)
(17508518.0, 74725566.76988818)
(17511906.0, 60547710.75354819)
(17752940.0, 133133637.44203062)
(17869048.0, 144727339.73515534)
(17872796.0, 55377512.61016679)
(17986781.0, 58101567.387770616)
(18124262.0, 86344269.68943831)
(18662027.0, 188907813.71191865)
(19255873.0, 61746007.41278008)
(19422261.0, 93922791.0784194)
(19839492.0, 53856367.99124982)
(20275812.0, 60363271.1443032)
(20645327.0, 74026094.15508226)
(21107746.0, 65654207.301719114)
(21409028.0, 87658423.97791646)
(21510851.0, 72805494.01623651)
(21834845.0, 91024449.94997032)
(22211426.0, 84281823.56128998)
(22222308.0, 82057309.27736421)
(22456509.0, 63188303.955358304)
(22939027.0, 60363271.1443032)
(23057115.0, 87689102.54944836)
(23081726.0, 61708104.00431323)
(24159934.0, 74745133.51350747)
(25345000.0, 83227849.97211885)
(25562924.0, 64308750.40696552)
(26527510.0, 92439483.30899243)
(27409889.0, 95247706.97266118)
(27437881.0, 98227550.43018109)
(28931401.0, 126197721.51773062)
(28972508.0, 92766765.6785179)
(29000000.0, 63754618.37460999)
(29922472.0, 93828693.32430011)
(30127963.0, 60708698.97775511)
(30353232.0, 90978548.07513279)
(30448000.0, 59032519.45746336)
(31070211.0, 89244638.03626774)
(31430334.0, 57847056.67234466)
(31556061.0, 75493342.41514961)
(31724284.0, 82473843.17604062)
(32204030.0, 88513599.85917214)
(32248241.0, 102479539.42824437)
(32556119.0, 94350855.53299224)
(32935319.0, 61756261.09650198)
(33333531.0, 74784693.32377258)
(33456317.0, 63229773.61270876)
(34077920.0, 62992589.32005475)
(34742066.0, 75846914.619408)
(34854990.0, 62091435.24623199)
(34942188.0, 66938893.320065156)
(35097815.0, 64156240.18042429)
(35287788.0, 107933628.41650109)
(35401758.0, 62630557.06238309)
(35485056.0, 60363271.1443032)
(36160375.0, 70915439.40925232)
(36620508.0, 64894489.61406491)
(36893721.0, 86695360.35772127)
(36993168.0, 79566450.15287368)
(37311672.0, 90452378.71129955)
(38085778.0, 131702692.92078419)
(38399961.0, 80732082.9387973)
(38502340.0, 90810056.33461916)
(38629478.0, 144328939.29148486)
(39031337.0, 99002527.32158959)
(39171130.0, 72791575.55859606)
(39187783.0, 70051133.56939599)
(39300000.0, 98886879.14465596)
(39462438.0, 58213421.241811015)
(40100000.0, 62872508.35623652)
(40423945.0, 96777518.37040326)
(40492759.0, 97894708.1315853)
(40828540.0, 123661050.03822179)
(41170784.0, 59439286.22892443)
(41296320.0, 60708698.97775511)
(41596251.0, 63378975.413602784)
(41819064.0, 124775807.17352703)
(42045846.0, 83147139.88518831)
(44030246.0, 66164467.83915366)
(44907260.0, 85350527.49771124)
(45300000.0, 162159901.06649336)
(46152800.0, 116287455.39584629)
(46216641.0, 76089966.3735175)
(46243000.0, 61743250.33197141)
(46471023.0, 104022091.60624547)
(47042000.0, 77261270.53199875)
(47088990.0, 61708104.00431323)
(47801389.0, 86212777.56923293)
(48065672.0, 69108103.65095729)
(49111202.0, 85689282.0566499)
(50877145.0, 117013873.20460014)
(50907234.0, 99343398.13234457)
(52099090.0, 154106137.46405667)
(52302796.0, 64857559.51300502)
(52424533.0, 97460857.7955834)
(52501541.0, 60708698.97775511)
(52597999.0, 84651964.03591278)
(53181600.0, 74311802.0296534)
(53191886.0, 61469606.939881004)
(53825515.0, 188081566.0550478)
(53830415.0, 78032461.70102096)
(53909751.0, 104382047.38633803)
(54674226.0, 93695502.79970607)
(54837234.0, 66140863.37879469)
(55112356.0, 97209940.96736993)
(55969000.0, 111235422.81640553)
(56309766.0, 59395035.40072743)
(57096190.0, 62045157.256816305)
(57103895.0, 66158159.326581135)
(57231524.0, 84527558.0366725)
(57777106.0, 117461631.31507735)
(59520298.0, 60363271.1443032)
(59901913.0, 75628278.11377864)
(60072596.0, 65401940.63076726)
(60474340.0, 98427232.13742766)
(60722734.0, 86615208.57587704)
(60965854.0, 103458191.79845637)
(61112916.0, 96985540.09834877)
(61458982.0, 150788286.74317735)
(62022014.0, 71878972.92079934)
(62357900.0, 112761994.2805876)
(63013281.0, 85612434.38581413)
(63800345.0, 120515940.79064491)
(63833449.0, 77473241.43311019)
(64626786.0, 82625605.56589875)
(65663276.0, 271911035.02437407)
(65664721.0, 102429252.33702779)
(66486080.0, 141968472.65430564)
(66787908.0, 65631896.70763431)
(66966987.0, 62760795.8693321)
(67347013.0, 111931594.38620622)
(68263166.0, 59855820.127600834)
(68369434.0, 72008912.6009092)
(68572378.0, 65795435.54534279)
(68729358.0, 92791046.73020324)
(68896829.0, 75270958.62384447)
(69411370.0, 121712101.62403984)
(70016220.0, 109518664.8766829)
(71625195.0, 65795435.54534279)
(71664962.0, 100946704.34578112)
(72417394.0, 71397606.56679478)
(72778712.0, 65187763.76526356)
(73276047.0, 85927735.7907619)
(73762516.0, 92211050.29543068)
(74237563.0, 112535742.95271726)
(74597643.0, 150033422.36611557)
(74901339.0, 179323105.29064828)
(75450437.0, 103154246.26573688)
(75700498.0, 69527612.78493801)
(77000000.0, 107847068.02426665)
(78054825.0, 71985601.64516065)
(78874843.0, 82819271.00949253)
(79700000.0, 102113358.93844634)
(80383290.0, 114472485.6288726)
(80573774.0, 95771395.7147474)
(81272766.0, 79031866.72757909)
(82087155.0, 114999300.33068566)
(82394288.0, 86090056.12188853)
(82966152.0, 121480548.80878182)
(83719388.0, 101490032.39434668)
(84606030.0, 70915439.40925232)
(85412898.0, 82099139.265487)
(86362372.0, 62872508.35623652)
(86658558.0, 111283533.24402681)
(86865564.0, 72100877.2781234)
(88489643.0, 56097840.59202093)
(90565421.0, 104886279.08845751)
(91353501.0, 157661023.3802001)
(91636986.0, 98309700.52772029)
(92219310.0, 99659884.83679037)
(92601050.0, 95245655.26113981)
(93282604.0, 102272866.68885335)
(93525586.0, 122400082.89661178)
(93617009.0, 90868912.60997598)
(95000000.0, 99696323.97422317)
(95311434.0, 157761287.60403052)
(95404397.0, 95154309.3515316)
(97138686.0, 83587141.53147091)
(97437106.0, 206636318.53552204)
(98337295.0, 118637067.31067137)
(98450062.0, 76274152.03599028)
(99067206.0, 68089040.52392048)
(99965753.0, 73825326.3603784)
(100076342.0, 133931555.24519333)
(100525432.0, 93006022.67298222)
(101332962.0, 62992589.32005475)
(102391382.0, 64339993.526563965)
(104945765.0, 191915375.97019535)
(107597242.0, 106217058.43443632)
(107944236.0, 193469355.67185408)
(108145109.0, 204346033.15562248)
(108286421.0, 60611590.536257744)
(109676311.0, 101829221.3294865)
(110206216.0, 114378573.4228057)
(111231041.0, 167183975.79447347)
(111340801.0, 119007252.18742904)
(113020255.0, 115961136.44120729)
(113280098.0, 124093035.80429773)
(113857533.0, 62287793.25988765)
(114156230.0, 113835808.92525144)
(114194847.0, 90020854.39566952)
(114281051.0, 73342235.39089656)
(114830111.0, 81428969.32945214)
(115350426.0, 211690192.8817748)
(117000000.0, 81695001.74822599)
(117224271.0, 77900122.37936293)
(117698894.0, 153761940.53148955)
(120081841.0, 113785989.66832009)
(120175290.0, 78087027.31585696)
(120455994.0, 86564538.33764385)
(122126687.0, 86382326.98289853)
(122513057.0, 73008687.41164339)
(123384128.0, 59116351.66598946)
(123726688.0, 86339523.71390851)
(124827316.0, 110581109.0141838)
(126069509.0, 106620768.55181016)
(132180323.0, 111413979.8269984)
(132274484.0, 163555501.10766315)
(132511035.0, 146334699.58306432)
(133821816.0, 131019216.61505416)
(134402450.0, 71606464.42625232)
(135560026.0, 137457521.16807497)
(136267476.0, 66428566.01349969)
(136836156.0, 99374255.76520203)
(138259062.0, 103678621.17850159)
(142851197.0, 100730819.58227548)
(143695338.0, 172449135.3155567)
(145000000.0, 62550053.04510548)
(149281606.0, 92243359.2782714)
(149295601.0, 103458191.79845637)
(150166126.0, 176594628.99522322)
(150483765.0, 85111595.61017628)
(150680864.0, 300186489.7173865)
(151119219.0, 94957294.50134861)
(152930623.0, 164827815.30809766)
(155545279.0, 87252770.92803071)
(156844753.0, 89795466.42521372)
(157887643.0, 99052620.01009592)
(158162788.0, 113147673.24311118)
(159291809.0, 75628278.11377864)
(160602194.0, 138770804.39105752)
(162839667.0, 193532140.8643751)
(162945894.0, 115542577.50670736)
(162966177.0, 134838038.27812502)
(163403799.0, 108700590.31929338)
(163442937.0, 144711182.22896886)
(164602163.0, 462165568.0045868)
(165478348.0, 179685217.66501945)
(167805466.0, 196332543.54969496)
(168167691.0, 114578400.17273042)
(171844840.0, 125142823.53319374)
(174578751.0, 210744372.13775355)
(177243185.0, 62647161.48660284)
(183018522.0, 241799321.1589679)
(184376254.0, 106338277.37050232)
(185770160.0, 372220978.9667231)
(188441614.0, 115107725.08559327)
(192330738.0, 146714891.84986663)
(193355800.0, 73906647.19673708)
(193677158.0, 133899803.09199247)
(195735876.0, 593570593.7179265)
(196114570.0, 83147139.88518831)
(197309027.0, 237210370.42421597)
(200276000.0, 140632779.4008391)
(201596308.0, 212750109.757656)
(203427584.0, 149156652.89526778)
(205298907.0, 112338222.06477873)
(205366737.0, 293047926.2797448)
(205738714.0, 87031742.47455347)
(212902372.0, 136725882.42315325)
(216485654.0, 110433242.04042372)
(216972543.0, 127338066.20868197)
(219076518.0, 90682581.84214434)
(219851172.0, 302108985.82029915)
(224920315.0, 94330839.741423)
(226497209.0, 214917682.98444223)
(226904017.0, 187360012.80400324)
(228738393.0, 247178719.28913864)
(229147509.0, 266118711.3750357)
(234989584.0, 122304380.84043375)
(237382724.0, 254623791.7625474)
(237681299.0, 173999355.16050994)
(242988466.0, 401883350.6468811)
(244082376.0, 148021223.53200287)
(246233113.0, 278750001.61796105)
(249288105.0, 243893997.2492829)
(254455986.0, 211264290.9839252)
(260095987.0, 108218914.01625046)
(266465037.0, 303149314.0239304)
(268031828.0, 309710807.7581185)
(274470394.0, 182654911.43546394)
(276572938.0, 266885565.4504859)
(282570682.0, 299084074.09840167)
(287594577.0, 306351821.6370119)
(289847354.0, 196271911.36804184)
(292817841.0, 314564072.96328753)
(293329073.0, 233592998.30693632)
(295238201.0, 292480256.7799454)
(299370084.0, 432748982.07340163)
(306941670.0, 349355439.6392421)
(310650585.0, 226956876.6895337)
(311312624.0, 159232425.55712038)
(312573423.0, 217878761.42772657)
(317375031.0, 102384297.82488507)
(318000141.0, 109733039.60437384)
(320170008.0, 147868054.95723695)
(321887208.0, 290233099.7251158)
(331926147.0, 429633046.3146265)
(334901337.0, 273097517.5553106)
(347434178.0, 295126896.1599942)
(349424282.0, 326646770.41809475)
(349779543.0, 486647210.3646065)
(356613439.0, 299486874.43997025)
(370541256.0, 321277043.73021364)
(370569774.0, 472466056.7633716)
(377910544.0, 164167496.14297587)
(381509870.0, 673393781.7633803)
(403170142.0, 335389298.78700393)
(413106170.0, 296398150.199834)
(415440673.0, 329649505.7155465)
(422610419.0, 176437782.71337518)
(433677183.0, 358159727.09749186)
(449326618.0, 334716315.64956087)
(459270619.0, 218223834.19187808)
(459359555.0, 429850127.1728395)
(470490832.0, 386666226.0943103)
(471222889.0, 483551014.91432875)
(519311965.0, 481674935.00600654)
(521170825.0, 729888476.1446933)
(527068851.0, 211239912.2885756)
(531865000.0, 374835844.22251236)
(532950503.0, 290022134.1142125)
(543934787.0, 340743392.086203)
(563749323.0, 465592642.206796)
(585349010.0, 275563161.81773317)
(599045960.0, 540502017.8391616)
(660940780.0, 589594223.0394361)
(675120017.0, 482890112.9936652)
(682330139.0, 605308045.814409)
(694713380.0, 314598254.9651704)
(709709780.0, 884156180.6685798)
(709827462.0, 302705347.2715684)
(743559607.0, 800706177.6050415)
(752215857.0, 908793857.8303932)
(767820459.0, 415215320.8906261)
(769653595.0, 870872477.1036857)
(773328629.0, 959737989.1954491)
(873260194.0, 762673981.1733487)
(877244782.0, 682656416.3454432)
(961000000.0, 1007263377.4066212)
(970761885.0, 652111348.2940278)
(1506249360.0, 796722864.6147348)
(1519557910.0, 1091340540.2564344)
