(5000000.0, 49552260.02077374)
(5024782.0, 33911501.455380864)
(5364858.0, 58818805.66883693)
(5476793.0, 51022132.796700746)
(5496951.0, 42180487.68775719)
(5530764.0, 37779864.77292879)
(5728213.0, 51647768.20306897)
(5837674.0, 80319572.72892062)
(6110000.0, 43082198.567093715)
(6230276.0, 46729611.79371359)
(6294161.0, 66355847.33982698)
(6405245.0, 75263044.33295704)
(6420319.0, 68376992.13636068)
(6814789.0, 58433170.11701391)
(6854611.0, 31600886.58011315)
(6928068.0, 41937941.15109143)
(7000000.0, 76402108.94510466)
(7002261.0, 67779503.48693013)
(7022728.0, 34885229.85381946)
(7938872.0, 43839360.09102788)
(8138788.0, 81214288.10795423)
(8220215.0, 72480424.19737364)
(8371085.0, 39245041.5369546)
(8454301.0, 72231983.75729461)
(8459458.0, 39570442.88777899)
(8784318.0, 65556279.4887086)
(8936663.0, 109079830.76755676)
(9455232.0, 70730836.27298616)
(9489829.0, 85995241.03244632)
(9494789.0, 69644538.17548178)
(9500000.0, 68512752.82357684)
(9622846.0, 56814425.07899529)
(9627492.0, 93301146.99975643)
(10126458.0, 53253142.29657246)
(10130000.0, 43365088.65537135)
(10178331.0, 26519824.35557285)
(10337387.0, 33765083.56467274)
(10429707.0, 37707699.33872643)
(10589102.0, 46302569.56961308)
(10629321.0, 42541801.971689746)
(11110975.0, 65691552.36224699)
(11125849.0, 32388848.820203274)
(11301649.0, 43926220.1299788)
(11417362.0, 51831329.24285584)
(11947954.0, 44283185.71377876)
(12077441.0, 51839129.96217136)
(12314651.0, 58796279.840880334)
(12400000.0, 64437091.34254096)
(13092000.0, 80871848.28276868)
(13196245.0, 36570742.82733253)
(14000000.0, 104748111.93809256)
(14348529.0, 30042143.683553077)
(14431253.0, 86495624.63875374)
(15008161.0, 42149308.88066961)
(15395087.0, 99042287.67837307)
(15478800.0, 71871904.87790906)
(15520023.0, 84063725.23063593)
(16374328.0, 86580113.9627767)
(16566240.0, 31978089.417053662)
(16700000.0, 42532982.06462383)
(16800000.0, 47320026.49503084)
(16930884.0, 51256834.5103888)
(17000000.0, 28831522.217686117)
(17137302.0, 64710578.42537288)
(17273593.0, 34063264.05494477)
(17425000.0, 54227578.13051821)
(17500000.0, 59242677.75281501)
(17508518.0, 63681343.502781846)
(17511906.0, 46448081.67496602)
(17752940.0, 135642639.66928193)
(17869048.0, 117367530.86709276)
(17872796.0, 25107427.31525909)
(17986781.0, 37276909.054854065)
(18124262.0, 76246017.79825531)
(18662027.0, 279919864.2955297)
(19255873.0, 47662153.71168604)
(19422261.0, 86148754.07644323)
(19839492.0, 35975090.075467564)
(20275812.0, 51701224.69831327)
(20645327.0, 92864610.0747833)
(21107746.0, 76511240.17255959)
(21409028.0, 75037539.3711938)
(21510851.0, 67966918.51996888)
(21834845.0, 66250035.178874716)
(22211426.0, 88724021.68712446)
(22222308.0, 77808056.96177998)
(22456509.0, 34610390.97253449)
(22939027.0, 39406709.63144304)
(23057115.0, 84726318.98780528)
(23081726.0, 55689759.02730478)
(24159934.0, 76430027.07323764)
(25345000.0, 58592853.822633706)
(25562924.0, 49548502.03520267)
(26527510.0, 80114735.79929012)
(27409889.0, 105518625.68722406)
(27437881.0, 105056400.90664579)
(28931401.0, 125390128.65180154)
(28972508.0, 92056657.62484446)
(29000000.0, 47734004.759289734)
(29922472.0, 91723689.67773479)
(30127963.0, 51748693.074640684)
(30353232.0, 79483424.70134562)
(30448000.0, 37547769.96098837)
(31070211.0, 87487863.86538316)
(31430334.0, 27485301.667958908)
(31556061.0, 71876517.30330333)
(31724284.0, 60081433.561782874)
(32204030.0, 72302953.0973539)
(32248241.0, 97307142.57569623)
(32556119.0, 102798700.3936454)
(32935319.0, 50407253.595105074)
(33333531.0, 67854182.11054951)
(33456317.0, 47193006.239443325)
(34077920.0, 56168031.245788395)
(34742066.0, 86454271.22443989)
(34854990.0, 57997172.79602201)
(34942188.0, 62923136.39155519)
(35097815.0, 38069277.40970531)
(35287788.0, 103065009.71249065)
(35401758.0, 47200986.448122784)
(35485056.0, 42933944.81623026)
(36160375.0, 61241440.1159642)
(36620508.0, 42291250.81150322)
(36893721.0, 83077517.29721168)
(36993168.0, 83289603.50280085)
(37311672.0, 77314106.02035533)
(38085778.0, 113224917.22621743)
(38399961.0, 74427159.43847713)
(38502340.0, 77397666.04553816)
(38629478.0, 132062486.55179282)
(39031337.0, 87252191.56327721)
(39171130.0, 66304033.125328496)
(39187783.0, 56285545.08882022)
(39300000.0, 73368338.88641855)
(39462438.0, 33049233.336350985)
(40100000.0, 46347641.210726544)
(40423945.0, 87255865.36319076)
(40492759.0, 83997531.99771056)
(40828540.0, 114250898.06551406)
(41170784.0, 32652356.81768469)
(41296320.0, 56650415.9728691)
(41596251.0, 60951036.832318544)
(41819064.0, 119636013.32805356)
(42045846.0, 97190899.60122849)
(44030246.0, 54016984.81165482)
(44907260.0, 86159698.43878517)
(45300000.0, 140720756.20876628)
(46152800.0, 112609495.47205308)
(46216641.0, 74145937.33535464)
(46243000.0, 26501094.706233077)
(46471023.0, 84067430.86484723)
(47042000.0, 64012340.36443187)
(47088990.0, 52966609.10403753)
(47801389.0, 80801905.0945165)
(48065672.0, 56358453.810351536)
(49111202.0, 73152041.12644827)
(50877145.0, 91679141.4248468)
(50907234.0, 85206289.33748224)
(52099090.0, 124862212.52796045)
(52302796.0, 43783213.03230523)
(52424533.0, 87732011.57330988)
(52501541.0, 46763620.248809546)
(52597999.0, 78716038.48793305)
(53181600.0, 84109364.11962603)
(53191886.0, 31242418.362734087)
(53825515.0, 224939202.5470313)
(53830415.0, 60106107.41727252)
(53909751.0, 101318369.46150789)
(54674226.0, 112939254.86825955)
(54837234.0, 45284834.63460841)
(55112356.0, 70402131.13271333)
(55969000.0, 119694648.39509583)
(56309766.0, 54989569.59192027)
(57096190.0, 46670982.197727636)
(57103895.0, 49652556.82229898)
(57231524.0, 73997491.44544318)
(57777106.0, 116844208.87861328)
(59520298.0, 41527141.0219409)
(59901913.0, 89534589.87605055)
(60072596.0, 56284073.64697333)
(60474340.0, 94460119.0327983)
(60722734.0, 80038045.80864468)
(60965854.0, 102312769.67179455)
(61112916.0, 82107429.976652)
(61458982.0, 126322670.85006094)
(62022014.0, 77117810.99674924)
(62357900.0, 99303137.73228726)
(63013281.0, 105684050.73797631)
(63800345.0, 125815259.83957878)
(63833449.0, 85311276.50546503)
(64626786.0, 83753447.94999102)
(65663276.0, 278461276.3434545)
(65664721.0, 90176211.34375416)
(66486080.0, 87339571.25599754)
(66787908.0, 62087608.692933515)
(66966987.0, 56595725.06899516)
(67347013.0, 135144582.61440283)
(68263166.0, 39694275.92384622)
(68369434.0, 56139095.82335011)
(68572378.0, 49589310.91492258)
(68729358.0, 87011136.16304523)
(68896829.0, 85977285.56809936)
(69411370.0, 134123557.19278863)
(70016220.0, 102898509.64598584)
(71625195.0, 52217999.41697822)
(71664962.0, 70697421.22077797)
(72417394.0, 48127778.23471902)
(72778712.0, 33703566.033094935)
(73276047.0, 77708368.55673137)
(73762516.0, 87990517.99271527)
(74237563.0, 108343964.6850715)
(74597643.0, 146135503.35471416)
(74901339.0, 160168135.34727252)
(75450437.0, 95361799.18774286)
(75700498.0, 40824445.51772413)
(77000000.0, 92928213.92625609)
(78054825.0, 58976756.56050499)
(78874843.0, 70987236.40482363)
(79700000.0, 117905537.59183164)
(80383290.0, 110182322.0362589)
(80573774.0, 81193177.12734702)
(81272766.0, 78910281.09790619)
(82087155.0, 118484837.58715872)
(82394288.0, 95663758.00037916)
(82966152.0, 147695505.075177)
(83719388.0, 117595822.82449058)
(84606030.0, 67178057.77486041)
(85412898.0, 65345566.84589478)
(86362372.0, 56893143.57942212)
(86658558.0, 92967104.11712983)
(86865564.0, 39523517.27846509)
(88489643.0, 47056602.386264406)
(90565421.0, 114389105.25086603)
(91353501.0, 128762855.70014215)
(91636986.0, 110759052.50559084)
(92219310.0, 107121403.06751224)
(92601050.0, 99738626.19374141)
(93282604.0, 93456195.98204821)
(93525586.0, 104803065.68971524)
(93617009.0, 87175750.57898939)
(95000000.0, 103722551.40803272)
(95311434.0, 123336796.6492959)
(95404397.0, 62613406.58498077)
(97138686.0, 82614652.08397867)
(97437106.0, 329830791.875538)
(98337295.0, 148214983.54355898)
(98450062.0, 61792621.01800023)
(99067206.0, 42973924.32092977)
(99965753.0, 70502147.31305137)
(100076342.0, 164482560.11340877)
(100525432.0, 89131379.76154962)
(101332962.0, 54964776.639747694)
(102391382.0, 53251937.41613042)
(104945765.0, 184837931.4213021)
(107597242.0, 122107465.05370018)
(107944236.0, 214534944.12623754)
(108145109.0, 211254042.96970788)
(108286421.0, 53802637.552087106)
(109676311.0, 113540502.59746638)
(110206216.0, 130770663.65653606)
(111231041.0, 132460802.66513813)
(111340801.0, 87015640.14012054)
(113020255.0, 122006325.70156853)
(113280098.0, 110445423.29277436)
(113857533.0, 54613744.432862565)
(114156230.0, 143399634.91619143)
(114194847.0, 72937986.25053747)
(114281051.0, 88677006.57088557)
(114830111.0, 86976906.09305078)
(115350426.0, 187357281.65711582)
(117000000.0, 94547514.19032732)
(117224271.0, 60091940.866391554)
(117698894.0, 121650029.14277036)
(120081841.0, 109077739.62948775)
(120175290.0, 63464462.81120436)
(120455994.0, 80078302.77931692)
(122126687.0, 79683702.41149414)
(122513057.0, 68597954.39802125)
(123384128.0, 45524040.105298445)
(123726688.0, 86062314.34124483)
(124827316.0, 103076047.70790999)
(126069509.0, 115883855.09897833)
(132180323.0, 110502572.71470587)
(132274484.0, 163413388.99561813)
(132511035.0, 165402091.17666537)
(133821816.0, 121281277.43969445)
(134402450.0, 78489086.84222063)
(135560026.0, 97781139.45625558)
(136267476.0, 57714219.455126606)
(136836156.0, 82408584.80814801)
(138259062.0, 107811530.52662651)
(142851197.0, 111710612.98156384)
(143695338.0, 188939667.6952062)
(145000000.0, 49682453.874216035)
(149281606.0, 86430976.75449553)
(149295601.0, 129742431.13657486)
(150166126.0, 146239564.05961654)
(150483765.0, 106064408.3984112)
(150680864.0, 249088651.5468656)
(151119219.0, 112558614.93575983)
(152930623.0, 173920266.35147658)
(155545279.0, 99628440.26219587)
(156844753.0, 90555800.687453)
(157887643.0, 123222050.650016)
(158162788.0, 107424233.57724166)
(159291809.0, 87451507.904071)
(160602194.0, 177992692.37153277)
(162839667.0, 160882214.02214366)
(162945894.0, 95252608.97757085)
(162966177.0, 105400689.1698463)
(163403799.0, 99746224.27203803)
(163442937.0, 182136562.41048396)
(164602163.0, 544871427.8665063)
(165478348.0, 157314149.50431615)
(167805466.0, 210808966.90899855)
(168167691.0, 129940008.67723691)
(171844840.0, 123597677.93323243)
(174578751.0, 166417797.75048056)
(177243185.0, 53578929.49063136)
(183018522.0, 311498411.2533002)
(184376254.0, 101306259.47877944)
(185770160.0, 327298223.7825713)
(188441614.0, 125530402.00930142)
(192330738.0, 173412920.290294)
(193355800.0, 70628185.77661067)
(193677158.0, 155406375.58290103)
(195735876.0, 491199606.7862231)
(196114570.0, 94876968.00288633)
(197309027.0, 245358410.98201331)
(200276000.0, 113231097.97941855)
(201596308.0, 213734848.9056784)
(203427584.0, 190683827.90420777)
(205298907.0, 117370477.64342897)
(205366737.0, 330306501.3053559)
(205738714.0, 91125630.21856426)
(212902372.0, 159889399.8197603)
(216485654.0, 129034910.01770861)
(216972543.0, 130748318.92981505)
(219076518.0, 97384600.91654743)
(219851172.0, 346589661.52156293)
(224920315.0, 102130842.92386326)
(226497209.0, 204299817.8148336)
(226904017.0, 193431541.96640295)
(228738393.0, 214718055.62370613)
(229147509.0, 211750388.68717247)
(234989584.0, 160151749.56326112)
(237382724.0, 237981353.96379668)
(237681299.0, 156130387.8487418)
(242988466.0, 394187935.02172285)
(244082376.0, 153151328.70933288)
(246233113.0, 353878538.4750097)
(249288105.0, 180063542.91728848)
(254455986.0, 191808828.19850677)
(260095987.0, 113413005.16825569)
(266465037.0, 314056840.8728317)
(268031828.0, 314728195.2024566)
(274470394.0, 174384873.89472166)
(276572938.0, 313031639.9583684)
(282570682.0, 384454430.14062196)
(287594577.0, 317116990.0600166)
(289847354.0, 152011592.4662344)
(292817841.0, 338937629.1252581)
(293329073.0, 258525968.30023736)
(295238201.0, 340902834.08435065)
(299370084.0, 435892155.23484546)
(306941670.0, 491550252.023873)
(310650585.0, 234899837.49221358)
(311312624.0, 138165071.47398174)
(312573423.0, 215388009.11557776)
(317375031.0, 108229428.25483117)
(318000141.0, 91901844.34541732)
(320170008.0, 143081492.2848666)
(321887208.0, 310148224.1800634)
(331926147.0, 472454721.0712538)
(334901337.0, 290631929.809609)
(347434178.0, 374130254.4980813)
(349424282.0, 362098010.4815944)
(349779543.0, 587843912.7091506)
(356613439.0, 359230071.41791475)
(370541256.0, 390961422.7013775)
(370569774.0, 552754554.0006747)
(377910544.0, 191656325.64084607)
(381509870.0, 595149084.8180357)
(403170142.0, 374707183.20151746)
(413106170.0, 335513129.27525806)
(415440673.0, 421746224.802178)
(422610419.0, 168446017.32826132)
(433677183.0, 451170348.15998584)
(449326618.0, 390014905.67301065)
(459270619.0, 201636583.74809813)
(459359555.0, 418378658.4437791)
(470490832.0, 407483864.4447631)
(471222889.0, 488784037.0650493)
(519311965.0, 538013893.2962226)
(521170825.0, 755610874.9083056)
(527068851.0, 232030543.7705985)
(531865000.0, 454471870.8962307)
(532950503.0, 312759827.41707426)
(543934787.0, 370839073.64282733)
(563749323.0, 432119184.4249732)
(585349010.0, 358706255.41428226)
(599045960.0, 401928321.1346556)
(660940780.0, 510952957.441837)
(675120017.0, 535294259.8850595)
(682330139.0, 617594406.6681547)
(694713380.0, 356658576.77437305)
(709709780.0, 977660143.5242859)
(709827462.0, 441605646.4625986)
(743559607.0, 842464820.6889126)
(752215857.0, 963472085.038798)
(767820459.0, 504705544.8140581)
(769653595.0, 758879772.2878535)
(773328629.0, 1076037596.5273185)
(873260194.0, 817603573.3565445)
(877244782.0, 676304849.7408946)
(961000000.0, 1089025152.0906944)
(970761885.0, 548711522.3325784)
(1506249360.0, 926536976.6368396)
(1519557910.0, 1161033704.9356322)
