(5000000.0, 79714462.1994613)
(5024782.0, 67529006.99993923)
(5364858.0, 73591096.74229504)
(5476793.0, 75084881.57028657)
(5496951.0, 75298845.33678763)
(5530764.0, 69311406.16386947)
(5728213.0, 74066668.06002659)
(5837674.0, 80030391.80193779)
(6110000.0, 78853435.62722659)
(6230276.0, 75806140.11573091)
(6294161.0, 87332932.68829623)
(6405245.0, 89382054.60945217)
(6420319.0, 70985237.9952226)
(6814789.0, 86434833.2539698)
(6854611.0, 68896493.22485875)
(6928068.0, 68896493.22485875)
(7000000.0, 79944524.74502918)
(7002261.0, 72983628.88872774)
(7022728.0, 67529006.99993923)
(7938872.0, 70452415.52329877)
(8138788.0, 86253542.73221351)
(8220215.0, 80318488.07077459)
(8371085.0, 60523150.58298506)
(8454301.0, 72983628.88872774)
(8459458.0, 65410410.01446073)
(8784318.0, 66203395.29009496)
(8936663.0, 140481995.8640043)
(9455232.0, 82162757.85312839)
(9489829.0, 95309813.20146912)
(9494789.0, 75440729.31313692)
(9500000.0, 81690724.5359677)
(9622846.0, 73157218.93944345)
(9627492.0, 93993221.55375159)
(10126458.0, 78146211.53300038)
(10130000.0, 75084881.57028657)
(10178331.0, 66535378.30000635)
(10337387.0, 67870687.52370355)
(10429707.0, 75084881.57028657)
(10589102.0, 67529006.99993923)
(10629321.0, 78887570.18053491)
(11110975.0, 69892446.71089932)
(11125849.0, 69459552.36295739)
(11301649.0, 70169051.34405805)
(11417362.0, 77173626.34065044)
(11947954.0, 75084881.57028657)
(12077441.0, 67870687.52370355)
(12314651.0, 85313988.43912779)
(12400000.0, 70879084.78824101)
(13092000.0, 86253542.73221351)
(13196245.0, 71478221.22445396)
(14000000.0, 88029681.22223493)
(14348529.0, 65945343.82601675)
(14431253.0, 79172017.23415557)
(15008161.0, 80255056.40545443)
(15395087.0, 85227737.03105831)
(15478800.0, 77856467.36392456)
(15520023.0, 81680948.609269)
(16374328.0, 78995186.83570799)
(16566240.0, 68896493.22485875)
(16700000.0, 80255056.40545443)
(16800000.0, 68755454.41945888)
(16930884.0, 73446759.90284446)
(17000000.0, 60604993.59716777)
(17137302.0, 82167175.5966616)
(17273593.0, 68896493.22485875)
(17425000.0, 91890473.29481182)
(17500000.0, 77461838.84887987)
(17508518.0, 75306437.52768284)
(17511906.0, 68755454.41945888)
(17752940.0, 122585812.00442019)
(17869048.0, 139708543.80518416)
(17872796.0, 59155664.358065546)
(17986781.0, 68896493.22485875)
(18124262.0, 86253542.73221351)
(18662027.0, 230564420.7125306)
(19255873.0, 67803701.94053546)
(19422261.0, 95019027.25490679)
(19839492.0, 60523150.58298506)
(20275812.0, 68896493.22485875)
(20645327.0, 79258342.27401724)
(21107746.0, 69897928.22656778)
(21409028.0, 90749540.8343717)
(21510851.0, 83955972.24943772)
(21834845.0, 73947660.2784922)
(22211426.0, 87482476.12398878)
(22222308.0, 83892427.80736111)
(22456509.0, 75084881.57028657)
(22939027.0, 68896493.22485875)
(23057115.0, 87332932.68829623)
(23081726.0, 74066668.06002659)
(24159934.0, 79172017.23415557)
(25345000.0, 99027134.53978735)
(25562924.0, 75627731.54856648)
(26527510.0, 84711117.14523911)
(27409889.0, 84886056.50729398)
(27437881.0, 95019027.25490679)
(28931401.0, 121591511.64233398)
(28972508.0, 94319598.553514)
(29000000.0, 72838567.82754482)
(29922472.0, 95019027.25490679)
(30127963.0, 68896493.22485875)
(30353232.0, 83652443.03948282)
(30448000.0, 61245892.19586084)
(31070211.0, 85128167.05862631)
(31430334.0, 67529006.99993923)
(31556061.0, 85254465.66169833)
(31724284.0, 81984056.31167842)
(32204030.0, 102181512.48911119)
(32248241.0, 95561877.23318669)
(32556119.0, 96098417.2109895)
(32935319.0, 70985237.9952226)
(33333531.0, 78347380.98751596)
(33456317.0, 73323022.85597828)
(34077920.0, 70985237.9952226)
(34742066.0, 82696699.45397119)
(34854990.0, 67803701.94053546)
(34942188.0, 75084881.57028657)
(35097815.0, 73717395.34536706)
(35287788.0, 120986017.3362433)
(35401758.0, 72131413.23828825)
(35485056.0, 67870687.52370355)
(36160375.0, 72983628.88872774)
(36620508.0, 73717395.34536706)
(36893721.0, 84745234.32380612)
(36993168.0, 83452163.55182028)
(37311672.0, 83892427.80736111)
(38085778.0, 137876150.0597337)
(38399961.0, 81843440.97513202)
(38502340.0, 78912053.19214009)
(38629478.0, 123706023.05437803)
(39031337.0, 105281142.28602652)
(39171130.0, 80655142.90811379)
(39187783.0, 79822953.77373227)
(39300000.0, 114649630.04255292)
(39462438.0, 67529006.99993923)
(40100000.0, 74059075.86913137)
(40423945.0, 93926235.97058348)
(40492759.0, 85227737.03105831)
(40828540.0, 115427274.14229533)
(41170784.0, 66535378.30000635)
(41296320.0, 68896493.22485875)
(41596251.0, 73687543.13025244)
(41819064.0, 115375332.64903422)
(42045846.0, 82670319.96994501)
(44030246.0, 75084881.57028657)
(44907260.0, 82422425.68485102)
(45300000.0, 155452875.32841948)
(46152800.0, 93768921.75177258)
(46216641.0, 81494825.87311068)
(46243000.0, 68273332.70376943)
(46471023.0, 101291393.42490402)
(47042000.0, 81718619.78326006)
(47088990.0, 74066668.06002659)
(47801389.0, 91276024.3341232)
(48065672.0, 83455993.60359107)
(49111202.0, 78669535.25276619)
(50877145.0, 116753533.33212757)
(50907234.0, 83793265.2229707)
(52099090.0, 140839798.5338574)
(52302796.0, 72966284.58480808)
(52424533.0, 80222572.01826456)
(52501541.0, 68896493.22485875)
(52597999.0, 86851123.44443683)
(53181600.0, 71714007.20595685)
(53191886.0, 64577857.601097226)
(53825515.0, 159671943.45704696)
(53830415.0, 89420627.43080707)
(53909751.0, 95019027.25490679)
(54674226.0, 87254977.73392253)
(54837234.0, 75084881.57028657)
(55112356.0, 87261747.23120292)
(55969000.0, 93795563.6840758)
(56309766.0, 68591946.06914788)
(57096190.0, 72021071.20273384)
(57103895.0, 73367302.83214566)
(57231524.0, 83892427.80736111)
(57777106.0, 135451708.5020291)
(59520298.0, 68896493.22485875)
(59901913.0, 76004585.13565621)
(60072596.0, 75084881.57028657)
(60474340.0, 86316731.76341629)
(60722734.0, 84886056.50729398)
(60965854.0, 91000655.3272238)
(61112916.0, 82742458.08475946)
(61458982.0, 139811760.1891368)
(62022014.0, 74607072.29980192)
(62357900.0, 100170338.4065881)
(63013281.0, 84528314.80548173)
(63800345.0, 146782133.53583235)
(63833449.0, 84935873.5748843)
(64626786.0, 82567595.08596767)
(65663276.0, 349971216.57534266)
(65664721.0, 93484702.7189628)
(66486080.0, 124613661.42465821)
(66787908.0, 73157218.93944345)
(66966987.0, 70452415.52329877)
(67347013.0, 89921265.37114106)
(68263166.0, 68896493.22485875)
(68369434.0, 69497545.67832974)
(68572378.0, 74059075.86913137)
(68729358.0, 93651541.02998726)
(68896829.0, 76155412.83039045)
(69411370.0, 104402989.32519916)
(70016220.0, 99484349.48613079)
(71625195.0, 75084881.57028657)
(71664962.0, 95299698.98167686)
(72417394.0, 85116764.76312166)
(72778712.0, 70162414.31146114)
(73276047.0, 83892427.80736111)
(73762516.0, 86834317.9097834)
(74237563.0, 109966167.81927697)
(74597643.0, 181246313.41330644)
(74901339.0, 152342384.6349496)
(75450437.0, 92987004.56251402)
(75700498.0, 85116764.76312166)
(77000000.0, 86253542.73221351)
(78054825.0, 84993128.60890011)
(78874843.0, 83842051.14721514)
(79700000.0, 89921265.37114106)
(80383290.0, 104127494.64670894)
(80573774.0, 89210663.63768074)
(81272766.0, 93758613.13159338)
(82087155.0, 95005625.92666622)
(82394288.0, 80703833.5601373)
(82966152.0, 102297793.66796124)
(83719388.0, 89826691.99957791)
(84606030.0, 72983628.88872774)
(85412898.0, 75208231.63826798)
(86362372.0, 74059075.86913137)
(86658558.0, 109943914.59217171)
(86865564.0, 73333168.27883735)
(88489643.0, 65132026.34796641)
(90565421.0, 119469445.37561686)
(91353501.0, 187984513.5760331)
(91636986.0, 93736040.90664633)
(92219310.0, 103683424.22282235)
(92601050.0, 91412366.90907416)
(93282604.0, 93993221.55375159)
(93525586.0, 115745090.04398341)
(93617009.0, 86253542.73221351)
(95000000.0, 100538607.8608816)
(95311434.0, 134456176.90800786)
(95404397.0, 82624005.1662524)
(97138686.0, 81329634.40052772)
(97437106.0, 206122186.85127777)
(98337295.0, 108189039.20743486)
(98450062.0, 89420627.43080707)
(99067206.0, 73887899.11229335)
(99965753.0, 79350920.45657158)
(100076342.0, 131487320.5602198)
(100525432.0, 95019027.25490679)
(101332962.0, 70985237.9952226)
(102391382.0, 73717395.34536706)
(104945765.0, 219136926.81094527)
(107597242.0, 106502022.80483247)
(107944236.0, 245356332.05668774)
(108145109.0, 259371710.6300087)
(108286421.0, 67870687.52370355)
(109676311.0, 85441553.46081018)
(110206216.0, 103323599.36911644)
(111231041.0, 147272562.98888597)
(111340801.0, 112181132.18736692)
(113020255.0, 111110423.91775891)
(113280098.0, 121683139.58291908)
(113857533.0, 72691589.64421186)
(114156230.0, 89921265.37114106)
(114194847.0, 83892427.80736111)
(114281051.0, 73832604.19143535)
(114830111.0, 76012907.03099492)
(115350426.0, 131970694.06843135)
(117000000.0, 86303359.79980382)
(117224271.0, 90553724.61090887)
(117698894.0, 135199716.46111616)
(120081841.0, 97524623.27389719)
(120175290.0, 76088543.54841557)
(120455994.0, 82172244.68396874)
(122126687.0, 80004844.47646339)
(122513057.0, 81680948.609269)
(123384128.0, 66535378.30000635)
(123726688.0, 86253542.73221351)
(124827316.0, 99766139.84991707)
(126069509.0, 98686749.89383435)
(132180323.0, 112530939.87405697)
(132274484.0, 231298577.62697187)
(132511035.0, 116443066.26608631)
(133821816.0, 114552305.00507084)
(134402450.0, 79172017.23415557)
(135560026.0, 158230930.07304662)
(136267476.0, 75806140.11573091)
(136836156.0, 86253542.73221351)
(138259062.0, 95080089.54800172)
(142851197.0, 91134655.44706798)
(143695338.0, 171701487.0369161)
(145000000.0, 69959432.29406741)
(149281606.0, 91814014.45245542)
(149295601.0, 91000655.3272238)
(150166126.0, 161190054.93883353)
(150483765.0, 86303359.79980382)
(150680864.0, 309347273.93938935)
(151119219.0, 87325335.44918822)
(152930623.0, 152659814.32342932)
(155545279.0, 90313767.2998789)
(156844753.0, 75783624.09016344)
(157887643.0, 94010735.84724255)
(158162788.0, 104901735.58253421)
(159291809.0, 77537875.27711053)
(160602194.0, 108371861.00969703)
(162839667.0, 201168506.1261024)
(162945894.0, 113581664.56521277)
(162966177.0, 126350518.3074923)
(163403799.0, 110148619.08390388)
(163442937.0, 132916761.09093194)
(164602163.0, 482810320.8432167)
(165478348.0, 144428467.7340725)
(167805466.0, 174078647.03110915)
(168167691.0, 112203215.2020822)
(171844840.0, 115375332.64903422)
(174578751.0, 212848529.01251775)
(177243185.0, 70985237.9952226)
(183018522.0, 226504614.9595458)
(184376254.0, 99936678.74310885)
(185770160.0, 372296247.26286906)
(188441614.0, 99284330.60605767)
(192330738.0, 116359343.71009462)
(193355800.0, 83888986.66626963)
(193677158.0, 152395200.53555825)
(195735876.0, 465807339.1444009)
(196114570.0, 82670319.96994501)
(197309027.0, 312654799.80842555)
(200276000.0, 138785954.48798162)
(201596308.0, 178698710.23744854)
(203427584.0, 109486824.32340848)
(205298907.0, 97319263.66891482)
(205366737.0, 355354554.11111856)
(205738714.0, 86253542.73221351)
(212902372.0, 120512121.68625125)
(216485654.0, 103091009.83196342)
(216972543.0, 108371861.00969703)
(219076518.0, 83892427.80736111)
(219851172.0, 385276686.25439066)
(224920315.0, 86338042.60887256)
(226497209.0, 216117323.7861395)
(226904017.0, 171718429.83213323)
(228738393.0, 254593572.29757065)
(229147509.0, 289042259.92047787)
(234989584.0, 107292471.05361432)
(237382724.0, 259221333.8539501)
(237681299.0, 140930306.41549283)
(242988466.0, 368435924.5466016)
(244082376.0, 131826596.22050758)
(246233113.0, 328130237.20618474)
(249288105.0, 246056870.57196397)
(254455986.0, 168697227.99253646)
(260095987.0, 94553585.82552245)
(266465037.0, 264321418.80356747)
(268031828.0, 351077881.65237516)
(274470394.0, 212653120.6261539)
(276572938.0, 248109025.57767695)
(282570682.0, 324261301.2206442)
(287594577.0, 375797907.2034458)
(289847354.0, 163892784.0227453)
(292817841.0, 352108436.2208375)
(293329073.0, 240308385.24741474)
(295238201.0, 351063640.88615495)
(299370084.0, 441426933.9213029)
(306941670.0, 385179245.7545918)
(310650585.0, 196777538.69651493)
(311312624.0, 132195941.9750391)
(312573423.0, 259829890.59369692)
(317375031.0, 88553779.14622155)
(318000141.0, 93993221.55375159)
(320170008.0, 116465244.90046024)
(321887208.0, 326166790.180791)
(331926147.0, 456894696.6706354)
(334901337.0, 335756096.0956767)
(347434178.0, 331308838.27163595)
(349424282.0, 380802530.1791759)
(349779543.0, 442987788.055933)
(356613439.0, 318884378.82018113)
(370541256.0, 363824844.59651196)
(370569774.0, 470820854.7069925)
(377910544.0, 129381412.6199228)
(381509870.0, 639786310.2688534)
(403170142.0, 356843740.0321227)
(413106170.0, 352435194.798792)
(415440673.0, 413371311.8745997)
(422610419.0, 186577403.87862912)
(433677183.0, 436746124.35907507)
(449326618.0, 371269097.658328)
(459270619.0, 122763478.89351185)
(459359555.0, 449224261.71330947)
(470490832.0, 397214140.68910325)
(471222889.0, 535970309.53798324)
(519311965.0, 474317494.031005)
(521170825.0, 705496072.8431752)
(527068851.0, 251994886.43302068)
(531865000.0, 461677471.17627096)
(532950503.0, 320296822.07642424)
(543934787.0, 362842518.7671145)
(563749323.0, 450596127.60797614)
(585349010.0, 346194655.14076)
(599045960.0, 406823137.74604964)
(660940780.0, 503021750.8593823)
(675120017.0, 549665549.2590199)
(682330139.0, 524389665.89408624)
(694713380.0, 354286052.2666835)
(709709780.0, 737602866.3278465)
(709827462.0, 304536132.23981506)
(743559607.0, 741219574.0735983)
(752215857.0, 860415984.0250924)
(767820459.0, 399816959.7430504)
(769653595.0, 763785855.19843)
(773328629.0, 788746025.8446113)
(873260194.0, 759061106.013777)
(877244782.0, 632744072.4194543)
(961000000.0, 890617970.1750147)
(970761885.0, 584810494.6551676)
(1506249360.0, 746207788.1898447)
(1519557910.0, 961821730.5117493)
