925391571851153408
819664488144117760
809196378370908160
804471132711567360
793964914696142848
793193706580942848
752637103540801540
751490036147728385
751138961863503872
750760219337117696
750051205062139904
747488548186578945
746505365341110272
746476538443403265
746057557366583296
745712935285055488
745297174108344320
744946247593648128
744278165053280256
743877104530395136
743540927768080386
743538432186580992
743492777552404480
743120883896569856
742835174413475840
742768070419218437
742755929997774849
742404201892831232
742036678383013889
741705696232628226
741314890476855296
740950337817694209
740591432084258816
740224528710672385
739136313266315265
738499973298323457
738185903487614976
738185878607011840
738047071358328832
737860857472950272
737860615423811584
737860520670269441
737860210845487104
737793013590544384
737781536561336320
737701131925610497
737315162529529856
736597642470264833
735880668203212801
735140510583558144
733337874393763840
732615924662964224
725007326978052096
723237613440626688
713144241241722880
712795443852214272
712084894214594561
711582718618800128
711225105330778112
710979774923976705
710931354184101888
710914577626574848
710863443968942082
710642276670644224
710615684556828672
710592547421224960
710535637510660098
710190734599725057
709883374081445888
709539932973346822
709122250599849984
709078552394604544
709043565368770564
708789864112594945
708774954548875264
708746908127272960
708740602934927360
708712292687290368
708463340213837824
708427930653724674
708422263230476288
708367359828824065
708362668197818369
708362230513815552
708361750714814464
708359068146999296
708357339707891712
708336727337803776
708201200869445633
708109343573422080
708087578403033088
708083609526087680
708061885271150592
708059509105627136
708016992263929856
708016931744264193
708009129466396672
707734939530231808
707719176358481920
707703786437869568
707702592290168832
707675414156615682
707672387983007744
707661875849203713
707638124516474880
707638092706918400
707612068644425729
707476518369275904
707419722191536128
707396772549660677
707338332150173697
707315817336012800
707307083880763392
707251348077568000
707228222300119040
707227503467692032
707018050730463233
707001857940426752
706983513958981632
706922417487122432
706908476971192320
706571328233426945
706525178235191296
706207781930401792
706162988298821633
705893161135001600
705863656123162624
704403839147880448
703646125195001856
703347571213774848
702302290288349184
701106951015366656
700741603275583489
700114337852043265
699773569509666816
699067937349500928
697857367287857152
696483743058382848
694975779289956352
690652633816694784
687982610161614848
687906714377535488
