929394607938592768
825210962265268224
823978229664886784
794389999642968068
793963129231310848
776765760429445120
776216158001254400
764100866353664001
763744236294385664
763465029442150401
763133781486149637
751140354867367936
750051937475633152
744575204777558018
743879082069221376
743513723936006144
742761688215126016
742425409522802689
742425322176450560
742134082667089920
741814542364069888
741706492592553988
741379744973750272
741379590426267648
741316207790292992
740951823113027586
740592788647993344
740280454578769920
740219843694100481
739864336353480704
739500682554675200
739137947887276032
738772773246369792
738438149974548481
738048875055841283
737862158281781249
737314031493517318
736598809745055745
736232482937282562
735507038319435776
735137091273658368
734789702226563072
734419248123105280
734055492087992320
733735177680093185
732625290652852224
730452298321657856
728279816554713088
725104152397774848
723244571249893376
720807923757162496
720806690187190272
692815017188560900
692105066283544577
692059279650467840
692054303767293952
690973775702024194
690727670372429825
690716716137971712
690713633605595136
690688851346468864
690672334953283584
690670271674523648
690634574284500992
690362410692132864
689938242179760128
689624704441671680
689537774098235393
689537760709992449
689537752614977536
689537740258545664
689537716732743682
689537708033703938
689537699489959936
689537690782601218
689537306018070529
689448540033056769
689173810071781377
688871055637659648
688826464309907456
688509950117675012
688465827142615040
688422380151025665
688201554906615809
688157179644268548
688117139975180289
688113153792540672
688108491601387521
688107734575652866
688104883367460865
688103540229734400
688100823281348608
688092926019256324
688091014448427008
688081987370876928
688081307793027072
688071636722003968
688066833161826304
688059553666105344
688058331873718272
687847898340438016
687805185431748609
687800952393367552
687778450409537536
687714929277845508
687712327542505474
687705142926249985
687665577767350272
687665563917746177
687613989384249345
687613975601778689
687613963140468740
687613949391560704
687613936519278592
687613929246355457
687613917791694848
687479071391924224
687429408014086144
687418519978262528
687418044218490881
687401706418769921
687393816840548353
687386007474311168
687385005144829952
687378709410480129
687371122451456000
687364087320195072
687355694056525824
687331643468689409
687320490910838785
687317335418470400
687317095982313472
687313612998852608
687268923574743040
687260164802613248
687258235854843904
687175862446194688
687159392567861248
687100418741043200
687084360810512384
687077188345196544
687059087280992257
687041989414617088
687041433195384834
687040649779146753
687040533320040448
687038140364767232
687038077521510400
687035921456336896
687032372257099776
687029289347330048
687012552652550149
686982548568674304
686668714566127616
686649862658592768
686635315331772417
686598747195846656
686593578240376832
686591878444236800
686394460561747968
686261439238029312
685977330997571584
685866632510439424
685823383930449921
685823382785404929
685635869663862785
685549273870692353
685539360532467712
685533980641333248
685525929934864385
685503442601689089
685476930863366144
685273645011177472
685193964446703616
685143929923047425
684876266906886144
684875020242305024
684874638271201282
684783753705553920
684783080188428288
684558669309153282
684555057203785729
684468953612038144
684443085175042048
684443051914182656
684282390206746624
684204406011645952
684110715381141504
683784132107747328
683739760301441024
683420580549230592
683332060858216449
683012797358211073
682969617929760776
682652192063356929
682605526706814977
682381104729346048
682335005859655685
682289897709813760
681975906357792768
681924938517762048
681609214494519296
681564233599848450
681155861029322752
680839225852309504
680478160140410881
680114082855321601
680072435899604992
679754253502578688
679687689805758464
679474531304603648
679400416950378499
677239133933346817
677218182042660866
677169367180820480
677168834613280768
677166751163879424
677005626195734528
674691669044756480
674691607472418816
674691489587335168
674315534276517888
671809681380081664
671804068457660416
668887857608568832
666771799288340480
664523415806590976
664275460650496000
664207987834155008
664207938962132992
663855542570385408
663786455681007616
663785656900980736
662030378518056960
662025627428524032
662025530900742144
662025016481964032
661979718351130625
661974050349060096
661722661341425664
661720847053254657
661717352472449024
661716323475529728
661715796545048576
661715780497637376
661714236268146689
661709621401288705
658758711184261120
626195853472993280
626195648728018944
626195566888751104
626175015386349568
