741282331336527872
741281694704099328
741281441552683008
741280358256283648
740903447030050816
740903043651231744
740902699978346497
740901938754097153
740632077322838017
740630818922598405
740630418102353920
740629870061977600
740628472691838976
740628108433297409
740627885652869121
740627643167559680
740599809812406272
740599409558343680
740599061653377025
740598534618161153
740597632024883200
740597395747176448
740597199252393984
740597029580251136
740596672456216577
740596466444570637
740595808073068546
740595172241735680
740594990108299264
740594662906462209
740594286157254656
740594046436003840
740593715828396032
740593391038259201
740593025550782464
740592808818511872
736278351791460356
736270771241259008
735963718748672004
735235047750537217
732718724025720832
732326908377989120
731997601420201985
730917985649590273
730887787168342016
730517987996864512
729838386345852929
729808172781867010
729460887686385664
729075848804978689
728736117089013760
728721022678077441
728687030285242368
728373730846593025
728005172429885440
727635865648824320
727286568193515522
726931729118797824
726569338380140544
726199397709656064
725821907212341253
725467081894969344
725127337034039298
724387460533391361
723587693712674816
722915777419063297
722583061544755201
722216902932762626
721099033092235264
720370483980410881
720329685792493574
720046350474297344
720033446538555392
719666709624418304
719573335844220928
719314029467070465
718944085051097088
718556632666501120
717872031707037696
717498359548751872
716414930359099392
716392277938216964
715595911632666626
713885754569662465
710212423807062016
697495558605377536
695698996359143424
695381207610060801
695034072008101890
694973929388056576
694672231343874048
694655701805723649
694219002374025216
693933369319624704
693569688459038724
693569533790019584
693515196732563457
693514987361308672
693196125101133824
693133284738408449
692883818609414145
692844223628910596
692837064820142082
692783836686471169
692779482696982528
692766626475851776
692550260384776192
692535076245114881
692512634378145792
692468049027407877
692414178313707520
692413072175173633
692135687596961793
692127400000372737
692112373574926336
692087892731006976
692075698941341696
691775280592109568
691740820223856640
691724743393718273
691682325331992576
691648933895000064
691648294917935104
691349566432501760
691055447562948608
691040259530964992
691025200935231488
691010025205207040
691001785171849216
690994955649728513
690972220181475328
690959337683095552
690954156232855552
690777525203668992
690705583331241985
690702305881010176
690701859577663489
690655264635240449
690655051790979072
690644699661492224
690616713491054595
690595168668397568
690587986912669696
690580571760754688
690412506024656896
690371929212096512
690368097098797056
690360890785447938
690350282979569665
690339347153817601
690333135645454336
690321709879005184
690297586914312192
690282802739150848
690281464814940160
690278273025081344
690276729982623744
690269293271867392
690266260412731392
690263756174147585
690242665871310848
690233382530199552
690229403306049536
690219187696889856
690219117509390337
690219068331167746
690218951628881920
690218832791625729
690218802580062208
690218765095559168
690218688176259072
690218602293669889
690218571960463360
690218546689773568
690218481988440064
690218356805210112
690218328049119232
690218240203587585
690218199749554176
690217459853328384
690028575907549184
690013516766535681
690004279931854849
689998402105516038
689991440848424960
689983356352729088
689979548184764416
689971963717095425
689968755800195076
689961680684617733
689946056176480256
689938062135148545
689930212008529921
689916193117999105
689911598618656768
689907249708343296
689896501112348677
689893592882483200
689889997307031552
689889925366288386
689877211822751744
689870040477216768
689865131052929024
689863520029020160
689863502798843904
689863204491497472
689636693784195072
689630639176323073
689630484268093440
689630365896441856
689630303988506624
689630185822355457
689630157439561728
689629939209887744
689629849971863552
689628485803896833
689626042772762624
689615330419683328
689605260659167233
689605218816765952
689605169927950336
689594066162491392
689571546130620417
689570580685713409
689568166284951552
689567766840410112
689560856669978624
689560483490242561
689560268683145218
689560238698008576
689507842810781696
689507284595015680
689498988936986624
689192346857172992
689176158294921216
689129770022481920
689129277627977728
689129160481075200
688933569268301824
688932917502844928
688919501987905536
688888581432061952
688888123774734336
688873296255782912
688845357002784768
688843558841794560
688813116444913664
688812745077084160
688797843776131072
688797111710650369
688768093460418561
688556245138051072
688500800432160768
688481458151796736
688465878862569472
688459333877780484
688455605355462656
688423118088441856
688405723215089664
688177985162117120
688177944536059905
688177835022786560
688140904301871105
688116761116327937
688107071410053120
688072924528427008
688072903049396224
688072888033783809
688072869239115776
688072853481103360
688072838507442176
688072386227245056
688071680179048448
688071602055991296
688071284798799873
688070397946810368
688070188231593984
688069947784695808
688069834240700416
688069726749114368
688069273382567936
688069266822672384
688069093996494848
688068870326718464
688068847262240768
688068201486237696
688068183287185408
688067812804313088
688067746764951552
688067531249090560
688067429088407552
688066938631634944
688066893710622721
688066861913657344
688066708016214016
688066455598833665
688066221669920768
688065468645511168
688064582217154561
688064527858962432
688064464323624961
688064212162052096
688063119126470656
688014116762595328
688001396776550400
687831289756516352
687828463458357249
687827450068336640
687826748684111872
687826518312120321
687826466420043776
687822630250938368
687821237289095168
687820855469043712
687819747346485248
687817286363824129
687816556903030785
687816544827633666
687816465022586880
687815835897982980
687815626992267264
687815611183968260
687814970046844928
687814899641245698
687814878518734848
687812520145465344
687807037300936704
687805799951904768
687805757170053121
687805725754703873
687805663079206913
687805579193106432
687795407506792448
687793168897732608
687792610354790400
687790899288518656
687790734376878080
687786054825455618
687784220207505408
687784190973227012
687783046603509760
687782012762107905
687781943577030657
687725873840050176
687697733021347840
687491174756552704
687423603906838531
687408819178213376
687395984700260352
687377547990990848
687377343225049088
687324962886008832
687323399094272001
687091528926269440
687082193747841025
687082016026800128
687081888964546561
687072581757763584
687031619614420993
686983958689517568
686965593392582656
686955735092051968
686752045882306561
686721833517871105
686706687613530112
686687710602485764
686676523915587584
686637407576276992
686276371081998338
685958962890567680
685926874652905472
685629023930593280
685628941671862272
685590394764038145
685538587350175744
685519306185125888
685292205695631361
685291450821521408
685251242940067840
685247871138938880
685235438697644032
685230084840529920
685202579618312192
685200563504480256
685199550995288064
685190517353615360
685178543446167553
685167191893803008
685156834508812288
685147840423706625
685147689529413636
684908632681533440
684887711719657473
684867378757251076
684856945807720448
684791316924911617
684764678707384320
684764190930788352
684588728854147072
684588458090840065
684541068742819840
684532095952134144
684506319693348864
684502134310633472
684490236760604673
684474302758961152
684472989421682688
684461169315217409
684449340283334661
684445267018526722
684179321427222528
684179185515032576
683868258655600640
683868208701542400
683377190176710657
682744957271150593
682652727760044032
682350230684217345
682289836255014913
681957832674115584
681882005664067584
681867999050121216
681855714550243328
681855525663969280
681643208607182848
681599476595847168
681598129838383104
681565625626411008
681531729413312512
681529567434162176
681202845350137856
680509947168227329
680433069518487552
680431440106926080
680430194755121156
680118533230047232
679783619733356544
679732068046082049
679436372105539585
679427018543390720
679391224218804225
679368492492046336
679127438522236929
679089011940573185
679028560523304960
678726901083582464
678353372185944064
677610833300492288
677594883213811712
677289632434810880
677231739308130305
676824312649658368
675812515792551936
675481245770375168
675042559551545345
674725020992602112
674317565745754112
674266691417718784
673972095722754048
673932325676191744
673569088719814656
672846245870702592
672507759653289984
672212331271557120
671795987350814721
671458303130628096
670405656457932800
670007844981354496
669630795183751168
668674886018166785
668674777180151808
668550947828797440
668550475055276032
668148165636435968
667896270673960960
667839811491770368
667104621828120576
666624507852005376
666623969089470464
666395534647668738
666089130724577281
666089087904980993
666088982879563778
665989789976551425
664239818742755328
663846153893605376
663777079259893760
662416576612667392
662347983082487808
662021009382334465
661657974109147136
661271709434015744
659791882201923584
659538635771895808
659538369450373120
659537724685201408
659536831021580288
659536429937090560
659494250669740032
659399889558700032
658722600449785856
658719354071048192
658702577702318080
657269374596702208
657243272385986560
656966631713730561
656948520587386880
656947858998886401
656587560701956096
656587321463078912
656587028524462080
656586654472269824
656180975257415681
655041994691973121
654797371256102916
654779441424396290
654703558277763072
654703326399893505
654432294929739776
654360063981686784
654360019991826432
654354937271316481
654085928844070912
654023533614379009
653732827024875520
653727254854242304
653721788887642112
653716845359312896
653711441447383040
653685101180510208
653646022674001920
653626527502876672
653601319849033729
652610417500360704
652598993617158144
652306882565009408
651880541046738945
651847008999763972
651843354393620480
651529432205668352
650775913584443392
649356431150354432
649000283490488320
648978193798443008
648953392996356096
648615672390422528
648573174129410048
646791815312486400
646791226797113344
646707451140505600
646547407912595456
646509731025031168
646503821397504000
646503786702176257
646485568071729152
646363015974023169
646164053237231616
646048440535896064
646003082011234304
646001641288634368
645660222518771712
645015319929425920
645003236496113664
644990635078868992
644964995135074304
644593100707332096
644256671070457856
644233278480736256
644225860841574401
644166510374576128
644004218374914048
643965649501315072
643956092657991680
643940834585346048
643868347642314754
643866276696322052
643823918579486720
643816273516695552
643621442131652608
643616263449645056
643605069061976064
643596430096011264
643592705302368256
643588992705781760
643577879364681729
643575799891652609
643575630722830336
643574182907744256
643561269069398016
643541577416110080
643509577032540160
643265300121522176
643260240423555073
643256738662125569
643242858753843201
643230310822383616
643216913326182400
643192977540538368
642434519451041792
641334874788528129
641109567720394752
640189466146009088
639960593609326593
639940975243100160
639933602055127040
639928415181606912
639924260199247872
639822089944498180
639180071824044034
638762864216412160
638506092176220160
638504086300549121
638494499778334720
638493328162619392
638487949273755648
638485613709168640
638485477301981188
638483833092870144
638404073276878848
638373683166347264
638347213559713792
638197146034966528
638124782773501952
638094131122843649
637867817069514753
637343062599974912
636981592771072000
636684291796107264
635652574490705920
634830827281518592
634486933180293120
633382450500993028
633124501375422464
633101760362450944
633100989248114688
633099805716144128
633082137789362176
632609315942100992
631718300645392384
631659273655742465
631570894087946241
631558091851497472
630819922839388160
630434330481786880
629396809580855296
628654698321477632
628345042822782976
627192888393203712
626870185920724993
626090293519998978
625742688571162624
624757394027909120
624360956492161024
624213238935330816
624002079183536132
623179059636400128
623170315087147008
623170245142773760
623170182219874304
623169824466710528
623169600134381568
623169552172515328
623169464763334656
623169331363315712
623169057538191360
623168892806934528
623168673952325632
623168557094797313
623168195399041024
623168049877811202
623167688383184896
623167532082425857
623167523328954368
623167430404108288
623167211700523008
623167164523020288
623166990887157760
623166944833736704
623166709185167364
623166660547981312
623166601542512640
623166024083353600
623165969368616960
623165405205364736
623165343809212416
623165295901802496
623164963067002880
623164660997435394
623164381648433152
623164178602160128
623164133895069697
623163846652379136
623163649364877312
623163359681118208
623163136183394305
623162744146006016
623162292914425857
623161896087064576
623161758673342464
623161348445175809
623161216282669057
623160127386882048
623159004311756800
622182248473726976
622140830170677248
622124404516986881
622101715303710721
621682759170453504
621044105213292544
620721262499794944
620710269770166272
620688192979759104
619621373456084997
619186044613885953
618528468180058112
618528397749264384
618513732700868609
617380656167952384
616737498828533760
615970446270291968
615965118933774337
615646108908294148
615542254346850304
614264580731203584
614253112803655680
613709484423278592
613094933445111809
613092205306224640
611951793946390529
610869730539405313
610642859281092608
610506669810823168
610460909492903936
609517502792663040
609498175158620160
609492268815249408
608763318438731776
608350768941383681
608346191777153026
607956446232375296
607915246842474497
607915105129517057
606917556419633152
606850812896247808
606540651828625408
606186719789084673
605858214245105664
605452267744030720
605410278021427200
604409041146757120
604408762447847424
604335637584596992
604335408688812032
604335148008652800
604320390975000576
603940558562795520
603940032261545984
603939571810828288
603315560974188545
602949218794254338
601791429938053120
601530817744019456
601076653075247105
600741991446634496
599311855794913280
599290683216809984
598971513925181441
598556699264450560
598314182145085441
598195625348485120
598193213866962945
596475976994791424
596471793654697985
596469646636617729
596467524297891841
596466086679154689
596463754314813440
596463058089742337
596462911049994240
596462680837206016
596462441556414464
596429042808725504
596428678415982592
596405186488365056
596405134143442944
596405083740499968
596404696518160384
596396416009936898
596385732316557312
596383689463988225
596353436133765120
596343422744682496
596342777694281728
596342684710764544
596342623155134464
596097249022738433
595722600963284995
595632344066818049
595632218392895489
595628922932441089
595628776609980420
595626037263872000
594162862723051520
593915718816669696
593869120149573633
593817971228864512
593815433947537408
593195470060703744
593093342239424512
592766455994810368
592766151341559809
591683541341184000
591682608850939905
591678020806647809
591676374605287426
591675466957910017
591664264101896192
590932661843165185
589166082268631040
588423463649476608
588423405466034176
588419516243120128
587615810916495362
586610532792303616
586585030547402752
585917567254011904
585448644117192705
585164151032537088
583745899630878720
583738091434860544
583737505301798913
583732451069059072
582906691848638464
582906372926345217
582906258694529024
581560049966981120
580804181449187328
580795579170717696
580729446321258496
580364837970153472
580364704763244544
580364032659587073
579670491587301377
579403926144864256
578547888051109889
577557870503399424
577557355925270528
576473096602980355
575290325108965377
575037623133208576
575036883396395009
574935272066007040
573621366345371648
573558661454368770
573556282281558018
573498154915659776
573251333303742464
573212898266390529
573181105165209601
573173509544931328
572886758272057346
572574049299263490
572498549541351424
572498293839814656
572497864821227520
572497369260040192
571377835153043457
571019731609612288
570599540312518660
570010120710549504
570007787226267648
569577951383015425
569316514089668609
569316070428774400
569314072899952641
568900962921762816
568798433399611392
568797357552218114
568415973729910784
567795514260090880
567513069866475520
566060428778684418
565753409320411136
565676001683050499
565671261247111170
565596842390740993
565574738173759488
565557015314169856
565554458353209344
565554030924292096
565321319466950657
565267761744838656
565232666807525376
565210180963401728
565171752137814017
564859032343564289
563936041682210816
563935875285794817
563832065083195392
563574532019998722
563573515782074368
563164663094181889
563119889469411328
563085352572030977
562824000272084992
562662873147510784
561800508919525376
561350721166376960
560995553094680576
560995350811787264
560947557581725696
560947419970797568
560947269965725696
560947122624032768
560906990570840065
560902777467981824
560902630176587776
560865053214511105
560864929092472832
560839982307225600
560813020616863745
560218395627749377
560217747670700032
558755658091089920
557085492689522689
556659669637545984
556540538271199233
556540511868055552
556540485196455937
556534853189910529
556235331050418178
556210533276585984
556123624881811456
553621692585881600
553336644603248641
553232347362263040
553045451168292864
550707207168614400
550706744901779457
549708816502501376
549707327591698432
548168127461466115
548167902294450176
548167622970580995
548167281902374912
545824788917129216
545772669019250689
545753721695895553
542043943190290433
542003793408557056
540678522608427008
540242409524051968
540242373314637824
539186252306972672
539185947766968320
538764989482270720
537361878281117696
537055462357999617
536691971369500672
535922874993745921
535208272069132288
534952694163972096
534871342399909888
534593034416304128
534592741817462784
534159646370840576
534138478951682048
534137059771162624
533662704352116736
533662168965984256
533662139165474816
533365605060317184
532720102094159872
532716728330252288
532656914774368256
532600474000982017
531516988577701889
531294001983664128
530872410031931392
530106077023854592
530097718321217536
530026688647004162
529846795112022016
529422378812846080
529420415475941376
528995906973339648
528995832461529088
528995389945696256
528337734633816064
527529123011641344
527528759730384897
526883059212513280
526882420684230656
525694887707279361
525694605321596928
525360915202723841
524955387624443904
524723649526628352
524723376708157441
524723320324124672
524676071485374464
524299827748679681
524067473554165760
523727397091540992
523690998602674176
523582836268597248
523526199616995328
522994397286506496
522929227499593728
522923813093519361
522162430273921025
521711067509317632
520687212963561472
519979878184398848
519638799182094336
518465935431442433
517743546372083712
517160312445747200
517145964151177217
517117341734150144
517026467717611520
517026390278176768
516731142544707585
516021266197659648
515563143393968128
515309002725789696
515198851561422848
515190145016803330
514842621340966912
514821735578099712
514560299194920960
514550037549187072
514462699707592704
514098629292720128
513808255328329728
513727201611485184
513090125643788289
513034744683298817
512668897674153984
512667906019049473
512409804967784449
512352930351947778
512352390645690368
512325158409748480
512323512334573568
512102492096589824
512000208738070528
511977052405104641
511953957644935168
511915994608975872
511915903991050240
511723997319266304
511697019836956672
511653309178851329
511593758690127872
510864278988271616
510135117176528896
510118176202297344
510111200647315456
509844111226961921
509813305381507072
509740325108068352
509410754081337344
509402309898416128
509389364346880000
509372570273984512
509366446145560577
509100471361867776
509055185705267200
508753148744192000
507941980115308544
507691770151313408
507685583812972545
507305783046844416
507242198950481920
506952958840279040
506940862169751552
506848299140530176
505403180168261632
505088834456289280
504355295414349825
504033648077975553
503954664631832576
502866106353065984
502567136091705345
502546672871018496
502490462465175552
502158225756942338
501784597915762688
501417089848991745
500713096118562816
500339750214336512
500059000357281793
499611290860806147
498946585120604161
498246294075633664
497450244888887297
495356538970996737
492398217510658049
488740638096367616
488736324024037376
486914628564168707
483726386989760512
483663263385649153
482745085008687104
482713979660156928
482712508042457089
482606730602221568
482606237704409088
482604669965832193
482338290347958272
