677534920785461250
676990541826011136
674998220284633088
674273443941122048
672461427479851009
672164785937485824
671750152562958336
671374327548350464
669924860529942528
668837518465478660
667387886333992960
666662836450500608
664882576851533824
664138852097921024
661964605275529216
661282480758980609
659042586305269761
649405664335384576
649371254181502977
649336851355049984
649302375245705218
649267817217458176
649233728980520960
649050861130358785
649015841741258752
648981014698696705
648945875172085764
648910882815262720
648875999510306816
648841024849203200
648677662492348416
648643164656562176
648608635526979584
648574374786809856
648542554850525184
648511460298084352
648306017969827840
648257373807751168
648215298701664256
648177074772045825
648117715564167169
647985888174194688
647951103695396864
647914174476107776
647888682494636033
647848934501691392
647812382820036609
647773717016276992
647731894960959488
647612127981797377
647578604818288640
647543677926146049
647528265322758144
647495370914832384
647459913237721088
647432029542481920
647399024694296576
647365368294572032
647241425252429824
647209517688725504
647174938449846272
647142976494374912
647111218877071360
647079123605716993
647046262894624768
646883850996555776
646855902948143104
646827989754355713
646800021954953221
646772064410427396
646744191264010240
646715987010658304
646689096866336768
646664689628286976
646524397843562498
646500069907300352
646478177611718656
646453736659898368
646429287160090624
646404889405427712
646383060603244546
646358671375630336
646334016132673536
646303394446057472
646271293852098560
646144509311614976
646117351503589377
646091043230846976
646070490780561408
646044660654342144
646017577622335489
645990723972677632
645963781009502208
645789070308851712
645772261631348736
645755401686941696
645738617785204737
645721835510886400
645704889532715008
645687918414180352
645671021962526720
645654326355083264
645637341604880385
645568850864537600
645555644104339456
645450363793973248
645436066854473728
645421740122861568
645407362476605440
645393088995848192
645378651786248192
645367551967514624
645350068606869504
645335653878759424
645323763005919232
645307709231886336
645296809821274112
645282528836890624
645268267452485632
645075137008680960
645057500048453632
645039449664028672
645021538929016834
645003634376343552
644993417072758788
644975550570872836
644957699009064960
644939781038850048
644921942584225792
644904071258865665
644886105909764096
644868301223526400
644850457702191104
644719587309826048
644700252042342401
644680758750248960
644661468605087744
644642053599662080
644624739730857984
644607600051490816
644588208848773120
644568823765581824
644549494982463488
644530334806228992
644510649238835201
644350724927811584
644336793417072640
644323756152893440
644310189303287809
644296992739446784
644283134398320640
644273494675574784
644260122248749056
644246380668715008
644232596956778496
644218207499354113
644204736107966465
644190904719425536
644176825514655744
643973117694640129
643960372152639489
643948017498877952
643935687516008448
643923266118283264
643911065051471872
643898653854302208
643886397590478848
643873981649580037
643861726245597184
643849358954360833
643837031202877440
643824770925088768
643812287552311296
643800028528644096
643775369225596928
643630853252325376
643617590145884160
643606727196282880
643594853364953088
643583212514607104
643571256357482496
643559516609642496
643547720188346368
643535757949464576
643523886705983488
643512199672143872
643500394568679424
643488437455167488
643476599476764677
643464768834117633
643453003580751872
643441400416178177
643429352114405376
643418420206272512
643416658871218176
643414716203823105
643263795746504704
643250875142680576
643238152577155072
643225207495372804
643212458275045378
643199539130855424
643186802673745921
643173960465707009
643161036250587136
643148201256722432
643135521397583872
643122596276473856
643109758669602817
643095735169384452
643040790646800384
643022423877623808
643017929223733249
642901117924458496
642889091340570624
642876791640752129
642864593585446913
642852740855672833
642841010435948544
642829426825162752
642819288169082880
642807953603624960
642804530795687940
642797579701473280
642790848632123392
642786817121648640
642776219977711616
642765665225601024
642755116085440512
642744728400842752
642733985177714688
642723434502467584
642712905704689665
642702302252503040
642691787941933056
642681114432270336
642650124510957569
642556857614270464
642545465574207488
642529085906927616
642519245998432256
642517373673676800
642516919850016768
642515143453245440
642511804661407744
642503203360219136
642496182288302080
642487671592493056
642478901852307456
642470038675550208
642461514474123264
642452420874924032
642445082860351489
642437829293907968
642424973144027136
642412148136779776
642399231236554752
642396830001725440
642386488286670849
642384864071823361
642384711709552641
642373556727324673
642360712367611904
642347879085043712
642335216196026368
642322303632715776
642308445396463616
642292112671834112
642286680200900608
642195957896056837
642183883178573824
642173596123680768
642163934024351744
642153878834819072
642141642028371968
642129484288757761
642117403518869504
642105358639611904
642095125926146050
642084792180305926
642073862977519616
642063108194856961
642052311515295744
642041378378264576
642030643656925185
642020316374532096
642009158309552129
642006723096653826
641998878414389248
641988352091271168
641977859884646400
641967199855448064
641957574129131520
641952330695446528
641948244923285506
641807208569769985
641789306185621504
641771367084490752
641753593457065984
641734437705777152
641713873175883777
641694461492375552
641658861200506882
641657215779241986
641655844250251264
641654729706196992
641651829621850112
641633056588201984
641614060732162048
641595724858322944
641580677817876480
641580379560902656
641579982993641472
641465824809721856
641434655661625344
641403762087739392
641372250147549184
641341284695732224
641307880411529217
641276217199624193
641230612670623744
641072549892390912
641044142534082561
641015666900910080
640987185257259008
640958732223037441
640926786503745536
640894902637883392
640862392142950400
640490052259303424
640329950139162629
640295710676676608
640261550872350720
640227177015943168
640193247399288832
640158171370246144
640152174413131776
640011384718274560
639980310818619392
639948427787403264
639916478574235648
639884400516296704
639852465379233792
639820504111689728
639788537412472832
639734303736336384
639642645413933057
639599527876558848
639556582381101058
639513535178010624
639470521097322496
639453327869255684
639444232009289728
639431019729453056
639426430036770816
639256871363325952
639229432771821569
639205724787187713
639180386975764484
639154095564177408
639133218390851584
639121707761029120
639106979902943236
639098466988367872
639093539142549504
639085564524920832
639079275048644609
639076618649141248
639072585922252801
639067257184849920
638905336670384128
638863801069256704
638820021775405056
638779012660240386
638735675362275328
638693292897660928
638543093663404032
638496055261298688
638455930242355200
638449127236464641
638386848918843394
638341590923280388
638143687072026625
638078079680782336
637968353810870272
637766079129980928
637696875383099393
637632833666875393
637449112196128768
637393597042659328
637312328103497728
637273249513086976
637090484872216580
637039718052593665
636972478313689088
636904329706893317
636738287957315585
636673256129449984
636606899702628352
636356768839376900
636293322970152960
636229491472338944
636165895929339904
635971169099870208
635908013052809216
635837372786155520
635814609228840960
635615895906328576
635523770728497152
635425062087168000
635235291830296576
635155117579345920
635088800885153793
634886292644458496
634820376355336195
634758221635448833
634696502770814976
634516788718489600
634458728142610432
634407392747364352
634357496665239552
634151997827121152
634100422727335936
634043363562491906
633821892521164800
633755790273179648
633690576144044032
633624993981681664
633428735404953600
633344172951531520
633265409601482752
633060212887449600
632998420798644224
632890355478867968
632710459209158656
632644174387507200
632564541184978944
632361014735073280
632297163515658240
632234135386460160
631986423084773376
631906753047842816
631838274739412992
631635881280057344
631553651249516544
631468640848748545
631271755844292609
631187626486300672
631103715232096256
630876686813392897
630808679479177216
630745159714623488
630518547190579200
630458801783734272
630165513285541888
630084670609297408
630005433105780736
629806177992474624
629737064154669056
629671144057085952
629427872642531329
629389309523570688
629329775094579200
629284350903885824
629078519738433536
629000316759969792
628917087516409856
628742770602209281
628647045792931840
628568727571857408
628326040457359362
628232742350790656
628152939585122304
627925091314200576
627575621988782080
627489229862510596
627287520460546048
627200849136254976
627119613487267841
626930077461282818
626850124464025601
626747689393389572
626534430216208384
626466999837831168
626388300367036416
626200246905884672
626113260681592832
626029679854665729
625818237540900864
625699947288113152
625606618802180096
624363024892194816
624222712240709632
624013125046636544
623885759427276800
623594352854593536
623479832551292929
623308498072379392
623165595773718528
622946814614990848
622893992569622528
622566108801933312
622499653460828160
622395735158452224
622210885562576897
621042858393509888
620958831540084736
620758381696032769
620695202307682308
620612408973901824
619889396700024832
619572405351096320
619260780962254848
619161866514907136
618862611539578880
618777668444659712
618556897138970625
618218170311155713
618146584052793344
618143130903298048
615660351825276928
615520379650580480
615286824722923520
614912402841333760
614815966053203968
614574224645206017
614497642425532417
611189324600754176
610920384741945344
610554918768930816
607961095228276736
607867023587041282
606622990101565442
606547376073883650
606263950066499584
606179485449392129
600078682321981441
599577504429568000
598266992190185472
598135057409306625
597892206788227072
597711216425984001
595633383436320770
595380758866427904
595285997425991680
587771824756416512
587607295019847680
586355727763144704
586162744870760448
585067084045946881
583406788659322880
583253522403196928
582644606044676096
582534807659372544
581077821021425664
580152369561911296
580009166405804032
579347283789115392
579283968417247232
579029465042444288
578941867817058305
578697052756013056
578552831604555776
576175398628798465
576012619636690944
574958808268685314
574723465556680704
573552189311946753
573446754345062400
572760361444761600
572387631440510976
571008982959202304
570927221944287232
570626628801449984
570626517279088640
570414302215217152
570373705752305664
569855161461542913
568786544179474432
568786440777293824
568553607769014273
568378392602673152
568137390147162112
568068841173061632
568068771153350656
567701545824047105
567441407728951297
566643552785297410
566643470971179009
565900978864803840
565824499518812160
565824212800397312
565157503168573441
564894400325890049
564786441843384320
