710209644543811584
695790898777468928
661971429152329728
654373493639786496
646752821577142272
644926529906937856
644564085544095744
644201506984493056
643840157787918336
643839421859557376
643526491234439168
643468802156457984
642446324953034752
642389754764394497
642027311139655680
641696372811370496
641696020284358656
641664740297543680
641301900659306496
641272680675577857
639855731458510848
639490555685154816
639128456026980352
638856998532943872
638403698134114304
638154598205648896
637316422725562368
637015410034892801
636953923782230018
636665463104114692
636605915332898816
636214133042491392
635866743299162112
634779437410725889
634417321683976201
634146640975163393
634054984103936000
633692929937149953
633330073454559232
632242994314240000
631880436868755463
620709985639530496
614492597273260032
610577665091858433
605056938221502464
604427228013805568
604397805864632320
604331722268758016
604074629779447808
604014439310974976
603699147569549312
603607375132676097
603289852378030080
602942342190870528
602914666961047552
602881842606309376
602585310099148800
602550948284768256
602518259456421888
601868230651699201
601795110951526400
601517313578401794
601499821652992000
601150730112733185
601071925125775360
600791155022921728
600773294699192322
600704405961318400
600421602996551680
600406441296601088
600347937030295552
600043167828676608
599984694013235202
599323656595070977
599289121744429056
599258763816644608
599000857422798848
598945926024187904
598938291719806977
598899505602375680
598270718481018880
598267056140775424
598170743218642944
598165475500097536
597895286648868864
597878415732027392
597861570195169281
597526668169863169
597478876940529666
597445940639707137
597437271248412672
597189593201508352
597159446553440256
597144048952942592
597099044368945153
597083672592850945
597074550367526912
597074211622883328
596794320780394496
596781643567730689
596763930594279424
596736966282051586
596721454147710976
596455247763152896
596419857207435265
596410965119340544
596400195492913153
596396831510241280
596382934275264513
596358966491291648
596094803370115072
596094421357228032
596059690573963265
596011132365639681
595996572850069504
595990913819627521
595976598190325761
595779843884720128
595735314066501633
595731069103636480
595694840467324928
595694581490065408
595671790829096962
595665087492403201
595647910479581185
595646116781281280
595358685897031680
595335471271575552
595327459693830145
595283688704712704
595249902923415552
595016823134892033
594994900246077440
594969949917032449
594955858787827712
594943343517380608
594937154616184832
594925413568221184
594699632615165952
594679570202112002
594654707521486848
594633796521197570
594608464481005569
594599394172801025
594577957340844032
594567058546937856
594550454719094785
594523031269220352
594322992882122752
594260187361382400
594259369103118336
594250216452333568
594247926462963712
594229872274214912
594196585636061184
594184799486521345
594172840775196672
593967014370156544
593963113801723904
593922233040392192
593898272168673280
593867441484136449
593861042192678912
593847076972339200
593830493755432960
593830219628281857
593829796553064451
593619575155097600
593583111260250112
593569637926891520
593565536522412032
593561953374576641
593552919791796224
593539521691561985
593521932579971072
593521337412390912
593520695021215744
593512921071652866
593508471074525185
593504171338256384
593488370703171584
593474863941169152
593469229208346624
593469125395148805
593459848991248384
593453451322916865
593221999884902400
593220874494472193
593211610510004225
593203194823507968
593184684982575105
593184624743948288
593184525636739072
593184448914522112
593173864084938752
593167034332028929
593158963249737728
593158298884509696
593157896633876480
593152102135832576
593146164502892545
593142449825918976
593122659900067840
593121114953515008
593120814398054400
593120720667938818
593106898242510848
593098446623543296
592901386985205760
592886115234934784
592871071021404162
592840813865996288
592836576683646976
592831877800697856
592830227274997761
592830162066153472
592829832989429760
592810924060336130
592806447030870016
592800471376596993
592799439804301312
592793738528890883
592785006227038208
592784118011789313
592769713102528513
592769461322686464
592769264295227392
592751332936802306
592737594208817152
592734365001592832
592564443944386561
592549983691243520
592549923268206592
592525054820384769
592523943132594176
592508827142115328
592508801732976643
592494769466662913
592494052836159490
592460053866618880
592459887201910785
592448293281538048
592448269348900865
592435706095505408
592435093446074368
592420701807730688
592420159878524930
592417908141076480
592408007431966720
592390195456126977
592389082904428544
592375886688694272
592375309414072320
592373035497197568
592359397529153537
592359178573873153
592358687659950081
592203031082438656
592176473760407552
592176193341886464
592165795284713472
592158321668395008
592157412590755840
592157274052939777
592139147009196032
592133626956910594
592132669082763264
592115969109008385
592107802711097346
592086294055899136
592085766177628160
592085538045239296
592079035280142336
592078799879020544
592070684320206849
592055771791290368
592036099838636033
592035884008120321
592010295272312833
592008848841420801
592002519372419072
591831829352550400
591826486245601280
591814537638256640
591800373888753664
591799665185652737
591798001628250112
591797613189570564
591741013070389248
591739725137858560
591733158183206912
591730508632985600
591727984572149760
591727534384910336
591726724708048897
591726319295008769
591726022304759809
591724658531041280
591724228627431424
591724183286976514
591717794963529728
591716725458014208
591714444394106880
591712581980594176
591708503821029376
591685646927982592
591684228284223489
591678286952009729
591671146300383233
591670979702566912
591670482556039169
591670368919822337
591669974638268418
591663362129420289
591660497281384450
591658868041650176
591649509446266880
591633599201349633
591626496994775040
591623732931600384
591609358628167681
591483062954823680
591451620837306369
591442955040337920
591442617705070592
591441607569887234
591431574836510720
591417501831065600
591414182056218625
591414146836656129
591409961730756608
591406835481055233
591402675918471169
591379930207879169
591378093052395521
591369895822032898
591369494003470336
591368548339097601
591350616049455106
591336788582469632
591332773115244545
591319412621312000
591318376863113216
591307942596587522
591305750896582656
591301210197614594
591300712711266304
591299752060420098
591299334706221057
591298052331327488
591297308991614979
591296807470292992
591295832755929088
591295625066602496
591294438430867456
591294394990469120
591293021104275456
591292147439112193
591291889741103106
591291326622208002
591290904406798336
591290599267028992
591289748125253633
591289600657723392
591289226748108800
591288485266489344
591288154910564352
591287589862297600
591287297099886593
591286968606064640
591286079527002112
591286002209009664
591285676047478784
591280053075382272
591279723818262528
591277434122539008
591272095205564416
591118060825628672
591104225263751169
591096698530758656
591075646261989376
591066246034030592
591057676643078144
591054381782474752
591047438879723520
591030193164189696
591022860585406464
591013675961491457
590998941723860992
590976984529833984
590953860681699328
590935033021472769
590933805990432768
590933794548420610
590932191758065664
590929905254174720
590922926905397248
590915491792715776
590908316294909953
590896537875550208
590882751437348864
590882744202178560
590747777531047936
590747724871503872
590747618352979969
590727964305817603
590727717315805184
590726817155264512
590711665244569600
590677716678144000
590664585079877635
590643707021504512
590636700319293441
590630755845464064
590629759534632963
590629163347922946
590619034632200193
590618854650421249
590614724280246273
590613627553603587
590612698565574656
590607872876240896
590605316263391234
590592355226546177
590588355391324160
590584438800703488
590582993154084864
590575928746582016
590572063552831488
590567396399828995
590566775856750593
590545573977161729
590530446032707584
590394634167169026
590379549868724224
590372074809528321
590370645747175426
590370469573828608
590358094569320448
590355391369781250
590307355209797634
590300247705972736
590288597527433216
590281987459416065
590275101439885312
590273919942320130
590273360895971328
590266284413214721
590260932434989056
590251247124488193
590250283323691009
590249721186287616
590235168562020352
590213446249091073
590212475095617536
590192931773894656
590192716803366912
589986524483100674
589970912222412800
589959149523324928
589957850564169728
589939340291112960
589938599438594048
589936921863786496
589936348091428864
589934984254787584
589934953183350784
589932854429159424
589931922635161600
589931080817356800
589930111647940609
589929507009638401
589929117069352963
589928475076612096
589927448977940480
589927151345868801
589925909911633920
589925104668147712
589924666992529408
589924620897157120
589923870141849601
589923555829096448
589923515307937792
589922839572021248
589922403402133504
589922042058645506
589921941751877632
589920685914345472
589920065505505280
589918951338967040
589918663207100416
589918543438688256
589918397204287489
589918162491027457
589917836702720000
589917606531833856
589917583853228033
589917569382879233
589917555210330113
589917528924655616
589915844454526978
589915215459852288
589913141032648704
589910284216709120
589882880802721793
589876800785752064
589868246972510208
589850556195176449
589846155862773760
589590647444606976
589587124392960000
589586780220981248
589568010957950976
589534442579841024
589519879427854338
589518604741251072
589503893341536256
589473641823252481
589307486768930816
589269725634527233
589254595290890241
589229204643778561
589222311892389888
589199829496004610
589198676133748736
589182051963789312
589156144838356992
589127272709263360
589122882950803457
589110749873590272
589096550049001472
588926365597990912
588925734871113728
588887721768157184
588856889858887680
588837455832420352
588831922081681408
588818664687738880
588810336943218689
588779802863239169
588771977462030336
588764173468884992
588764075439611904
588749971911901185
588749336026042368
588731665834356737
588730302123630594
588539129836744704
588531769437245441
588531743126323200
588528335807905793
588498238350565376
588497202525249537
588477253983596545
588462059152658433
588447531668873216
588439323441258496
588432313102401536
588429942565646336
588429605284945920
588424069508243456
588414824880721921
588410420995620864
588401777726332928
588395697734451200
588386927323193344
588364981680218112
588127351575314434
588125923498680320
588099522913505281
588085247755038720
588084362173906945
588083962142187520
588083779903823872
588076916806131717
588039398350028800
588023946789814272
588018789738029057
588008704705957888
587832957680791553
587812854125821952
587807536943931394
587805582830219264
587805179791171584
587802682988957696
587802604387885056
587797667125862400
587795621228064768
587792432525369344
587790581167861760
587775159177580544
587775133475065857
587771995435044864
587763970993303554
587763517979238400
587760640808239104
587748147415289856
587745576101359616
587745038744084481
587737415567204353
587729357273108481
587726321603584001
587717708633899008
587714494132051968
587712415040569344
587712004929912832
587711778219360256
587711748183986176
587711725308284929
587710387694346241
587710022710206464
587709392625123328
587709274228293632
587708999627190273
587708622697705472
587708380367552512
587707872399622144
587707743382847488
587707363529900033
587707220210495488
587691987135901697
587677053081804800
587672214335459328
587486467196190721
587479186534612992
587478967260549121
587471143113588736
587468481173393410
587467731953328129
587467366499356674
587467148882157568
587465382522441728
587435980535107584
587435817678671872
587435037282344960
587434650768777216
587434611900203008
587434530547507201
587434363077406720
587434270953615360
587434095241625600
587434068054122497
587433360059936768
587432270648098817
587431323574210560
587431274144407552
587431108423200769
587430781259161600
587430415511588864
587430005195456512
587429109682155520
587425499581820928
587420955254755328
587416980363161600
587411131037122561
587389811079647233
587374704803078147
587359639265796096
587316589868924929
587314463025586176
587299560818479106
587121565113933824
587038736887648257
587029890060394496
587027729809219584
587013243371040769
586963213813739522
586938822904143872
586921489028354048
586912645267066880
586910748535697409
586910610794815489
586910533837721601
586743927933403136
586665986926837760
586625178651602945
586620775936868352
586615969960833024
586582989443768320
586581124404486145
586580630781108225
586560587074822144
586559908247502850
586396197876736001
586396007635619840
586394914537115649
586394280370970624
586361571527397377
586342453080432642
586325629382955008
586320597443072000
586287623813079040
586279999071768576
586261093061947392
586253549388062720
586229018573176832
586226289603809281
586213051696676864
586035456615124992
586031524748853248
586031357706375168
586024163472605184
586015730530791427
586007388571897856
585990319168098307
585986021189230592
585983344262848512
585982844251418624
585973327941902336
585942788069466112
585941804572250112
585933704901427200
585924728449179649
585922935405187073
585890596537044992
585890375291645952
585847160840855552
585842237767942144
585834916627226625
585806339772919808
585668642391650305
585661454197592064
585653303121469440
585646014431756288
585637884746661889
585622756764602368
585609925319122944
585597841432834048
585594078114504705
585563534030942209
585545892008165376
585233291466387456
585233103259639810
585216243994648578
585207529111756800
585185137140355073
585182240482709504
585124940283781120
584898044484681729
584853232586981376
584844277609590785
584782670049193985
584761684465557504
584520756542873600
584479431986651136
584432867209584640
584399950886207489
584114181684633601
584098626433130497
584083470785388547
584068073973485569
584065928083673090
584037925706342401
584034244227399680
584031678529728514
584022709539069952
583740206366470145
583735063424081920
583729464737144832
583720815352360960
583714328194473984
583699163818299392
583696743209893888
583686359862353920
583685923256270849
583685434917711873
583685224980205570
583685106600124416
583666916331364352
583666556288176128
583427423200485376
583422028704714752
583410876327178240
583409800802893824
583400133842186241
583392147568721921
583384905616367616
583384827744903168
583384737550622720
583384453755482113
583383378256371712
583383294999437312
583382866995843072
583382813988294656
583382731003957248
583382656274042881
583382612686860288
583382550359445504
583382457015222273
583382376019042304
583382144887717888
583381660743430144
583379380350648321
583379279054012416
583378885993230336
583378583932002304
583378505171410945
583378414721216512
583378293447127040
583366452310245376
583357342030254080
583352855316160512
583341476354007040
583317001226960896
583059291378098178
583033697818931200
583027046344835073
583011287501672448
583000336475910144
582975907129872385
582706032473874432
582696087414185984
582679946994184192
582661836618612736
582639730837184512
582595569849278464
582230828165533696
581863415536226304
581627276824997888
581501373885206528
581256481368088576
581211463441874944
581153605635424257
581131987139727360
580881129600761856
580853420141064193
580806053396230144
580775991095664640
580527450863603712
580189635483209728
580121989827821570
580091091850002432
580078780342874112
579328547057115136
578964542283083776
578696087902531584
578673432453373952
578662585534414848
578635913791713281
578627989514104832
578609037555568640
578594222263025665
578344226636738560
578319444763508736
578310803960418304
578264781066354688
578258361075929088
577983528127746048
577877311615188993
577575499888783360
577545856221478912
577520934002823168
577514837527248896
577212715241865217
577152302559014912
576850346749792256
576789926802427905
576508464194711552
576488138555592704
576465262817378304
576448152900751360
576427561909014528
576165677226012672
576157469891661824
576150090445824000
576129174861164544
576065603716288512
575759483189616640
575757405302038529
575755597661872128
575752181443223552
575745474281394176
575420239556448256
575363506112954368
575363025948925953
575087572726247424
575076489697304576
575015274858049536
574615691573100544
574268637176950784
573961074422185984
573959091007131648
573909976126611457
573636958515236865
573588412478844928
573573802300346368
573566175914786817
573213133122093057
573181349034508288
572894125332307968
572849251690127361
572819068878647296
572532362258591745
572489201654104064
572489117239533568
572456417614950400
571377614826311681
571010152876240896
570674352380907520
570649775072096256
570282943077224448
569920080584134656
568911731990372352
568832526086643712
568531245065375744
568500062822789120
568483456369467392
568184412870991872
568109662714769408
567849114039390208
567806053326319616
567746181892026370
567459230412599298
567425325869850625
567386818723581953
566643066086232064
566387403644891136
566359646017826816
566311519541940224
566030642786598913
565983265069088769
565924121670713345
565574283146326016
565573453424910336
565209122098778112
564949668527091712
564847870793105408
563759572217647104
563516899053432832
563396714057318400
563092340181856256
563019339373490176
562309552608006144
561584733646123008
561222373337071617
560961317235089409
560497541398024192
559872957338497026
559772773745033216
558745518449238016
558014926044680192
557625114074689536
555820200474324992
555474361302274048
555142257670500352
555073480375275520
554756653019447296
554706210180444161
554337014368055296
553688080117686273
553627867599618048
553325505165160449
553265066741878787
552997454392877059
552585869040025600
552535676198330368
550562339552899072
548176372716163073
540240057395728384
539948827327733760
539930022169964545
539874895229124610
539871867071643648
539558833580806145
539558738827706368
539535190734143488
539509189991620608
539502854386380800
537743937902247936
537742902655713281
537698635094695936
537697638595178496
537667411085119488
537391400833142784
537381498765475840
537380262750224384
537365324702552064
537342116246978560
537340165484601344
537340081779253249
537044441974841344
537016592761376768
537012603222908929
537003698962956289
536976503624306689
536976258903851009
535931245822107649
535930960257503234
535889400329011200
535889203780149248
535865953771208704
535494109222273024
535180672026279936
535175021350883329
534836558650949633
534768087908626434
534414628340908032
533322748115042304
533037628602343424
