836568962938753025
834667369498759168
829572930665340928
829572923207905281
824900340378013697
824607346374561792
824607302388822016
824285960212922369
824285884291817472
824285872090554368
824285850586357760
823755581424963584
823389004515184640
823388997745569792
823094469901697024
823094458925256705
823065678492160001
823059451699675137
823058173389053952
823053985896509444
823047973303042049
823043886171897856
823043877300944896
823040860027633664
823040536743284736
823040515692064768
823040490589126656
822692974475681794
822692943198765056
819188282324123650
819182797382258688
817433331209904131
817433281117360128
816207087982120961
815816672409812992
815600636418850817
815600620757389316
815600607692288001
815600158154948608
815600105277378560
815543761895849984
815181887316652032
814875275926249476
814875260826763265
814875248038322176
814776870893821953
814762245116674049
814754894892634112
814754519955304449
814754510102896641
814715003169185792
814346446887653376
814342888796590081
810469203744526336
810464153521582081
810423482148384768
807235498129457156
807223654945652736
807222482612600832
807180444714221568
807180432533921792
806897476431003648
806863409341956096
806863384876642304
806863383786127360
806766310415663105
805060295265751040
804325900250730497
803819986695360512
803526525110755328
803153482362535936
802859083430854657
802858210071875585
802849155479695360
802811767843880960
802426956675305472
801350100761149440
801347531502473216
794507103821930496
785443274530041856
765061423860969472
765059416332857349
765055646618222592
765052960237821956
753258871385391108
752794673060712448
752769482762948608
752764934770098176
752762448684417024
750010771111829504
750005916905435136
740771108635463682
740221411642343424
740221393913053184
738314684563001344
738314616149663744
737155975317069824
737155328953847808
736910975857627136
736910779111202816
736899211497611264
736880448031232001
736880435645423617
736880425541337088
736876773443407872
736876536620425217
736876313814827008
736875982427029504
736875913288126465
736875709038133248
736869616224329728
736866756208164865
736862261021573120
736861854635458560
736861840961998848
736861830186835968
736861817142534144
736859171719520256
736859140450967552
736859116023341056
736849173631229954
736849153808994304
736849142635364352
736849115686936580
736849095097098240
736845158931517440
736845148156354560
736845100437803008
736845089104744448
736845075829821441
736845056603127809
736841347647164416
736841315938271232
736839902805921793
736838417330233344
736838306634178561
736838241064624128
736838157094649857
736834152339636224
736833168850878468
736831750433710080
736831715809759233
736831173091983360
736831141357850624
736831100375289857
736828955848638467
736828876651790336
736828684254875648
736828422773559296
736828210428547072
736827938113359872
736827706906546176
736826587308396544
736824659040051200
736816586367995904
736814166636257280
736814152086224896
736813839660916737
736810362457067520
736810347454025728
736810328571314176
736810318618234880
736761963359899649
736544757770395649
736106572493914112
735959437941313536
735959420509814784
735129488917430272
735068096591843328
735067980581593088
735067839464230912
735001513651671040
731083332994244608
730669765421764612
730657370083188736
726157179493830656
719086899193888769
719086884736143360
718456173167423490
716867620478132225
708311949076000769
707958960318382081
707958938428309504
707951981554323457
707951964378673152
703141096725983232
702103318735114245
701683020172959744
701624582667632640
701051077387493376
701050978158641152
701050949649965057
700935252303343619
700933030811189249
700933019163607040
700933009776709632
699813900859133952
699546676273352704
699546501018578945
697756557434552321
697677425694474240
697676628999012352
697676612444160000
697676596790988800
696659768497209344
695975503887536128
695610021850120192
695284195061399552
695284179215347712
695079690948640769
695079072674684928
695077810239467521
694863649630912512
694505788367204353
694453647581687809
694453560445001728
694445398006444032
694434110123585536
694434065055744000
694433192518950912
694433168531652608
694432775676428288
694432728033329152
694432703320428544
694432680658612224
694097589315117056
694078641982943232
694078639248248832
694078600367046656
694054155967602688
694034876459143169
693841974781054977
693754753528963072
693719306702495744
693719249391476736
693719239992061952
693696723621818369
693696086389555200
693695751780630528
693331446769983488
693331437584404480
693331426884734976
693331413983039488
693331389148561408
693331370228101121
693276349163634689
693276341483888640
693276328464748544
693125327942340608
693005052932407296
692979368411467776
692972099082805250
692972087670108161
692970192188604417
692740832877654021
692739959757807616
692739907584806912
692739791251615744
692739682451349504
692739661429501953
692739648884346880
692739594580656128
692738982468153344
692738877832867841
692738867091222528
692738860292268032
692738799571329024
692731613344497664
692728532879876096
692727473423843328
692727436597809152
692727331824078848
692727028513026049
692726702762381312
692721375656542208
692654513174515712
692650732110114816
692648519174230016
692635128607215616
692431926163017728
692431419713323008
692226136257007617
692225962524708864
692225957650915328
692057511998828544
692057504189026304
692057481862729730
692056748849377280
692056727752019969
692056596533215233
692056584290062336
692056568519495680
692056553835266048
692056542984572928
692056532280684544
692056522298408960
692056516669497344
692054942467489792
692049812733071360
692049527302426624
691916439083749381
691916401460772864
691887750958747648
691869146578063361
691858650873401346
691855951515746304
691855910197661698
691855902882861056
691855878019010560
691855859526324224
691855575710310400
691853196633972737
691681454653345792
691665752424734721
691665713786810369
691609414684389376
691562652590473216
691562603940741122
691539073207369729
691461926207926272
691326537149231104
691326515523358721
691326434900480000
691326414298050560
691326375328808960
691326321805254656
691326308282867712
691326299638345728
691326292067635200
691326268524990464
691326250002944000
691326237407490048
691306292112027649
691293030138052608
691189196061433856
691175902311354370
691175085588152320
691159678781374464
691158940328009728
691119757043437568
690977796630269952
690930966265638913
690870413736427520
690820882478923776
690818683065634816
690805667670523904
690533814553174016
690533779786579968
690533712816111620
690509125202120704
690495474348990464
690474714897190912
690474668701192192
690461675615580160
690457496880807937
690455111194300417
690441714377490433
690421945637171201
690369952965083137
690369947973861376
690369793434722304
690369783141916673
690369617131343872
690369593622290432
690369400915038208
690369361207496704
690369313954492418
690161389181235201
690121175687630848
690107619801993218
690105960543690752
690050312556658688
690049126772428800
690024335877246978
690021771685199872
690021756480942080
690021317467336704
690021307673636864
690021285124935680
690021266129051648
689791688185880576
689770222719496193
689768618398212096
689759975158185984
689734754275459072
689711822568562688
689676950600679424
689464352370352129
689453428771201025
689429319760785408
689394612201324544
689378858248732672
689369918173646848
689358697076752384
689335005286428676
689063411771125760
689053408834285568
689039160477413376
689028983560781825
689028113414619136
689019405330722816
689017856802041856
689003686346010624
688977222045057024
688639248254152704
688639168314920960
688639155560005636
688627379355291648
688627170101493760
688620774807203840
688343761068363776
688310572249559040
688310441081044992
688265659789148160
688246149656936449
688246047118725120
688242843496787969
688242279400607745
688242153332449280
688242019513176064
687992305861685248
687935561835876352
687929337027411968
687849904736186368
687655062416523264
687654580486815745
687616135815147520
687571502401765376
687539940293345280
687539084231860224
687537042755055616
687258035299815424
687248214999855104
687248152303415300
687248146678812672
687248065196081153
687248039447281665
687247605764497409
687173742552870913
687141602226257921
687141556164378624
686943252658950145
686908142471360516
686901684975501312
686891932061011968
686861001568866306
686801966249414656
686784385132138496
686588637534904322
686588573735350272
686588556429651968
686555865206263808
686499140214239237
686483459813076992
686483438631841792
686116417276522497
686116363685859330
686116343175720960
686074102600339457
686074016520626178
686033531022213121
686024063320330240
686023540617789440
686022857625743361
686019352928256002
686018421444620292
686018387693203456
686017382024806401
686017194656829440
686014972086759424
686014710957867008
686012732420698112
686011818590900225
685988230085218305
685988184019238912
685818153880936448
685768134943453184
685407128526450688
685406008819204096
685351481621504001
685333498568269824
685094937243836416
684985457348849664
684699801267507200
684656611017781248
684651319924273152
684439635452399616
684435492331388928
684365039239835648
684364887741575169
684364875938836483
684256495584722944
684254046463496192
684243409897271296
684243407221334017
684004570041872385
684004557878345728
683923845439459329
683922832938692609
683917649068343297
683917520764579842
683907848502378497
683907393508511744
683907256069537792
683907232501739521
683907211886768128
683735784621486080
683735529448419329
683650206416637952
683573284265422848
683571530765189120
683559269011075072
683538797502533633
683389760459636738
683389632512421888
683389571703410688
683389542603341824
683344974826450944
683327027483508736
683314354415091712
683314249196802048
683301303007731713
683280759201771520
683280644378513408
683274787217485824
683274637417943041
683274140397113345
683274123317936132
683274099636846592
683274082700275712
683274070448672768
683274057861627905
683274034457358336
683274023577362441
683274014568022016
683273696002220033
683273670496661504
683273614154567680
683273602825752576
683273592683933698
683273571762765824
683273552250810372
683273525575077888
683273506222555136
683273483774595072
683273461335109632
683273443924508673
683273432943869953
683273402073788416
683273392980537344
683273382813536256
683273371065253889
683273360764055552
683265915564109824
683264616072282112
683241821045063680
683205664139833345
683181909820706816
683170094470553600
683159181184995328
683159166311989248
683159024833925122
683157172818022400
683157152463110144
682914016172216320
682871072094613504
682833413053628420
682800840931950592
682542350812471297
682518936500461568
682496168270688257
682495121221357568
682495077495738368
682495015600414720
682466542932639749
681733970690732032
681721271797682176
681685758848020480
681537491141197824
681537431913402368
681533234765676544
681533190494765056
681502579407351808
681502579398803456
681502570939023360
680660252153364481
680660162491760645
680651199025000448
680320396428718081
680318908319043584
680318741427675136
680318625966866432
680318441643982848
680314894030340097
679936100346019840
679866985128173568
679685488278695937
679256741389971457
679245422930608128
679229762930417665
679226935172603904
679226009569337344
679225943291002880
679010753853186049
678974655756042243
677754145294675968
677715577524330498
677602993206894595
677602749824040960
677490371526430724
677489774450466816
677482675318292480
677475507659808768
677467559847968773
677418129337794560
677418077953392640
677378946325942272
677377393544339457
677137809157697536
677137793571684352
675942733224222720
675677848410021889
675651076725432320
675646611926552576
675644295110504448
675639529575813120
675637523629154304
675637329441124352
675637154324680704
675635295950209024
675635105784729600
675633561987321856
675573700360454144
675573518407372800
673553812179824640
673541842085011456
673541826402525184
673541811235921920
673541795624714241
673541770093961216
671751855853068288
671622843227074560
671608374518259714
671608304414687232
671219336254775296
671219154750414849
671025303154626560
671003081648181248
671003049020645376
671003011599106048
671002971660935168
671002942023950336
670990587529699328
670990294079377408
669813565315002368
669495874649763841
669129106345336832
669081021615312896
668662232855658496
668439319212756993
668334185841430528
668081957608230912
668077162008809473
668024678548709376
667726097199575040
667681674256326656
667662216062218240
667409968333615104
667364402165870592
667277900035526656
667277840153452544
667275811569983488
667257787630661632
667257374244282368
667257256040337408
667257167402164224
667257089039933440
667240744696987648
667215914098667520
667200252995211266
667011089687781377
666955252088897537
666955222732943361
666955189123985408
666955124707827712
666955105065914369
666955089744166912
666955062766346241
666955046576369664
666955009662304260
666954994445348864
666954972916031489
666954921825198080
666954881786380290
666954850140336130
666954813687652353
666951450266886144
666940000341237760
666939967537553412
666924742742401024
666924017052332032
666918077427261440
666908948272947200
666907925529673728
666874460297801728
666865228408365056
666865213837283328
666814667356934144
666810488693481472
666810266940608512
666810244337500160
666810189354414082
666803994824605696
666803957113622528
666802566458576896
666802532316897281
666802473080786945
666802431632642048
666802339617964032
666802077750853633
666802051146379264
666802041210015744
666802012030287872
666796114511687684
666793208710492161
666791583698649088
666790619084296193
666654600108355584
666609720355065857
666605881858084864
666605833904652288
666575218962513920
666573981605101568
666501043493183488
666488863154692096
666330408687128578
666327180859809792
666278457970675712
666268994429657088
666129979277733888
665969927988252672
665969644671488000
665969261567942656
665969164507574272
665765397400973313
665583870075469824
665401956559622144
665159442560872449
665050674258948096
665045950864355329
664827435792228352
664726059091267584
664726043480096768
664702610218160128
664484651482742785
664484521597775873
664484478677479424
664316677346095104
664311869398757376
664122819249205248
664080745883811840
663970921489833984
663689666718208000
663634057968898048
663595277723566080
663595207741612033
663583867878682624
662865666958036992
662220405827100672
661154277084151808
661154109496541184
661153987438120962
661153900058140672
660354038945353729
660350740720803840
660039689710235649
660039561800732672
659955377438461952
659954908368535552
659743081999257600
659723077341675520
659718798027571200
585720827162841088
585719907398070272
585719845649539073
583947668780552192
580689901018058752
501588974968655873
501588944668999680
501588589969289216
501586139963076608
