611606222647595008
611603104497143808
609420343984324608
609410331136266240
609140530354614272
609091344468828162
608701317620457472
608686567759052800
608372624633266179
607991280707108864
607987761161728000
605776075621154816
605415032659181568
604350396023185408
603986660389330944
603294258330632193
603288806842880001
603262608519602176
603234925857280000
602931050206003200
598547394016321536
597841512290881536
596384546020425729
595294174854778880
588733620409409536
566370889982160898
566370134902583296
566369738624733184
564498125142765568
564497364178575361
564497265939599360
564195245185720320
564193796842221568
564193512757817344
564193154979471360
564193131973730304
563505608347754496
563502861531639808
563502165562384384
563502072545284096
563160112672415744
562708704249020419
562705727161372672
562704926821060608
562704706196488195
562704697107419136
562384202092408832
561940002779975680
561939373042958337
561939271666663425
561939197746241537
561938699651670016
561589694597591040
561589207961849856
561588743337824256
561588454262190080
561364792959455233
561354765976621056
561235136612540417
561233010268192768
561232002544705536
561231827965206528
561231662474747905
561064553581400065
561063222698991617
561035875883429889
561034495424339968
560992651734814720
560991256776417280
560988244179816448
560987186728693761
560979391459495936
560976336613691392
560965897100075008
560951305040953344
560918168336478209
560896572112642048
560895567677501440
560586318049058816
560574193612238848
560572559821766656
560570731453370368
560542960291307520
560514939173867520
560507356664975362
560507068935708672
560324255431540736
560324132270006272
560292566063529984
560285489224507393
560285165701058562
560285073707393024
560283451161845760
560283349789724672
560282690721968129
560282591543443456
560282526280089600
560282426740867072
560282355236372480
560282231567319040
560282019880787969
560281956379013120
560281760303702017
560281673905221632
560281182693511169
560272775597023233
560260004599828480
560239553097629697
560158516036386816
560157008905515008
560156757108858882
560156658370764801
560155434342821888
559899802356293633
559882099352547329
559881995191218176
559783706190036994
559520968196907008
559520685769236481
559520333539995649
559520135245864960
559520022918225922
559519465730093058
558807559042129920
558806367171919873
558781244595376130
558773838624739329
558771352237129731
558771294754193409
558769009605103617
558768664690688001
558768581018529792
558719101883785216
558418873301471232
558417818706661377
558416998833463296
558415731990085632
558415463760138240
558411456224313344
558411440894144513
558411289148407808
558411280403271680
558411141341118464
558312489738194944
558103656781062144
557970693782900737
557715265912176640
557709313809330178
557690359531450371
557688273246883840
557687418271588353
557220979689025536
556858673855623168
556624564797448192
556551168373977088
556542189342183424
556542001730961408
556541932789194752
556541723816370177
556541667109400577
556541631973711873
556541530693832704
556186635629363200
556183328575860736
556183246673682434
556182180464820226
556181126750806016
556180922391728128
555853444704006144
555841289095106560
555808025320374273
555771913436295171
555771162563592192
555757084680024064
555756181407277056
555756097370202112
555755993032695808
555755981724856320
555552030001885184
555544018344361984
555535310017134592
555497901032366082
555465596016812033
555464783508406272
555464514829680640
555463429612244992
555463284510322689
555186045008896000
555153201427513344
555153084322562049
554337010349928448
553974580419629056
553658327092056064
553658055313727488
553656935111598080
553656846951538688
553656594525724672
553652877617401857
553652648730038272
553652295846486017
553651767318044672
553651627458973696
551473320747474944
551472787177500673
551472748464046080
551472734400569344
551472676875665408
548588711886061568
534770541849108481
534761848059338752
534761403958059008
534761379492679680
534449467039039488
534448518086148096
534448231812317184
492758692509405184
492758652608978945
492758210118291456
492758002600906752
