705532264533401600
698942196402094080
670274430094848001
669924858621399041
658441712256221184
657321934661795840
656890946248908800
639449610319187968
638404349186719745
638129577437458434
637363540928540673
637014702879567876
636960648174284800
636954438003990528
636600261906055168
636330866310950913
636190438521745408
636186641724493824
635927927834722304
635126840160583680
634789410190532608
634728837356650496
634433995179081729
633406465966014465
633292112293965824
633020427690840064
632605448739274752
632213210838405121
631588986637697024
631475556094230528
631143847909679104
630879793853165568
628665735506571265
628364751232348160
627981223189549057
627100157746614272
626443515912851456
620760501606219776
609772005236342784
609764789162676224
609414335136280576
609183070256627712
609039702121783296
608785368800886784
608711920028258304
608687934481440768
608424489156755456
608342784756617219
608309255133741056
608045718004047872
608035405317947393
608022741640290305
607974010610016256
607269056673017857
607268847280791553
607243402552287232
606981828365455360
606956725439053824
606952407835279360
606877715229048832
606602012696920064
606577835596083200
606576932302393344
606506790038036480
606498066120609792
606491575087022080
606491378948800512
606339595752476672
606256820538212354
606242057775104000
606160092002525184
606159606029676545
606151447365844992
606140990512971776
605914496285032448
605878458569203713
605859538848247810
605824501918490627
605788154218446848
605770346256461825
605519794536734720
605511078743674880
605476059669135360
605468236537196545
605464082817253377
605463963363471360
605463902705446912
605463670794027008
605453217023954945
605444498911424513
605437582026010624
605433182440194048
605427611011969024
605416956158570496
605404828802510848
605402869685219328
605207121433665536
605206956928827393
605200015129227265
605182112140947456
605150007969357824
605108683370958848
605106059905277954
605105985913556992
605071924037746688
605054280119291906
604833469898702848
604833221868519424
604761056125140992
604759100686233600
604728843547627520
604709937239826432
604697285499322368
604681096014364672
604680803872669696
604494345429843969
604464946689155072
604462112958607360
604461925754236928
604461875271565312
604460685234348032
604437306875867138
604434429243564032
604431148349988864
604409377756291072
604408442158071809
604408329541001217
604407577590423552
604401962671427584
604401705761939456
604395684964368385
604388666086006785
604350003625119744
604345676697182210
604345145849307136
604341279154024448
604336835519598593
604334238016479232
604313880878178304
604125391494631424
604122571341053952
604108975164891136
604098034889162752
604024589530738689
604013895120863232
603986287717003264
603977133103316994
603975199759859714
603953265332518912
603773513590185984
603770174848675840
603769980581105664
603769568541057024
603769445262196736
603767763711107072
603767307010183169
603767149258235904
603765878698553344
603759312633233408
603748515290820609
603744424087003136
603732283258970113
603695377326407680
603668333762850816
603668075095977984
603646796523528192
603626898476892160
603616119908339712
603605986385997824
603601284797706240
603601107269591041
603591667459850240
603366377609699328
603361315810312192
603357619831451648
603319647568535552
603304795152121856
603284542128926720
603284195163676672
603252046184075264
603250622683586560
603244943432290306
603244764876525568
603240444537937922
602986045068582913
602966997400309760
602892711432069120
602880425434853376
602561198115016704
602541305298845696
602264133099065344
602181273273020416
601930233134981122
601915605055361024
601841825737875456
601841472263036928
601809891133497345
601803810474852352
601803562771951616
601803047900164097
601802379131015168
601798658523144192
601798390683443200
601542847167234048
601542356756606976
601531674740989952
601494649665118210
601486264630640642
601482641595064321
601470627514589184
601426506334806018
601205896090259456
601189259811418112
601168985841872896
601168668186279936
601168057474666496
601119725729415168
601115097159860224
601105178238930944
601102084440657920
601094030533926912
601088790610980864
601083941303418880
601082319496183808
601068376555974657
601064412410085376
601061069713453057
600859561415680001
600858959856193537
600821549050961921
600782879090548736
600751325337391105
600742821444734976
600727368559362049
600720030481809408
600695265125793792
600472527001882624
600422345505804288
600415586187911168
600370967420936193
600363994566692864
600363837838102528
600356074965733377
600353600045473792
600143168655400960
600142448069726208
600063315373490178
600063001278947329
600024604820709378
600001687072288768
600001159114330112
599740748888576001
599651846207057920
599651424448999425
599644624886439936
599366916654780416
599347983847567361
599347663784390656
599323358874894336
599291969097969664
599281154043187200
599267710862643200
599258228896075777
599253350735982593
599001969290706944
598997408836505600
598978567049850880
598962716888276993
598950935738462208
598918736163131392
598918591895834624
598910940315156480
598898769900359680
598898701172486144
598898690091167744
598898579080548352
598898435601739776
598898167233417216
598898155778805760
598898142810021889
598897482492346368
598897123531227136
598896834463969280
598896724745158657
598896454317412353
598896212788391936
598895787653763073
598895707106344961
598895696092102656
598895684318732288
598895232067899393
598895137310179328
598895122206470145
598894916316434432
598894323661295616
598894017028358144
598893917841436673
598893905027801088
598893648680366081
598892744556187648
598892039204306944
598891986641268736
598891790582751232
598891774040416256
598891242009677824
598890938493079554
598890799133171712
598890682539909120
598890663292186625
598890174651609088
598890039695675393
598889878240169985
598889861760745474
598889672782163969
598889345496416256
598889066856251392
598888864481087488
598888750416953344
598888524473970688
598888028367507456
598887974823006208
598887764617105408
598887562074161152
598887136129986561
598887095210409985
598886916210040832
598886897964818432
598886205783052289
598886161864478720
598886140230242304
598885423314653184
598885311561605120
598885089615839232
598884672429432832
598884363770593280
598884112850497539
598883897653334016
598883407301476352
598883197926019074
598883097703157760
598883048331980800
598882763513602048
598882585771552768
598882561427832832
598882192782073856
598882148800548865
598881650001334272
598875886281105408
598868996100784128
598620190155280384
598580815971233792
598580616800567297
598565640815845376
598556904571285504
598541817978617856
598529623069052928
598516513323229184
598305439281909760
598275952523653120
598258608984338433
598250064365035521
598216925517193216
598193675382886401
598178588060360706
597930641397780480
597886568456531968
597886335819579392
597872187618426880
597868601685606400
597862430375485440
597857769623035904
597846669414178817
597838965211795456
597834225480400897
597455002592935936
597096980293165056
596787041339191296
596786960519155713
596756546756816896
596744421737103360
596737507519135744
596735578713915393
596488821400686592
596429354860699648
596386994361475072
596377263785938944
596358778913591298
596163934127656961
596067654609178624
596034112143560704
596029099832840192
595994511647449088
595756497453195264
595748325351120896
595714941899911168
595675264358682624
595663616814292993
595651569615556609
595407295120482304
595385941868445696
595356085759807488
595295862885978112
595275148002861056
595272584909819904
595272386989031424
595271880950427649
595271725308256257
595271488191606784
595044104456646656
595041787204345856
594941126118780928
594938548425363456
594576021287866369
594247934012563456
594180767535640576
593933552888127489
593888741569114112
593823256055939072
593560037198471169
593519102116761600
593518780791201794
593490960090329089
593469920484143104
593463789762281472
593231325248651264
593218923509587969
593189439850950656
593116927427391488
593107651749289984
593083940950278144
592858944613265409
592553110708441088
592527964287291396
592491455823785984
592368041523970048
592363474774196224
592359891681030146
591768983084208128
590624276291674114
590256461642469376
588745341194743808
587698973994942464
571137734116421633
570052580983726081
566034410307219457
566030406701428736
565704318951903234
565700308471668737
565678623336591360
565665707221086210
