771025742947753984
769913776342786048
769582905337212928
768889352705433600
768876218389241856
768779553808547840
767901731468566528
767509941150253056
767509207537086464
767508554534256644
767392207401803776
767163312807276544
767162983168503809
767159883523383296
767039380368269312
766750264741261312
766732267783872512
766732054826475520
766351380093267968
766064344081858566
765945559098257408
765719373894025224
765719356504506368
765718777933725696
765624683219841024
765608340353417220
765607266909319168
765604634568327168
765604148398219264
765602758959501312
765600308290523136
765598165672271872
765596017421086720
765596006759170048
765594828164005888
765566005640921088
765387510759448576
765272573781442561
765255235682050048
764544500350025728
764544446662897664
764534013633658880
764530808313053187
764519275721789440
764505454001156096
764504462207705088
764461458692382720
764461213271162880
763474724915642368
763456913333944320
763456784602427392
763456758694240256
762387599046668289
762320080009105408
762320043921272832
762108880017121281
762108860240912388
762108797905231872
762108785905328128
762055584711602176
762055574372675585
762055562502795264
762055550238679040
761963836673064960
761963808281755648
761769448588058624
761747185604108292
761741733906542592
761741303646392320
761741238651478017
761741225024229376
761741202773405696
761741189414617088
760936230360125440
760935836091355136
760847432997605377
760501808590708736
760487337205895168
760479950839349249
760435061808300033
760297484082085889
760273851456434176
760241254781317121
760240671659794432
760240533386256384
759568441581985792
759557390933041152
759513208025653249
759442808990265344
759426599490052101
759417836922109958
759227352471789568
759191610882138112
759170122057654272
759170083075792896
759137545288556544
759117685905129472
759103019837456384
759101899144650752
759055593248202753
758695521435414530
758335911528628224
758016036964827136
757975923304136704
757710588244004866
757709750071066624
756549665772961792
756522294013460481
756512528067391488
755175963898613760
755175923910111233
755056124634726400
755056016778268672
754323361975635972
754030516475666432
754017367471038464
753309287804469248
753261760581398532
753261004461576192
753260911725510660
753260724324007936
753260081005879297
753260045324918784
753035620721786880
753035378538475520
753001485701701632
752554063749931008
752552729118138368
752321972235825152
752254553827999744
750749462910435328
750509547530358784
750509391649107969
750509348166696962
750380457754329088
749972016359436288
749418116598333440
749399952816742400
749233947197005825
749233008025141248
749021891587956736
749021769604984832
748477243597426689
748474880811798532
747515355489255424
747505484127735808
747487113306906624
747486510358929409
747453717453111296
747267012368424960
747263092761989120
746888024915599361
746887231416209408
746442169347616768
746327098101489664
746147691881730048
745767935692640257
745767832567287808
745429235930533888
745367267458723843
745367197401358336
745056985708634115
745053867939893248
744993902072037376
744993224004112384
744580646564208640
744190385442930688
744174773819809792
744174713912569857
744174194972327937
744173281465540609
743994915852525568
743994760663273473
743994675166584832
743888618423525376
743414400405606401
743231072813604864
743229716442791936
743229264347209728
742904174384406528
742903561483354112
742903534958567424
742328142338134016
742143924370821120
742143899867701249
741637257912832000
741465884385026048
741451697961246721
741451444906262529
741450751600398337
741430298295054336
741037832635047936
741019577115643905
741019559222738944
740873125181689856
740873111487324160
740667830761345024
740513387382214656
740513336597549056
740355668423610368
740318198441095169
740317935231721472
740147627820453889
740147608581242880
740147576947769344
740147476380934144
740147439341084674
740147418264686596
739787355754770432
739570846151368708
739553625920442368
739549032020889600
739487182822477825
739487116267290624
739487039658283013
739486316967104513
739484866673299456
739484830765862912
739484820489830400
738699531580276737
738699435182596096
738514251988512768
738483139824214016
738481939749834752
738481810364043264
738481796195713026
738336628654133248
738182144669945856
738182115502739461
738182049287274496
738181706138718209
737976766346760192
737976414926950400
737976369276198912
737729059304701952
737728613236232192
737428657573089280
737032926282584068
737032910147092480
737032537919369220
737032498383888384
737032475495567360
736961630588809216
736681443749924865
736634558339284992
736634535446753282
736634469856215040
736634452311412736
736634422900973569
736634400545382400
736634293879984129
736634261411909632
736634236808089600
736634169246253056
736634145649135617
736634116448374788
736634098215747584
736634009887866880
736633991642632192
736633953382236164
736633924575764480
736168168905953280
736167560610217984
736166968340926464
736166639549489152
736006209791234048
736004755487641600
736004383364780032
736004304797085697
735955628288561153
735918393610674176
735918340250710017
735918326145273856
735918284521017344
735605309914374145
735605254520221697
735605232818913281
735605220122759169
735605146093248512
735555120285503488
735555075557429251
735555046977503232
735555026140139522
735232181912653824
735217899657408512
735191515320995840
735191515316752385
735191399679860739
735190951610703872
735142933398233088
735142587036803073
734911567830122496
734911492731047937
734869358816694272
734869243129430016
734868577392680960
734520693472235521
734520525595234304
734520477184589824
734520447056945152
734452289667268608
734452263280857088
734452241801875457
734452223124590592
734452201398095872
734452185698799616
734452168988725248
734452151120977920
734451780814295040
734451715781611520
734450696423149568
734450628584427521
734438362149441536
734435715828830208
734435582538055680
734434225747857408
734434098408722436
734433831957200898
734433775887732736
734433590067515393
734433482286456832
734432424063569922
734158630161928193
734137325870014464
734077913704861696
734071070454611968
734035535090573313
733819279829815296
733816506623004672
733816462226403328
733816387844636672
733816116129173504
733802479104724993
733797964024516610
733741225854009346
733741134992805890
733738881997262853
733738669987790851
733738022458527744
733626859922034688
733613797731147776
733613597620903936
733494472902889472
733428010263646208
733426791793053702
733426746637225985
733426731403476993
733426709916180480
733426578516889600
733380554964471808
733380389234958336
733269051007459328
733108864112046081
733090177527222273
733065811313709057
733065383305990149
733060739146092545
733060579850620928
733050631473233920
733019238349279233
733019195013795840
733018783175041024
732904305234214913
732904267217031169
732904146123251713
732904130738524160
732904115462885376
732904098606022657
732903319266557953
732767656118472704
732764493860704258
732763238505586688
732724866013663234
732697840049344512
732666158961328133
732653888826945539
732653801564475392
732653786557222912
732653771533213697
732653729984446466
732653632601100288
732653045788647424
732651382478606336
732541951082389504
732541939053125633
732541883944177665
732541859139059712
732396632126394368
732302868116590592
732296820760715266
732294217230368769
732294182262456321
732178513713876994
732174908030128128
731958928507060224
731926489441128450
731926473343373312
731883633582182401
731883241536401408
731882535765037057
731882301018275840
731882235243167744
731882192134131714
731882146898563072
731882074739748864
731559224283693057
731549126773624833
731544467417776128
731514094210174976
731513848503631872
731311306989506560
731308373224923136
731278277378252800
731275043502575616
731273095185612800
731269367388884992
731260172383948800
731260045154000904
731259937175830529
731259918246916096
731259903109677056
731259890094723075
731259871748890624
731259816652492800
731259673920294912
731204245475741696
731204076596281345
731203907448360960
731203735611965446
730918298112659456
730915654627405824
730912563140104193
730903513178513408
730880636039335936
730880611079081984
730880594805149696
730851760424779776
730851167660605440
730841193010081792
730841175574347776
730841102287245313
730841081517096961
730840991259889666
730840974180659200
730840893729673218
730730549984296960
730730123570352128
730727766103105536
730727663229411328
730727552030015488
730581565420539905
730570599031025665
730570368574984194
730531942777622528
730516165894782976
730478139986612225
730478115043020801
730478100799197187
730478085460602880
730478071929819137
730478055291027458
730477586443337728
730476172723793921
730126247334977536
730124645647720450
730124418270285828
730124302750724096
730124237403492353
730124097611546628
730124071162269697
730122141744631813
730119055001194496
730118968166498304
730118889120632832
729797673449074688
729797621427142657
729797597880328194
729797581136646148
729797556591562754
729645519937622016
729437700806328320
729437643466002433
729344753523937280
729324548382965760
729323693030187008
729322652435943424
729310256325611521
729310209856933888
729310158426353664
729295740586082305
729146280606371840
729146263434842113
729123049694478337
729122483245297665
729122102570307584
729121638457946113
729121374745268224
729108222586572801
729102629004038144
729101673285734400
729101657095716864
729101529458823168
729090520975183872
729090501262086144
729090471193137152
729083622737719296
729079361584926720
729074692586352641
729064356126822402
729061101179121665
729057682011901952
729056577655820288
729056544608915457
729056529870114816
729056507892006913
729056436936966146
729046483505434625
729024533647241217
729021848160194560
729018250080702464
729017459177607168
728711140184854529
728711124498165760
728684154754367488
728682653701046272
728682475833180163
728682456002498566
728667471176142848
728665794922557440
728665777990189058
728665739771691009
728551055374561281
728551018460491776
728353281270009856
728352981758906368
728323495256543232
728323453464522754
728323411303378946
728304664547053568
728196080790347776
728031978524643328
728023085492936705
728023076789755905
728023068686323714
727943049217716225
727942924940521476
727942675387826178
727830367957352448
727829383080255488
727829353367781376
727825621838143489
727636177642229761
727625696881852417
727624916841967616
727579523353616384
727470321364811776
727321622391193601
727304342575964165
727272922797248512
727260410068504576
727260311590416385
727216192222564352
726940774340911104
726878196310880256
726850242801467393
726849856543793154
726827622882263040
726741414403530752
726740997875613697
726740411562254336
726546314046132224
726525673473449984
726188388404056066
726188127472242689
726186074146508802
726150491898580992
725842874831659009
725791588178399235
725651578921820161
725410261331501056
725293669440458753
725138086410248192
725137454911610882
725136994616119296
725136904132411392
725136757134643202
725062268170436609
725062167591030784
725062012686970882
725046608149250049
724792437240127488
724709225356730372
724693974930350080
724409964916269056
724333347690942465
724240231583588352
723903687484157952
723651568340443136
723650467998343168
723629591684890624
723628693034274816
723612205770518528
723572533342167045
723572500009988096
723572314009378816
723572267863674880
723572254920073217
723571081869688833
723570999590002689
723267754837553152
723267047057186816
722960080791060481
722960014378434561
722959710299762692
722928885260763136
722912481299922945
722880418056433665
722877255593172993
722876262407094272
722876153564938240
722876017757528064
722876001542397952
722873749029134337
722551235287650304
722551203951984645
722550633321099266
722207614835273728
722141538558550017
721818614337245184
721797438051364864
721797287316430848
721766356027359233
721733169637105664
721729583905697793
721691634736480256
721690516493049856
721498281566728192
721497059354927106
721497019676815360
721491540229664768
721491143737884673
721490468194926592
721452874773983237
721448276306890752
721447434090627072
721348442375786496
721172416811114497
721164828941905920
721164526561980416
721164494249046016
721164292230365186
721100276447449089
721069916850401281
721069746385461248
721064760343674883
721058663033618432
721058200670375937
721057815863934976
721057188328955904
720802409887481856
720801031366512640
720781580063633409
720707482612547584
720706861025071106
720706826766036992
720706711200337920
720706634721452036
720706608217661441
720706560037691392
720415134921945088
720382526326468608
720374382980395009
720065171515928576
720039401250811904
720039383504658432
720000312380141569
719997948055134221
719970960485584896
719970874988892161
719970586815016960
719970568452366336
719970554850242560
719970537695506432
719970509253947392
719970490698346497
719656540655865856
719656455519928320
719630352613027841
719629312920567808
719492399651811329
719241161483952130
719225366565502976
719214788384026624
719163183974510593
719002554911297537
718883496043941888
718838393325645824
718541071492505600
718540935156600835
718540666796646405
718517611663896578
718517597713653760
718517572673605632
718517547847565312
718517529220681729
718239437986127872
718225842892054530
718213627795357696
718213602973519873
718213094422540288
718163222562533377
718157174934007808
718157160287498240
718157143808077824
718157115274223616
718157090594938881
718157072374874113
718155279934889989
717834190964842497
717793626689048580
717793069370880000
717793002807279616
717454642431524864
717454616749809667
717454040024657920
717453776169398273
717163248898932736
717155368493821953
717148969567002624
717148589378502656
717085694959730688
717076950758645763
717066772696924160
717066720171655169
716709728454361089
716468451800440832
716403143895040001
716374751938260992
716344907745648642
716344739361067008
716335545111207936
716335530078769153
716335518808739844
716335446356336641
716298419959111680
715990584150925314
715990553616326656
715979816328159234
715620404803428352
715619955790577664
715618906967158784
715618890718404608
715339200472735744
715310563820183552
715293234461847553
715288185245405185
715288155671408642
715287998963847168
715277846093160448
715257512098992128
715257452300775424
714988223752220672
714955494817980417
714912744097583104
714894992905531393
714894977072029696
714894950698262528
714570026964164608
714552137326338048
714488899536568321
714476332311310336
714475165095239680
714475100310020096
714473739870666752
714169104941379584
714078762724364288
713808096565600257
713761674117963776
713761601464246273
713592206456668161
713592181932560384
713489072153616385
713437190206922752
713170808621895680
713143426385108992
713141584548786176
713101969309753346
713099637763145729
713052734631489536
712765794157879298
712699723149348865
712655971051503616
712383737569234944
712365952000761856
712337626385276932
712326953991278592
711988885962821633
711971144702803968
711940061303013376
711900124860047360
711674283110621184
711659262796296192
711659201848717312
711659186254422016
711633951136342022
711608988941619200
711608969136103424
711598218795196416
711598192035549184
711585863235465217
711584803498254337
711581465553846272
711581258413973504
711554942197170176
711350875634208769
711300853299339264
711279572185194496
711267974271860736
711267853345931265
711248239996043264
711246289091088384
711246077924646912
711235190769782787
711234890969255936
711214752576499712
711192052256673792
711175735709462528
711175559246651392
711175545816485888
711175526447255553
711175477503926272
710988219895189505
710979450788163588
710973838440448001
710973823043108864
710973765430157312
710973683179847680
710973669351276544
710973642193149952
710973627311788032
710973604842872836
710973591798603776
710973564896321536
710973550379864064
710973527646736384
710973511993593856
710973497787490304
710973480943132674
710973385384312834
710973345769103360
710973318023782400
710973254945673217
710973241251250176
710973204685320192
710973013844488194
710972965823889409
710970879107203072
710969010746032128
710968826565959683
710967161284661248
710966730244407297
710966364043927553
710965995926659073
710965334451351552
710964872599752704
710964704609439745
710964445321760768
710964218770669568
710963536743243780
710962853344366593
710962161590345729
710961693556342785
710960804674330624
710958758889922565
710957693234712576
710955549194526721
710954834141302785
710953969795899392
710952538560983040
710951976973029377
710949037332111361
710947096698945537
710946446900600832
