744560479159214080
743835681722531840
743473263024627712
743120262892118020
742759303648448512
742401212281065473
741687346861461506
741298946593562624
740936539891367937
740574150926827520
740217517897973760
739924844339429376
739849396288786437
739486994082848772
737675057774759936
735138334494724096
732964007473074176
730427289154936832
724991470390763520
723243086801850368
720304414523699200
717822325974900736
716325855740342272
714853893146980353
713410720214298624
713032704678174724
712677935052816384
712307894092304384
712030625566498816
711957055762870272
711220728926855168
710858344093757441
710593596257226752
710589796146544641
710571424407158784
710528405955981312
710495973793988609
710133577971666945
709877568594247680
709785437452111873
709778988927836160
709450403838988288
709408795584114688
709046383714566145
708699108836384768
708400715471847424
708400680814284800
708400646794293248
708400615789998080
708400192878301184
708400133247926274
707974349018386432
707611939048820736
707263314745688064
706933034440720384
706899582270111745
705616191067287555
705152057871761408
705150423858950145
705136630663815169
697154917094465536
696843054968229888
695654714621370368
694943519434117120
694213441536405504
693493979438981121
693140702163656704
692397600830464000
692043465383923712
691685343888715779
690957222092759041
690577585101647872
690229507018461184
689965318559678465
687746582041657344
687692238055276544
687681024055115776
687638218578067456
687636064257748992
687329609524772864
686966921586057216
686590763417796608
686573572156833792
686573457799184384
685235160036458496
685167844259057664
685167816857665536
684854026479927296
684503640401260544
684415831048990720
684062242300510208
683870580781629440
683793581941755904
683373731381522432
683139199357161472
683138342834208768
683137648748179457
683134925277540356
682622208523550720
682622001270374400
682335657629331457
682255081543221248
682254518508208129
681888342443593728
681529500493058048
680444090526244865
680089265456349184
679737948967796736
679357079178502145
679052264439345152
679047064412487680
678961040479113216
677896328891015170
677868544374128641
677868278375518209
677868003338399744
677867322770493440
677867271629365248
677255328614891520
677194407557201920
677191965696327680
676857120168542208
676856778433392640
675462803227045888
675448757505417216
675443789855633408
675162758267170820
675159875522031616
675077389370662912
675050210154934272
675033691324882944
674996157081395201
674995135675961344
674710028474040322
674708356863541248
674442134519480320
674441934681845760
674352655662206976
674352590239436803
674287581065007104
674284516266086400
674284506409533440
672913949642330112
672913699301142529
672913622717308928
671373523106070528
671336492824993793
669941936560672769
669941732461670400
669260119797080064
669061740706054144
668542329935020034
668157663814025219
667974889383530496
667765323026812928
667388043058393088
667197247344484352
667138064276439040
667112027308040192
667111783795134464
666850097691496448
666655167346028544
666364159504838656
666043467848634368
665160416591482880
665159893041741824
664843535464566784
664843465801400320
664843384322822144
664492710078881792
664492610854264832
664491368811769856
664310189156241408
663470395031441408
663470168656453632
662322790352216064
662023807822098435
661276528085307396
644305857266647040
644305606283661313
644305233842204672
641308447741505536
638512179843469313
626188348688732160
626145947387465728
626114427125809155
626073742200827905
626067584064958464
575351784161439744
575351128755322880
552562206898794496
509470885170782208
507199922454532096
506879284338634752
473534847227404288
449613383696785409
447140541747064832
418290945290170368
415935688794992640
414931483342958592
403950016735494144
395975133011386368
393886104983977985
392463144276488193
385163602468278272
385158615310794752
384743282116669440
372795667972116480
372794493277569024
370707360664145920
368511339511021569
364563495330660354
364481361328877569
364479407290728448
360908247663779841
360454560579461120
360156398203584516
358439159125389312
358400970666950657
358388444944273408
357960592499277824
357674636504752129
357666903487037441
357666590147362816
357654798608244736
357601968409161729
355114489630298113
355113293884571648
355113288096415744
355111816025751552
355111815258189825
355110624147148803
355110576764096513
355109346088206336
355109323019522048
355108136073441282
355108029521346562
355107070619557888
355107033046986752
355105639955050496
355105509394747395
355105322005831681
355104333261574144
355104332099764225
355103061238218754
355103036668002305
355101746818854913
355101690497744897
355100570790539265
355100512099631108
355099660924354560
355099578799898627
355098208088752128
355098129139380225
355097950042587136
355096748856852482
355096652689850370
355095635453677568
355095422303342593
355094189261848576
355094145339113472
355093035756961793
355093035408818178
355092083066937347
355092081405997056
355090535356178432
355090379797831681
355089152095698945
355089086412894209
355087971667558401
355087875152416769
355086608208363520
355086607671504898
355085515659288577
355085374223159299
355084392114294784
355084149788377088
355082977761435648
355082927861805057
355081533012451328
355081531255033857
355080470632992770
355080389561294848
355079211859451904
355079036575285248
355077998896103425
355077842368872448
355076878366810113
355076693439946752
355075402231853056
355075307436388352
355074210059657216
355074112139427841
355072728312709120
355072719731179522
355071537910525953
355071528855019521
355070377749250049
355070219905024002
355069077879926785
355067816388468736
355066608248557569
355065273096740865
355064158456250368
355062745579794432
355061851685523456
355060164564496384
355059035172646912
355057767687524352
355056513217339393
355055139607937024
355053950229168129
355052592834949121
355051378479075328
355050106527035393
355048903357374464
355047734211915776
355046377039990784
355045039761657857
355043792837025793
355042855577849856
355041312216584192
355040157864427521
355039905560272896
355035070257577984
355031358185283585
355027670502879235
355023706864619521
355019912353300481
355016700309143555
355012717096075264
355009932837392384
355007359480897539
352174187114270720
352172760778280960
352171771497164800
352171324216586241
352166637010554880
352163346688118784
352158978425356288
352156563517079555
352151577076830208
352148253225127938
352145181333655553
352142405207728128
352136679689170944
352133462565728257
352128920839139329
352127063601315842
352121316624711681
352118035642982400
352114021564039169
352111390170947586
352108532440645633
351853920697581568
351849384901750785
351845853448781828
351842046107066369
351839093358993408
351834199164059649
351830699864629248
351826892770394112
351823799173386242
351819238509522946
351815727516352513
351811800007852033
351808980546359296
351804168979234816
351800695638343680
351796618745483264
351794006193213441
351789303967399937
351785986142896128
351781545566158848
351778836473577472
351773991838552065
351773986813771776
351770485496889344
351766419224010752
351763871373078529
351758988121079808
351755482182074368
351751331431723008
351748873540214785
351746270194446337
350973448589291520
350832381575430144
350830940651659264
350830778118180864
350830736938516480
350766288299233280
350762239181078529
350758716485808128
350754743984996352
350751485161779200
350747204660637696
350743566613626880
350739537288364032
350736421105057793
350732105178812416
350728456302116864
350724525165510656
350724491724324865
350721464653197313
350716979000246273
350713568271925248
350709314501083136
350706072509616129
350701834521939968
350698298170028033
350694490534707203
350691628362633216
350686789566070784
350683522110980096
350679422975746048
350676218225504256
350671672887607296
350668216915337216
350664191838916610
350661868894949377
350661100708179971
350658977568276481
350404617366020096
350404141924880384
350399740464201729
350396225922666497
350392591709253632
350389609722683392
350384738516733952
350381157155745793
350377183526653952
350373993561333760
350369491319930882
350367005200744448
350364741237088256
350359683275558913
350354604384456704
350351131349745666
350346959313309696
350344262396809216
350339336992071681
350335880579391488
350331867079258112
350328738447228928
350324323984216064
350320853826809857
350316783565144064
350314064024576001
350309193963679745
350305605455593472
350301829973819393
350298892467830785
350296586712125440
350041891070414848
350037438468599810
350033879907831810
350029844773482496
350027121030201345
350022312701071360
350018778093993984
350014694796439552
350011482995564544
350007317229608960
350003657523204097
349999676939964417
349996712355569666
349992025728364547
349988566186725376
349984877954863106
349982150566744064
349976989635051521
349973570971111424
349969486167801858
349966343891730433
349961941252448257
349958585192677376
349954341119070208
349951231076208641
349946768319971328
349943556842078208
349939264840138753
349936149730570240
349934127941824514
349679239169183745
349674818704113664
349671320130293761
349667441837740033
349664173376020482
349659845152092160
349656348302131200
349652283916689409
349649046492819458
349644763395395588
349641153970307072
349637266295095297
349633956670472192
349629735619411969
349626267101958147
349622142297587713
349618962063044608
349615065189711872
349611063261659137
349607107319971840
349603992755642369
349599473661517825
349596077806198786
349591988686954496
349588777238396928
349584544103546881
349580879024242690
349576890119499777
349573806496555009
349571805150855168
349316909868654592
349312601194369024
349309831011778561
349309108891033602
349305013048320000
349301774110298113
349297448704937984
349293975091417088
349289933703356416
349287098697789441
349282469415108608
349278780793167873
349274940123516931
349271727584452609
349267290233118720
349263930599800832
349259719434702850
349256796520726528
349252198263300096
349248743100514305
349244648553844736
349241640793280513
349237158822944769
349233592574021634
349229637651537921
349226518729334786
349222007029764096
349218467465007105
349214569819942914
349211518639939585
349209352713932800
348229954204483584
348225388331278336
348221726452224001
348217871001845760
348214508927451136
348210243001516032
348206706821566465
348202831544721408
348202764301631488
348202034958307328
348199481247940608
348195220762017792
348191619931058176
348190648286973953
348188136167313408
348184512926187520
348180112627339265
348176611096543232
348172649098256385
348169361875402752
348164987606409216
348161524365402112
348157463272501248
348154399903854593
348149915010072578
348146744334360577
348142610415755264
348139401789968384
348135586416173056
348134362207891456
348133004020957184
348132619201937410
348127889981571074
348123555092905985
348121850133495808
347867290647269377
347862974142230528
347859402939826176
347855496893562881
347852172966387712
347847916792184832
347844320465936386
347840408916721667
347837249540476929
347832886067593218
347829217481863169
347825360399908865
347822186704281600
347817719095238656
347814072265363456
347810266844639232
347807160035598337
347802643156054017
347799107110313984
347795188032364544
347792340926230528
347787542067806208
347784083616718848
347780519431397376
347777666910388225
347772499255246849
347769039755554816
347764995012038656
347762178192965635
347759857786560514
347504863648813057
347500586347929600
347497003929980929
347493039503179777
347489925630930944
347485526607147008
347481998681595904
347478004043218944
347474893979414528
347470563670884352
347466887334092800
347462890938331136
347459731654328320
347455340276744192
347452243861200897
347448815525175297
347447909085769729
347444845910048769
347440204619079680
347436712198279168
347432678414487552
347429700584501248
347425165489082368
347421815834030081
347417608569622529
347414723345645568
347413922564935680
347410106595569664
347406509216518144
347402580747493376
347399542657921024
347397363222065152
347216108799004673
347215886102454272
347142372922097664
347138194757804033
347134702718709760
347130640434618369
347127534531514368
347123006620971010
347119543098937345
347115508765696002
347112426145185792
347107996037443584
347104609921282049
347100599550111744
347097333156179968
347093010355466242
347089443410284545
347085389942648832
347082177898483712
347077920168222720
347074486065037312
347070259490091008
347067205386657792
347062815170899969
347059282090528768
347055262189895681
347052042814119936
347047641756090369
347044112555454464
347040255750328320
347036964312199169
347035038518480896
346780027217641473
346775801217302528
346772179179929600
346768245228978177
346764953627271169
346760706684768258
346757167384256512
346753715010674688
346749871589568513
346745706536640512
346742121119752192
346738126477197312
346734941188546560
346730653934575617
346727039497289728
346723261079498753
346719974469033985
346715467525791747
346711976409456640
346707973806116865
346705241246412800
346700367842652160
346696928643407872
346692802471657472
346689855402692608
346685481376940032
346681840238747649
346678179458584578
346675142379851777
346672594134642691
345692668527001600
345688639390511105
345685065843494912
345681037591986177
345679351766978561
345673910148284416
345670632115167233
345666006473121792
345662821222195200
345658438866575361
345654864170348544
345651043583000576
345647854917914625
345643428358529025
345640076627304448
345635957170655232
345632782841683969
345628254075502593
345624832500715521
345620769298079744
345617821893554176
345613238903386114
345609776350248960
345605849114361856
345602577142001664
345598223903240192
345594705679093760
345590629293776896
345587604336553984
345585427509559297
345330364438421505
345326194440421376
345322710588604416
345318793767165953
345315425581670401
345311159253090304
345307604756619264
345303633350500353
345300349172740096
345296074577149953
345292401444806657
345288607818469376
345285605418233856
345281126035750912
345277782579892225
345273462643884034
345270415867908096
345265908954066944
345262651879878656
345258452739821569
345255675548545024
345250854061895680
345247382327398401
345243311998644224
345240270348099584
345235843495120896
345232316957868033
345228236432756736
345225448776663041
345223087085744128
344968250335043584
344963933716762624
344960273490259969
344956288750452736
344953093944901632
344948779675439104
344945058086260737
344941298895167489
344937960736698369
344933823223590912
344930228394655744
344926367273594880
344923208153182208
344918730481991680
344915138819809282
344911203258228736
344908133551968257
344903576717520896
344902366258151427
344899705639149570
344896120436187137
344893051266813952
344888422068023296
344885044000731136
344881113627500544
344878443999162369
344873465268019200
344869740424093697
344865793655320576
344863120633782272
344860633520553985
344605733867888640
344601433649328128
344598018579894272
344593895319031810
344590750425706496
344586309957988352
344583123167764480
344578886929092608
344575513236492289
344571299068268546
344567815329689603
344563780543459328
344560605983830016
344556173502070784
344552831388356609
344548733708554241
344545835398340608
344541160850735104
344537634976186368
344533558116900864
344530302141607936
344526045132771328
344522718789632000
344518592097837056
344515602431483907
344511129344688128
344507479465545728
344503458101084160
344500404471599104
344498209026097152
344243285000323072
344239131490123776
344235352816504833
344231472099635201
344228164618301441
344224024802512896
344220393739010048
344216453047795712
344213144748568577
344208841757581312
344205271725404160
344201392140996609
344198212841771009
344193837180280832
344190345829027842
344186418542813184
344183109740294145
344178934046400512
344175193742274561
344171291256967168
344167924229087232
344163708412514304
344160082143100928
344156150020857856
344152987914084354
344148667042762752
344145067713363968
344141035141730304
344137841867116544
344135868275097600
343800577291059200
343178008351342594
343156197790203904
343151911920336896
343148354324267008
343144405278015489
343140989734637568
343136884781895680
343133176958423040
343129263526002689
343126039960100864
343121732229533697
343118221144121345
343114281623097344
343111045281378305
343106644957360130
343103180206391298
343099198188707840
343096115626926080
343091712530460672
343088003222233088
343084113135271936
343080979822428162
343076691394048001
343072985890037760
343069041960812544
343065817270870019
343061382469672961
343057953194139648
343057246449700864
343053881363820544
343053824820383745
343050677980897280
343048784227467266
342804745775357952
342804273819709440
342794426885734400
342793520345669632
342789435345219584
342785927388753920
342781987163103232
342778559863083010
342774384211132416
342770837008551936
342766894996148224
342763550634278912
342759355403345920
342755720204283905
342751835087585281
342748711207723008
342744224195825664
342740830768992257
342736689317421058
342733659733889024
342729159849689090
342725791920046080
342721897533960192
342718692108431360
342714118811303936
342710658120425473
342706519562932224
342703596426633216
342699037893484545
342695445325287424
342691502310453248
342688491156680704
342686346151878656
342431420834258945
342427072641261568
342423555784445953
342419593299644416
342416260220473344
342411970336661505
342408483452358656
342404523505119232
342401330159185920
342396925351452674
342393423287959552
342389505887711233
342386303788273665
342381898120704000
342378410284294144
342374448143417345
342371226792099840
342366891790172161
342363403324620800
342359325219639296
342356211032805376
342351710578151424
342348249006497793
342344218909495296
342341019876077568
342336701005438977
342333199956975617
342329122292396032
342326018280923136
342324026355642368
342068956590395392
342064733542809602
342061353122541568
342057209573801986
342053942773026817
342049552657940482
342046029522300929
342042238597095424
342039012019691521
342034630544855041
342030995475800064
342027068810334208
342023789850271744
342019560418983936
342016073115262976
342011966782570497
342008759578656768
342004471301283840
342000927483514880
341996855695130624
341993862295871488
341989514467741696
341985796666052609
341981875860013057
341978674859499520
341974332899205121
341970802817781760
341966846603440128
341963556016766976
341961648426332160
341706658147340288
341702300705910785
341698779445084161
341694774924955648
341691424338755584
341687230202540032
341683544369803265
341679758167388161
341676394272653312
341672190837657600
341668652849983489
341664750465335296
341661318144724992
341661249047764992
341657163619512320
341653566072713217
341646392751706114
341641994612899841
341638473150771200
341634629641592832
341631349481955328
341626940886765568
341623471660474370
341619443950026752
341616135554355201
341611813223428096
341608325366030338
341604342547247105
341601036072529920
341599390156324864
340619266996981760
340619224684830720
340615110206840832
340611529269465088
340607647004905472
340604195281465344
340600103691751426
340596406471520257
340592571128635393
340589242935828481
340585009041797120
340581362081865728
340577424142114816
340574274198855680
340569877033123840
340566347366928384
340562338589593600
340559105120956417
340555054354427904
340551455104696320
340547321743941633
340543930401714176
340539712857067520
340536297976393728
340532153202905089
340528848863125504
340524612884525056
340521010098999296
340517032799903744
340514305726361601
340511985252831232
340257665471107072
340256909414252544
340252816209752065
340249142536327168
340245259512606720
340241927855292417
340237740618706944
340234145630400513
340230200191234048
340226854013239296
340222671176491008
340219215376154625
340215189595107328
340211796935835648
340207781342748672
340204191974834178
340200074837626880
340197016120463360
340192398342774784
340188946854207491
340185032339632128
340182117914910720
340177388111536128
340174073021726720
340169882333229057
340166692837683200
340162328349790208
340158695981862913
340154760512536576
340151889184292866
340149619411542016
339894715346477056
339890771396276224
339887035273842688
339882920124751874
339879684659609600
339879433135599616
339875305277755395
339871810185216001
339867803303673857
339864625040465921
339860270618910720
339856784036622336
339852920763842560
339849653044527104
339845344114401280
339841793778655232
339837920125018112
339834653672357892
339830153003794433
339826882440724480
339822628934131712
339819554136014848
339815161324007424
339811436362596352
339807554362290176
339804334088912896
339799917964959744
339796444699557888
339792441022480386
339789432280457217
339787285920882688
339542270107848704
339532260304879616
339528011269427200
339524498640482304
339520549833302016
339517125645447168
339512922034282496
339509408163852288
339505456672284673
339502282230099968
339497847164641281
339494350515998720
339490367525224449
339487356841250816
339482921561907200
339479469314162688
339475364655034369
339472321683279873
339467767088545793
339464197656158208
339460271238160384
339457126349025281
339452727287484416
339449109293461504
339445173832531970
339442006596149248
339437734500376578
339434089058803712
339430095963971585
339427135053774848
339424933341974528
339169746593386496
339165616177025024
339162126570643456
339158832020324352
339158115402530816
339154712924413953
339131951959138304
339127917453905920
339124780261318656
339120386576883712
339116836333436928
339112842647179264
339109837294166016
339105331785375744
339101836617334784
339097900808286208
339094766664953857
339090248338395136
339086698526961665
339082606001917952
339079496407867392
339075140904161281
339071757807923200
339067594445307905
339064621996580865
339062478333964288
338082431271841795
338078470389260288
338074733071450112
338070880901033984
338067646669021184
338063397792923649
338059899663687682
338055842240806912
338054423798501376
338052188993646592
338048375549218816
338044788056141824
338040803727380481
338037608590479362
338033298804731905
338029777309011969
338025675401355265
338022816257560576
338018251651039232
338014521681657856
338010750809419776
338007510445355008
338003041443782657
337999425542713344
337995626551861248
337992551644688384
337987941206982657
337984577475854336
337980365971001346
337977316250640385
337975243308158976
337720994653421569
337720278018830338
337716198982701057
337712428311793664
337708598408925184
337705099809927169
337701030034825216
337697602395054081
337693458846318592
337690206163591169
337685887066443777
337682320234541057
337675169936076800
337670863409258496
337667306702397441
337663293835595776
337660036933357568
337655837160009728
337652167416614913
337652013586321408
337648278751543296
337644983110750208
337640739628535808
337637048615845888
337633122772451329
337629627851894784
337625525063389184
337621969728073728
337618039300308993
337614920034164736
337612969275957248
337357762906451968
337353689717157888
337349996955459585
337346114724442112
337342768617766912
337338577748914176
337334966562213889
337331053498867712
337327581672136704
337323514514272258
337319878681833473
337315985025536002
337312763300937729
337308498553630720
337304950805774336
337300935174918144
337297696081719296
337293420143968258
337289876238110720
337285901296209921
337282712715010048
337278423925915649
337274710683443200
337270831099019264
337267428608327680
337263246602022913
337259610270494720
337255690089414657
337255670640418816
337252385623777281
337250591191490560
336995510328119296
336991466004049920
336988160842137600
336984303609204736
336982981853970432
336979161606397952
336972932062535681
336968628677246976
336965246356959232
336961155174133760
336957525104664577
336953626058702849
336950328463327233
336945998930788353
336942501497802753
336938471635685376
336935259079843842
336930918671462400
336927389886058498
336923405800574976
336920247472889856
336915835799093249
336912349397135361
336908341479604224
336904949977989120
336900716872466432
336897132407701506
336893289787695104
336890284833112064
336888127073435648
336632956175130626
336628823133151232
336625285686521856
336621308395794433
336617883314581504
336613871026585600
336610263497322496
336606237779193856
336602931061202944
336598682604548096
336595105353986048
336591184086585344
336587929910669313
336583720842698752
336580242837741568
336576251907145728
336572884325650432
336568585466032130
336564978825961472
336561040856862720
336558074741551104
336553554590433280
336549828056199168
336545925507989504
336542802014007296
336538336380481537
336534812317859841
336530820540006402
336527498957438977
336525649147744256
335797050719498240
335594139804647424
335545754171088897
335541706583838721
335538074304012288
335534192320450561
335530688382111744
335526663536406528
335522997714681856
335519127986905088
335515886775578624
335511621969514496
335507922509508608
335503997614034944
335500621467770880
335496459174678530
335492883392114689
335489056936968192
335485648821682176
335481290738520065
335477794106658816
335473868212948992
335470459413991425
335466279974621184
335462679626018816
335458789165764608
335455434385272832
335451157470257152
335447593477877761
335443677566607360
335440480928141312
335438511555620864
335184239429574656
335183213393760256
335179414847504385
335175673889038336
335171724041654272
335168283533799426
335164196301971457
335160619667947520
335156654674935809
335153388469772289
335149244375773186
335145466721353728
335141672772063232
335138211338780674
335134049301577729
335130545761710080
335126559327391744
335123215175266306
335119023123615744
335115372426563584
335111360738373632
335108112228966401
335103970345353216
335100258591854592
335096399333031936
335092867527757826
335088781310963712
335085297731792896
335081223271628800
335078161714925568
335076086331359232
334820900039962624
334816928138932224
334813340159336448
334809424159973376
334805990648201216
334801844402524160
334798243793862657
334794293543849986
334790872023592960
334786855490973697
334783152977506304
334779267349094400
334775995880075264
334771756038516737
334768069396283394
334764276831092737
334760875732922368
334756707001569280
334753088533585920
334751973456871425
334749094499209216
334746060125773824
334741642500263937
334738150557614080
334734009877811200
334730648684212224
334726513960296448
334726355663065089
334722836528758784
334718993388695552
334715703745724417
334713773971611649
334458550128619520
334454477828550656
334450911239880704
334446971110699008
334443635812737026
334439530654474240
334435830313648128
334431923147505664
334428563371606016
334424407302877185
334420949858410496
334416890619392001
334413427244138496
334409355036327936
334405699692011521
334401770862288896
334398568569901057
334394181697028097
334390631420026880
334386769317462016
334383662877528064
334379159243603970
334375557213089792
334371682766696448
334368332339884032
334364020373090305
334360405537345537
334356519250432000
334353222150025216
334351397975887872
334096225177587712
334092096053071872
334088454252154882
334084677935714304
334081219606245376
334077112292110339
334073273673465856
334069545507643393
334066179964547072
334061842865475584
334058340671967232
334054352295694337
334051006147084288
334046762866208769
334043249415159809
334039406765830144
334035950302789633
334031793919496194
334028174843338752
334024231987838978
334021110410649603
334016676318289920
334013116268544001
334009076835053568
334005729830768640
334001553839124480
333997997128024064
333994108441989120
333990750540947456
333989013453172736
333008982828535809
333004919701397504
333001256660525056
332997421300867072
332994225270562818
332990000012615680
332986244944519168
332982371223744512
332978937925890048
332974774999474177
332971183727325185
332967392147812353
332963866986311680
332959740055392256
332956078092464129
332952168254566401
332949406368292865
332944624190644225
332941029139431425
332937107104481280
332933707386200064
332929624084471808
332925929053646848
332922275529629697
332918933738885122
332914449189044226
332910934186139648
332910444635361280
332906909281681409
332903716636200960
332901856751783936
332647496675377153
332646757165064192
332642641051258880
332638932363788288
332635120831954945
332631750729687040
332627533210214400
332623909679689728
332619978668900354
332616772622630912
332612423649480705
332608922487767040
332604790112657411
332601436171034624
332597328361963522
332593905608581120
332589817588240386
332586388451102720
332582270168870913
332578940503859201
332574774775644160
332571781967798273
332567042395869185
332563698268913664
332559692956069889
332556534527713280
332552085612675074
332548506269122560
332544625044762625
332541186420142080
332539429619118080
332284432591491073
332280303785746432
332276697921617921
332272719821422592
332269413598380032
332265253536669697
332261622347350016
332257699301564417
332254383209345024
332250070550470656
332246536295694336
332242621852446720
332239373590470657
332235091243827201
332231500969947138
332227553244889088
332224488068505602
332219954789249024
332216383255482368
332212458410364928
332209299797454848
332204879626002433
332201277800976384
332197267979251714
332194398861398016
332189866337124353
332186266445701120
332182244938637314
332179060115525632
332177142496509952
331922070969659392
331917836173844481
331914294541295617
331910360028303362
331907023249739777
331902792438513664
331895232079745024
331891983272513537
331887782647705601
331884218143604736
331880205771751424
331876756980105216
331872585581223936
331869015523852288
331865055664697344
331861801086095360
331857548812619777
331853917451350017
331849999241588736
331846693215686656
331842560567959552
331838877608329219
331834880990273536
331831336023248898
331827230135173121
331823601718292480
331819673865834497
331816178248974337
331559262973206528
331555417438187521
331551721191002113
331547878130585602
331544268135084032
331540244719599616
331536598590181376
331532740912627714
331529178082070528
331525223549640706
331521508151291904
331517644236808192
331514139182780416
331510132582268928
331506480975052800
331502571443343361
331499074618527744
331495132652269568
331491453882732545
331487537560424450
331484127394164736
331479992871559169
331476312797634560
331472467807858688
331469056836259841
331464887823912960
331461234195066880
331457327431553025
331453938337460226
331452222237970432
330483911132061696
330472089217794049
330468234564354048
330466557207654402
330465437852766208
330464508105609219
330461952629407745
330461805346447360
330460682015358977
330458029852065792
330457558542344194
330457106538962945
330455454109007875
330453074122534912
330449455092465664
330441964283637761
330438028311015424
330434359247122432
330430894772981760
330430575586447360
330427026152497153
330423002137231360
330419189527494656
330415337973624832
330411835146784768
330407833298419712
330404221625180161
330400280342573057
330396794351673344
330392703080738816
330389067885838336
330385177710833664
330381637252706305
330377693512220673
330374109156499456
330370166435225600
330366800384651265
330364975455551488
330110847621947393
330109684218462208
330105783926808576
330102058264981504
330098223559630848
330094725363273729
330090702203670528
330086954316214272
330083185025236992
330079872292646912
330075558912327680
330071947176194048
330068015112679424
330064535983648769
330060551772327936
330056817772208128
330052997696589825
330049569549344768
330045377799675904
330041751492497408
330037896394469376
330034483417980928
330030365760708608
330026689751035908
330022823613566977
330019477292998656
330015242203582465
330011586867625986
330007719241203712
330004870155345921
330003410105532416
329747330817466368
329743401467645952
329739623007932416
329735821408223233
329732134761799680
329728274425061378
329724608423002112
329720697645572098
329717048701747200
329713233957093376
329709483485970432
329705641004367872
329702096687472642
329698128192233473
329694446553808896
329690568420642816
329687075421040642
329683027233996800
329679288863440896
329675476048175105
329671832506613761
329667915588698112
329664216971755521
329660313848922113
329656964684599297
329652829142786048
329649128655183872
329645210114072576
329641611636117504
329640196876427265
329384890019749888
329381025182527488
329377334291488769
329373488169230337
329369917239476225
329365953810948096
329362287573995520
329358338070552579
329354849202368512
329350875397120001
329347138318385152
329343278736613376
329339785795747841
329335716976922624
329332059568996352
329328273358213120
329324714428362753
329320709132279808
329317040059977730
329313134542221312
329309636337491970
329305608195035136
329301987826999296
329298051057451008
329294575292276736
329290586106511360
329286838726561792
329282928691515392
329279453328986112
329277916422737921
329050356044681216
329022386328449024
329018561613930496
329014834303733761
329011010386157569
329007318543003648
329003474509520896
328999743856472066
328995951706509313
328992240607297536
328988371147948032
328984652276703232
328980827390222337
328977146917826561
328973282101563392
328969598852542464
328965733935636480
328962064485842944
328958186709204993
328954460917338113
328950629701652481
328946986206236673
328943131607302144
328939373389312000
328935542463008770
328931864674959361
328927994976550912
328924250788466688
328920448517689344
328916795773837315
328915397019574273
328702284722753536
328194392030576644
327935405032873984
327931481995505664
327927841675173890
327923837914206209
327920382449438720
327912693652660224
327908867310755840
327905332095492097
327901297103753216
327897717248491520
327893747956322305
327890210912362496
327886190126706688
327882546127962112
327878697996652545
327875124730679296
327871158273843201
327867485175021568
327863616239984640
327860051853324288
327856056761974784
327852357759148032
327848495107174401
327844959514406913
327840959079534594
327837357007069185
327833446602924032
327829895684186113
327828291006394368
327574034688643073
327572903157710848
327569042103750656
327565357499953153
327561459636776960
327557962249957376
327553936108167168
327550329086418944
327546405780602880
327542893638193153
327538970105880576
327535155478679552
327531379179020288
327527706126340096
327523804437942272
327520165023604737
327516274672418817
327512576437141506
327508656943939584
327505009996611585
327501154508484608
327497509561847808
327493577909350400
327489888297562113
327486049125285888
327482512362336256
327478559507619840
327474848760729600
327470971562893312
327467354432892928
327465890327191552
327210704513933312
327206689126375424
327203005072031744
327199166747000832
327195556990578690
327191646590603267
327187947214471168
327184105777283072
327180552144834562
327176567216291841
327172829239992321
327168998326272002
327165441455841280
327161513213313025
327157795436756993
327155853792772099
327154002586394624
327150349486014464
327146423734919168
327142722563608577
327138812939620352
327135332887842818
327131298093215744
327127596204695552
327123752745852930
327120169501618176
327116196392611841
327116184271089664
327112485347946496
327108637648642048
327105089791737856
327103624679403521
326848245118693377
326844300862300162
326840625129480192
326836757322670081
326833115840540672
326829326483988480
326825533499392001
326821743815704576
326818000034471937
326814112099233792
326810456863936515
326806541959319553
326803073395728384
326799038370435072
326795466215927810
326791450547331074
326787979521695744
326783971398668288
326780383788138497
326776432976068610
326773021052387328
326768920969240576
326765209534488577
326761337197842435
326757776925798401
326753763677323264
326750119812792320
326746186067365888
326742716199362560
326741188277329920
326485881420652545
326481923360829441
326478194943348736
326474369830354945
326470737802166274
326466836109606912
326463167037317122
326459300379783168
326455653335982081
326451749525286912
326448054402162689
326444226407694336
326440580081131520
326436662034984962
326432975115939841
326429069577187328
326425542826024960
326421610343051267
326417921641426944
326414036356960257
326410478043676672
326406463205548032
326402761535143937
326398925676351489
326395330734194689
326391405910061056
326387681095458818
326383874475184128
326380331076816896
326378821618110466
326085671829794817
326084327362424832
326083079435341826
326081880451608576
326080562123116544
326079312107298816
326078241502793728
326011437841534977
325733200783605763
325679144052609024
325417376743038976
325398715944808449
325394790806073344
325391060920569856
325387252429619200
325383615817064448
325379694176387072
325375994129170433
325375836628873217
325372145658109952
325368513814462465
325364570350817280
325360881313656832
325357061342904320
325355323521114112
325353475892453376
325349495766388736
325345886391644160
325341953774481408
325338426943623168
325336526911311873
325334436457611264
325330734439088129
325326867005595648
325323309086564353
325319363467046912
325315622705700865
325311809672318976
325308269302251520
325304285430706177
325300588743106560
325296705018929152
325293124538740736
325291732306640896
325037348528201730
325036260110508032
325032405427683329
325028657569624065
325024795144122368
325021172355977216
325017272735387649
325013521979015168
325009723667648512
325006086790856704
325002170023948288
324998527228973059
324994669006163968
324991115642167297
324987147130122240
324983420348403712
324979530571862017
324975966646571008
324972044724862976
324968330345717760
324964457681928192
324960847711567874
324956932391714817
324953186567876609
324949411136421888
324945720778035201
324941864052617217
324938105473884160
324934311549734912
324930788451811328
324929219538874368
324715280217550848
324673918491316224
324669982803890176
324666290872676353
324662445140475904
324658852526182400
324654876569260032
324651181056073729
324647360204505088
324643762452189185
324639767755116545
324636143989714944
324632250186616834
324628785431461889
324624727933079552
324621071749902336
324617215699726336
324613639904563200
324609676216004608
324605988541976577
324602119657226242
324598562522554368
324594535202181120
324590851303038976
324587011820355584
324583444111839232
324579408528678915
324575769122705408
324571905862545408
324568328997859328
324566816561192960
324311566528954368
324307605843496961
324303921197748225
324300064359071744
324296467290390529
324292521016569857
324288833338368000
324284987790745601
324281368198664192
324277417961197568
324273760951754752
324269884919906306
324266296390844416
324262339266359296
324258667841073152
324254782585962498
324251224977317888
324247283556294657
324243566580862976
324239705946353664
324236219657621504
324232160976445442
324228428754731008
324224617512304640
324221042195324928
324217074023006208
324213372054798339
324209514545029120
324205954574979072
324204428842389504
323949082248892416
323945226949509120
323941452155592705
323937685741924353
323933989482160128
323930115488772096
323926405316493312
323922583999361024
323918914872549378
323915010084597760
323911338353106945
323907527098134528
323903959720919041
323900000742555649
323896317539663873
323892510109868033
323888827808768000
323884956214521857
323881227536986112
323877357700145152
323873748589613058
323869834133774336
323866064826015744
323862313822208000
323858604614623232
323854632424189953
323851064044576770
323847116181086209
323843586712010752
323842052364324864
323532473453641728
323531297966415874
323529982846578688
323528761553321984
323527433871572992
323526418908737536
323524948230565890
323488518259216385
323163902005346304
323121061849886720
322861875295555584
322858085335040001
322854335639875585
322850509876776960
322846866490417152
322842972339175425
322839265451053056
322835438899441664
322831797945761793
322827915970637824
322824161858818048
322820379456462848
322816718483365889
322812871958474752
322809149547241472
322805309796122626
322801664832724992
322797778466123776
322794019270832128
322790205838999552
322786542282235904
322782650685345793
322778888327557120
322775104566210560
322771524052451328
322767566386913280
322763755580694529
322759950579425281
322756352294412288
322754883818254336
322500634140086272
322499505612275712
322495632222863362
322491974395502592
322488126733967360
322484463810527234
322480557042843648
322476746161143808
322473018280525825
322469381143658496
322465485553803264
322461784470609921
322457925673177088
322454252112982016
322450364240642048
322446697735258113
322442812874440704
322439336593338368
322435325119041536
322431548894875649
322427678982549504
322424187249623040
322420186907037696
322416482573238273
322412661998497794
322409008411574272
322405078302601216
322401434765258752
322397582917775360
322393912981483521
322392500130172930
322137156032290816
322135776605376513
322134464488685568
322133286954627072
322129514664689664
322125736637001729
322122069783494658
322118218552602624
322114408371326976
322110659674398720
322107026555691008
322103093770739713
322099347598749696
322095643982168064
322091988604313600
322088090858557442
322084308980469761
322080558635155457
322076848945233920
322073008829259777
322069207317630976
322065439658242049
322061837925498880
322057884491988992
322054187749896192
322050381200883712
322046701093416960
322042821542559744
322039027081572354
322035217953079296
322031613120761856
322030167662940161
321774744766648321
321770865672994817
321767106423160833
321763360016326658
321759638771097600
321755808117452801
321752048553046016
321748246768795648
321744557001801728
321740719339479041
321736994025771008
321733133177344001
321729509332246529
321725581601415169
321721907252719617
321718049638084608
321714478645391360
321710531159400448
321706808685252608
321703021912408064
321699349388197889
321695412056625152
321691716543451137
321687865140580353
321684291333545985
321680334611681280
321676646841217024
321672767802073088
321669189221883904
321667694053171200
321412406079270913
321408520169873410
321404910778318848
321400998381899776
321397468564697088
321393450698293249
321389761019408384
321385926695718912
321382335817863168
321378300977115136
321374624833228803
321370822361100289
321367230661132290
321363221770559488
321359540534800384
321355691065479169
321352099399094272
321348147278385152
321344406697410560
321340585216720896
321337068041142272
321333048740290560
321329327180480512
321325561987334144
321321958274920449
321318025271865345
321314281238966273
321310470181109760
321306909279940608
321305380753924096
321027281600524288
321025982129635328
321024706423693312
321023442403069954
321022180970360832
321020935794733056
321019801935945729
321018399809482753
320946704721526784
320692065535152128
320628341361242114
320627292009291776
320325198752669697
320321346343145472
320319102365343744
320317630152060928
320313829546409984
320310186147459072
320306245405929472
320302540531052544
320298715497779200
320295139111215104
320291167042412544
320287462368874496
320283625394434048
320280017630285825
320276049453801475
320272369606348801
320268525296046080
320264956790579200
320260998340685824
320257288864677888
320253461218332672
320249832193273856
320245842218987520
320242195376525313
320238409169903616
320234790076940290
320230734033977344
320227084888854528
320223229203599360
320219674749067266
320218144729866240
319963893973803008
319962850338676736
319958980346642434
319955227652526081
319951405517508608
319947807622574081
319943843317428224
319940161322508288
319936327669919745
319932724779552770
319928773187338240
319925120913244161
319921230213967875
319917647431102464
319913706609836032
319910077177937920
319906134515388416
319902628320514049
319898615298523136
319894948801564672
319891072752971779
319887556001013761
319883497584074754
319879840209707008
319875961741012992
319872522948595712
319868405979160576
319864724265254912
319860843422560256
319857383037861888
319855749704593410
319600479388696576
319596596864106497
319592864428474368
319589009577893888
319585429269671937
319581465656557568
319577762283261952
319573919260631040
319570315518816257
319566375708413952
319562677380861952
319558815441887232
319555269996711936
319551269763162112
319547613793898496
319543740605792256
319540192618901504
319536192142061568
319532446217551872
319528662070329344
319525164272463872
319521076956778497
319517429380308992
319513536768405504
319509995236515842
319505972009766912
319502374999838721
319498432962236416
319494919762894849
319493912421097472
319493375806017536
319275447626104833
319238071629512705
319234219161288705
319231247001993216
319230406950014977
319226614682624001
319222971266916353
319219100788346881
319215328225812480
319211540823810048
319207938092851201
319203998446006272
319200279310499840
319196529946669056
319192893539639298
319188991977074688
319185217439023105
319181338110488577
319177815150952451
319173928025210880
319170088844554242
319166241455624192
319162619875446786
319158827234770945
319154998661480449
319151217735516160
319147577536806913
319143675991052288
319139909610926083
319136165368311808
319132514012786689
319130985700663296
318920590956322816
318919786912423936
318918804937797632
318917448160133120
318875642307424256
318871740388356096
318867967980994561
318864155287355392
318860507912208384
318856638528368640
318852882961154050
318849058179522561
318845465875578881
318841535053586434
318837842124083200
318834007368409089
318830344029753345
318826481931395074
318822719321952256
318818879071735810
318815312650829824
318811350975520768
318807643894448128
318803789371043840
318800186539388928
318796230148882434
318792503971155968
318788723930181634
318785090706632705
318781170059968512
318773594123538433
318770201141329923
318768521108652033
318483100680212480
318415040527081473
318045250297942016
317789740361469952
317788705152708610
317787221811937280
317785916703903744
317784704948531200
317780976510046208
317777181541539840
317773557293801472
317769632826138624
317765877581877248
317762003684962304
317758386605268992
317754512167301120
317750749121617920
317746987812405249
317743350386159616
317739407463550977
317735709681278976
317731963991629824
317728242427625473
317725488309235712
317724337618694146
317723018862407680
317720583032950784
317716752576430080
317713173090283520
317709164157734912
317705503671205888
317703990420844544
317701643254771714
317698056604758017
317695263118602240
317694026889428994
317690346391871489
317686522717536256
317682959371091968
317681463413858304
317427228902313984
317426308026089473
317422221222084608
317418612359041024
317414639648509952
317411179171545088
317403476281929728
317399691312627712
317396001390489603
317392146334355456
317388395972272129
317386720075198465
317384519646851072
317380943012835330
317376953361514496
317373349372260353
317369464972775425
317365923189256192
317361895709474819
317358249106087938
317354343688990721
317350891311222784
317346775029657600
317343163058630656
317339198468268033
317335702788526081
317331642987458560
317327997013217281
317324120507445249
317320653453791232
317319069483294720
317110606505328641
317063900703125504
317061949911355392
317061519387029504
317060928195686401
317059826947592193
317059450626248704
317056184811155456
317053730526744576
317052374227247106
317049688543096832
317048828568150016
317044759195688960
317041133240852482
317039765310554112
317038377516023808
317037273222885376
317034640751857665
317033811907067906
317030972061257729
317030836115480576
317029805612732418
317027257619210240
317026118836293632
317024738914484224
317023440852889600
317023437824610304
317022323192520704
317018641411489793
317014796266528768
317010990556389376
317007233181417472
317003657805717504
316999637280100352
316995910640996353
316992018209439744
316988461926207488
316984462707666945
316980802015596544
316976891825360897
316973376054890496
316969325447741440
316965697106362368
316961796462350337
316958303236259842
316956683937120256
316701486040113153
316693809616531457
316689952563941376
316686360327102464
316682489584316417
316678768104198144
316674870954053632
316671292902359040
316667294799519744
316663663413047297
316659739318685697
316656233975263233
316652238141530113
316648579039113217
316644750189010944
316641241389465600
316637154564513793
316633459609198592
316629591013879808
316626064149458946
316622031993053185
316618380947898368
316614520850235394
316610960792104962
316606918581956608
316603299564515328
316599417312530432
316595902255091713
316594342213079040
316339104877006849
316335086180134912
316328801565040640
316324051280871426
316319988438953984
316316319064666112
316312474141986816
316308975626903552
316304959127818240
316301249760858112
316297415634333699
316293824135716864
316289920698306561
316286251793801216
316282309642952704
316279114417975296
316274951441235970
316271433254850560
316267453749530625
316264040575950849
316259677623181312
316259667854635009
316256053031473152
316252182523547648
316248564038778880
316244662383935488
316240978501578752
316237097323343873
316233571637551104
316231981723701248
315976780542537728
315538726589706240
315281787016335360
315269451224338433
315266263884656640
313398199647891456
297585417702756352
281291778718568448
276773982458503169
262251801024290816
254380148470738944
254288432858267648
245945301913960448
245945250651205632
245597750752858112
245209828300054528
244976737199480832
244871610685849600
244870999504465920
244870674844381186
244860543805034497
244848295854354432
244528751436779520
244528552274440193
244515390166822912
244514481076572160
244514176209403905
244503397997367296
244495085713100800
244494423226978304
244487900304117760
244465841742168064
244448316832759808
244302988234076160
244290031244673024
244279938390306816
244279105573494784
244261666798309378
244253499410493440
244243410297421824
244236532867805184
244174279749541888
244139032433537024
243971516004462592
243964377437454336
243845388375838721
243768319855964160
243188548218540032
243188154385977345
243187735387598848
243043269439807489
243043039856189443
242865367318405120
242825352320258049
242801195931021312
241659818367135744
241235150606856192
240930248722624512
240909785178984448
240907149641908224
240880131852337152
240190234615230464
240143638238216192
238485522459275265
238417151587917824
238340177628651520
238086401005064192
238084998668881920
237027751750692864
236200596024225792
235582928879501312
235473122428596224
235472362647207936
233994168916119552
232945575551713280
232711955524243456
231163355358978048
228249251174576128
228247589106098177
226068309836185601
226068154462396416
226049585703956480
225138793773142016
224949572215115776
223918311883276288
223612496450293760
223503627979988993
223502765555593216
223447250842562560
223271980617580544
223264899562868737
223161029494972418
223157610474508288
223155299639504896
223126459017986049
