935864063762067456
919915837154316291
912372766237700097
905974931829035008
903415084696821760
902290621334831104
894361511820369920
893498308705923073
892475596302819328
892414645964636161
890344293289779201
888936244180340736
885544814711668736
884769752194875395
873993263866302464
873947961817931776
873902659094183936
873352023718195203
873298944645844992
873288278757212161
873162792400039937
872581455578251264
872215394022510592
867121531712884737
830235529228726272
828392633164845057
824655659287408640
807088655663648768
806499368450850816
805181988244254720
804397566649630720
802919923802456065
791543719350509568
790562162053779458
788774453668970497
788759491508637696
781930089416130560
776458081551130624
776428537578389504
775746023251709952
774653762673586176
774366870136844288
771384662908211201
769293179661217793
769263156468285441
766364051777740800
763439789089619968
761235301486460928
760588138599383044
755424465094381568
752883998674804736
750362355658350592
748504113747529728
746062780554428416
746057378085376000
745994833823674369
742805061437411328
740287221257916416
738742041350377473
737720312251453441
735149973529079808
730096537410383873
725017552905076736
724610129547661313
722825908093120512
720337698494361601
719909653908484100
718563378726240257
717813474865389570
715641112371851264
708386012532183042
707978730245902337
707974911743168513
705098681494675456
704127498775371776
698189829604036608
697798158265397248
696513081044660224
696502095600484352
696498642459320320
696482310057697280
694694410387349504
687347557509545984
685557053276971015
685486804796059650
684762479403134978
684065359075368961
679707086620471298
679006778726596608
677971610217918464
677910688241553408
677201538465558528
677172095671930880
677171644461379584
676841088158601216
676478643678285825
676468098795458560
675372478009638912
675041075367706624
675024328702996480
674671657575800833
674334725142638593
674332628439441408
674332131255013376
674282651814125568
674282598202548224
674282323081326592
674282302889967616
674271070615027712
673992971704864768
673909845087625217
672188597936586752
672163707619774464
671818771581939712
671418425638584320
671402645433810944
671392228032417796
669878276924579841
669384851292688384
668867856080044032
667749250860769280
667394014224580608
666731365589581824
666685323229790208
666664465723580416
666378964865261568
666351500399001600
666338413545672704
665988482603577345
665595773778706432
665279760122015744
665220387249123328
664866708625100800
664542495548702721
664095168073703424
662668858340196352
661976542914850816
661948662113792000
661263931516653569
660481017812242432
660112675016482816
659791806775865344
659399942771904512
659104111275540480
658743520514211840
657657993723564032
657657879164526593
657620417956311040
656867627659235328
655129194062450688
655053750004903936
652144841971765248
651792680519909376
651444244150906880
651429623385956352
650023685630263296
649996999970963456
649239655766953984
649034342946222081
648960692125569024
647152254584258560
647079636602634241
646701686799659008
646020098344550400
644177365451558912
643892133653557249
643891956637147136
642035126902239232
641025900105105408
637281070480773120
636899260987011072
633354476892618752
633317366206722048
632259060708937728
631917080514834432
630778485376708608
630778098452185088
630777260115664896
630776801195855873
630776687966441472
629371967880175616
629346899141787650
629346678013870080
628990356332380160
628648620519256065
628631627472744452
628631588872548352
628270272202809345
628266892222820353
628230303828574208
627478899060924418
627226343969816576
627173074224283648
627143797303083008
626824581915893760
626823448053043200
626781395638202368
626452135715041280
626435838801375232
626419805680078849
626419699094552576
626106446355267584
626102124552790016
626069892350017536
626069853900795904
626066591755694080
625830225830526976
625767174276296704
625750276146876417
625750038128533505
625740812882694145
625734870153584640
625374311285702660
624691098728796160
624673201558286337
624640136467251200
624624525913792516
624624417369227268
624324828833542146
624322567143161860
624311264181772288
624289126154698752
624285049534480384
624266821714190336
624256654385647617
624228562367852544
623995712183926784
623994198518317056
623993909572726784
623993073471782912
623992814494466048
623992074006831104
623960301755445248
623933879058100224
623919549734330368
623916397928808448
623916360494678016
623916058651529216
623915896394895360
623863784529113088
623863755722633216
623858723652395009
623626979808423936
623583691181305856
623532220964306946
623532180287979520
623529243201392641
623500967863058433
623192800725565440
623191182873595905
623183128404824064
623176780820684800
623136759447203840
623125421715013637
623124732565696512
622841144402051072
622827751083520004
622535229169889280
622533670788833280
622464724228177920
622420579061108736
622182011436933120
622156995135676416
622140838911569920
622133973364273156
622132969457758208
622128762407284736
622105238506487808
622099874251730944
622094319105740800
622091217967316992
622089915715710976
622073849547370496
622071512619687936
622064838227959808
622060963315994624
622058296187469824
622057186722738176
622056530045726720
622056458071470080
622055730066145280
622052006773985280
622051975543152640
622051938616614912
622051655538900992
622044335287177216
622043745291251712
622041266713444352
621853800521793536
621798137548681216
621774300270297088
621771783939604480
621734106422837248
621731313234489344
621728883608580096
621728703886794752
621725557940711424
621693813761921024
621487569356722176
621439124759670784
621436735835115520
621422304455737344
621360147500302336
621355866449559552
621347856209674240
621109724751134720
621103700904419328
621060015890141184
621025586509664256
621013928391348224
620995130481344512
620978080824336384
620977593299374080
620977522306600962
620769510950174720
620717579401691136
620685274155069440
620683591442284544
620663794600120320
620659861861236736
620659630222393344
620652517907689472
620652366434553856
620315937745448960
619950336715796480
619679207887519748
619638359271473152
619589765000638464
619589689293418496
619589643575504898
619574808750133248
619565813217955840
619257906899259392
619010844379078658
618937321610588160
618884759670820864
618488811320819712
618482780066947072
618481031373541377
618475962133561345
618471473087315968
618459305197608960
618459236994035712
618168445339860992
618164332652818432
618164255557353472
618156700504166400
618122412291272704
617837226412638209
617761771890343936
617761745768161281
617423846400864256
617402446512566273
617402425180356608
617402374139871233
617402285413560320
617051259493703680
617038321433194497
617016203660300288
616999926816358400
616985068305674240
616714728467906560
616698361886814208
616652794078978048
616652459948142592
616651775228014593
616651400508866560
616650639687311360
616650231740903424
616649627228463104
616592162562555905
616363494812749824
616321627408588800
616282249013542912
616249382959247365
616237525624061952
616237042452819969
616236868556980224
616000685167898624
615998817905700864
615989971829166084
615979939737669633
615972259404984320
615970699266519041
615966108894412800
615962345500602368
615962099802464256
615958442960818176
615957520863989760
615957345693118464
615939607830487040
615927974278397953
615927795454230529
615927741418897408
615918655222607872
615912911966330880
615716904989134848
615713045856190464
615712115286917120
615711356684120064
615710214755500032
615709889524969472
615708862440587264
615707828590743553
615706515257712641
615705085436260352
615704675829088257
615703971986980864
615702682846650368
615701414698848256
615700886413799424
615700459601289217
615700294442352640
615699783437697024
615699686360547329
615699590055006213
615698507496714240
615698408511303681
615697908625596416
615697588184965120
615697173964042240
615696180618498048
615696093888835585
615696072195731456
615695741307084800
615694530814197762
615694319094140929
615694209568346113
615693414240096256
615693281540739072
615691942442201090
615690019546746880
615688016296865793
615687720594046976
615686979674451968
615686303938650112
615681229942206464
615680276664942592
615679974880739328
615671977760702464
615668320294043650
615667468384624640
615666075808722944
615665656030212100
615592600502865920
615550295364382720
615538241144492032
615218116579057664
615196715658817536
614870823967395840
614843042105700352
614840625679069184
614587683474550784
614553875710808068
614508323572879360
614497288228986880
614477483530956800
614476628509376512
614470681762267136
614462323588235264
614238285657804800
614233867679981568
614189931854860288
614161180697845761
614146201349308416
614112570014740480
614107350480388096
614092163899617280
613811473677221888
613804639725621248
613750857268658180
613708169617915905
613434488593354752
613434240211009536
613432734380224512
613378518295150592
613345787464912896
613106726296924160
613099732743753729
613026676675489792
612264531545317377
612039148619173889
611950345250410496
611613389731794944
611555448336986112
610566267984973825
610543301230329856
610531346260340736
609425221808885760
609405344364670976
609028561651912704
608658390806618112
608301502638227456
608301067307257856
608299955225300995
608299061859328000
607993452995813377
606925896809717760
606865000842412032
605838806986539009
605759012701880321
604405182407966721
604404662242926592
603990423087026176
595937267157377027
595642773996437506
594607823926861828
593155814220648448
592808182038319104
590619774750711809
590229845772144640
588828181110648832
588824680661786625
588456639893671937
588090267498078208
588055952865304577
587613282690695168
587602710217621504
587422166934650880
582980089975029760
582979994525257728
582979942373289986
582979867341393921
582979736407785472
577503094537396225
573184775441272833
573121144905187328
571369906735861760
570645876487659523
570267682555228160
563021768911511554
562025452068687872
554822302811299840
554793657891446784
553687701086412800
553673552742735873
552660671746154496
552608748972150784
552511931425488897
551424668842741760
551061262763692033
540970599364169728
540637833145626624
529802793952219136
527184475856568320
527183249941229568
527152519907381248
527112442258923520
525095280908464129
525095102029762560
524742239260803072
523151720160169985
520607146157674498
520291788817305600
519970286876491776
505379273411403776
502528067206922240
501761421160349696
501419332409114624
493202299284488193
493127329816649728
493110401182097408
492149672111132672
475325814729211905
464862942232457217
459760796281487360
457244146030632960
446092345713242113
435861742863020032
426482005895688192
421400148028051456
421399311814246402
359003379764183042
347777957433049088
260058022158684160
236188223649501184
