883469939549523968
854403056632451073
854392616514867201
854386668819709952
854386445796102144
852576702882430976
852575936478199808
851860054097645568
851855728058839040
851515668574883840
850395967207624704
849726109834813440
849725825494556672
849725138421415936
849724905285328896
849682772243300352
849305825281798153
848987674459250688
848987367557877764
848965060256964608
848960121132556288
848558393740607491
847856269151031296
847498862440792065
847142700046462976
847142622380486657
847136356883062784
846501614680653824
845323944781463553
844594791383904256
844260351197667330
844248292783415296
844246820993691648
844232390801346566
843977507657277440
843977369681444864
843884209534001153
843517173075070977
843515940083908608
842935008864088065
842420203287863297
842078411099000832
841779492871790592
841735756573892608
840994200355196928
840970586239062016
840969690331541504
840773306718461952
840688268488278016
840656776450134016
840655789291331585
840654334341832704
840654076530454528
840651316678410240
840649279093977088
840642014752337920
840615190899044352
840612326583681024
840337308171685889
840309152417107968
840290816421588992
840274893912457217
840272857493991424
840265511963254784
840260695954403328
840075245956427776
840025116406775808
839951657274220544
839900415130951680
839539102479364096
837861404807831556
837858675897188352
837716958128689152
837371572671303680
836710360811876352
831225966311600128
815678995060535296
815633705469251584
815301507637620736
815256219648569346
815237327664447489
814969328550281217
814954243681460224
814924033737138176
814878274333462528
814591844721905665
814576756124368896
814530194560032769
814238431500865536
814214855754252288
814153820489977856
813866955681644544
813859554911862784
813806611164581888
813504683914338304
813500937897537538
813489624139956224
813482838183948288
813459386441953280
813428479970508800
813414090559262721
813166458041569280
813164679723761665
813157390782578688
813145084669534208
813131325997654017
813112085622059009
813036596215721984
812795059154259968
812791268061257728
812788338079854592
812787479568793600
812783759653105665
812779911752478720
812776642909081600
812772396453138432
812768688377982976
812764818511839236
812760101362597888
812753991083823104
812738963861450752
812734606701006848
812689317873094656
812476769571721216
812454841247145984
812427227606331393
812426098482954240
812425965775175680
812423302165598208
812421354280452096
812417512432279552
812387829741285376
812385320389918721
812385254489128961
812372222337683457
812369121308327937
812354402790952960
812352813237870592
812350443078590465
812350365186170880
812326935082565632
812186936668360704
812185348302192644
812185210708033536
812055124130398208
812024917981921280
811979616055197696
811949424377110529
811747413199200256
811710925577154560
811677620546867200
811663006987796480
811662926771671040
811649343404974080
811642596661415936
811641429411831808
811617045926146048
811375711554400256
811336877512888324
811254808258584576
811239989442789376
811209557343019008
810985802758922240
810973730805424128
810952928185810944
810922678437543936
810892374884880385
810605583732572160
810560291478052865
810514982693502976
810243200463966208
810197885077753856
810167702937448448
809872364297076736
809865466810286080
809820177739067392
809805275053965312
809528240184303616
809488129157541888
809458004630249472
809187871835836418
809171355987943424
809166003854708736
809162405250932736
809148425224613888
809133979890696192
809130131985874944
809080536350138368
809035234071040000
808877898480222208
808875856508567552
808875071154458624
808874795680997376
808869974861225984
808853178821115904
808852128278032386
808849758798254080
808847863019016192
808846440785055744
808845234218012672
808842830051352576
808841762152202241
808841489283284992
808840378388385793
808838975972524037
808836276350660608
808835605874425856
808834571496083456
808829218310090752
808828337883725824
808824363956903936
808823783536541696
808823551184642048
808796199452979200
808782403028197376
808736704685162496
808718712693850112
808669635797073920
808657412009828352
808444052957843456
808444016672899072
808423709719425026
808410372394733568
808387409268207616
808370650339381248
808367240965820416
808367211345637376
808366805106339840
808366118259675136
808365872452509696
808365493841108992
808365106153164800
808363872688095232
808363803108724736
808362202730086400
808361604634976256
808361416763682816
808347443595124736
808340802308952068
808338913420984320
808337062310969344
808129268597211136
808068856308563968
808038668770254849
807978276345942016
807751772366196737
807717351164522496
807708500797235200
807706474432458752
807661190549684226
807630988486418432
807340280114315265
807312299509678080
806951295311429632
806906200163950592
806664615690051585
806634771690332161
806574032891965440
806498509646020609
806272012595261440
806241898750849025
805820091170320384
805517051129253888
805456644666630145
805139556152377345
805079166957666304
804822316886523904
804746926847442944
804531894943510528
804429903131123712
804374321455976448
804126480137453568
804026022752436224
803990594926170112
803961793760497665
803721414888988672
803689936079552512
803659848311128064
803237031274954752
802557562587492352
802225374394335232
801878080570597376
801817674896416768
801583705034604544
801533333201031168
801470339691606017
801237843540512768
801153295679033344
801123854676430848
800785505314975744
799355912980832257
795665734173016064
794569738240147456
794267906083143680
793627452106911744
793138106530537472
792803138994475008
792048179411689472
791263140407185409
788371609274814464
788364127076880388
786617763657768960
785887716026089474
780075185021923328
780045074797166592
779127117141331969
774276394419310593
773234216985165824
771784650389790720
768855533126230017
767815525787328513
765533728127016960
764153955546869761
763796473695703040
762694839854968833
761592622318182401
760890483799265281
755794475906048000
744922837849280512
743837146197331968
743480839640514560
742476709732093953
742469317439016961
740574154701733888
739849517059604481
738784268428574721
738090370278428672
737752343081455617
737708236044804096
735501864569950209
734791390983561216
733704097187176448
733356588530950144
733293099426816001
732605087449632768
731091783623577601
730623580527075329
730604550982270976
707981880591659008
697553460598697985
688091609540395008
684445600851464192
683332062577737728
682579361124495364
681198905736826880
678982863874711552
661997474710614016
661990530444726272
661977080876285952
661960943224512513
659778397246267392
657593635811143680
654012557498253313
653989913445056512
652590718318317568
652578130473803776
652560009398583296
652538167011053568
652523735153446913
