594369061007405058
594264922525163520
594263874163101696
594200260433596417
594177138384883712
593952891204939776
593952487092178944
593450897436504064
593436564568563713
593432743951798273
593401957404016640
593297913561878528
593094296821202944
590644931963834368
590643557104558083
590643458324443138
590643365798146048
590643323326570497
590643267320094721
590643145358110721
590642706151510016
590642565319434243
525343060692336641
523519960765956096
523517627642417152
523516034180190210
523515970691010560
515901831558725632
512018652078829569
508770994644062208
508770950381588480
507728043390287872
505776563443757056
504800011704889346
504799986606145536
504136948231856128
503276664227647488
502854993565999104
502643767997104128
502620562276229121
502620477610000384
502620372362334208
501462423233388545
501451355459170304
501450861181431808
501450763001167873
501450698585022465
501450345491746817
501450229250809858
501449637677776897
501449598632996864
501449566261362688
501449546384564224
501449426758799360
501449390541004800
501416554261925888
501416480156946432
501416364590899202
501416170885758976
501415442934951936
501403420935606273
501403238814732289
501403212730351616
501402959125942272
501402942403252224
501402816951648257
501402254650671105
501230511503994880
501230491161612288
501230463298830337
501230407904657408
501230315646775296
501230297816776704
501143943598600193
501143919129030657
501128315085017089
501128191155924993
501128125913497600
501081515410079746
501080935279108097
501080858431082496
500879155089924096
500878705838026752
500878680231776257
500878651869896706
500878634450964481
500856329742069760
500856249358233601
500854809000701952
500854489818349569
500853941224345601
500853879442255873
500814926932619265
500813580200321024
500813529495392256
500813263190646784
500812496383774720
500812393631731714
500758328386277376
500757969202839552
500757909014585346
500739881262673920
500739854444294144
500739837998428160
500739797464657920
500739770587545600
500739751755153408
500739680682651649
500739390076100609
500739358379765760
500739313802702849
500739192385974272
500699026032197633
500690774405951489
500689501707313152
500689431695986688
500689412586754049
500689376209547264
500689342051151873
500689258639015936
500544883057500160
500535555663605760
500535506367942657
500535489624293377
500535449770012672
500535429746397184
500535376407457792
500535274120941569
500535099260428289
500534998152511489
500534977550106624
500534951121793024
500534171635572736
500533920052830208
