939036897019432960
937987559216447488
937945787811610624
937617144082075648
936636769558130688
936607763479670785
936514112128917504
936513970256560128
936493451033509888
936308821512744960
936308296822095872
936308279168286720
936248577340223489
935890625982996480
935526899811418113
935401803033673728
934999212588113920
934443955835494401
933612071417032704
933611934645084161
933580233260666880
933217937984430080
933217794581184517
932456752674566144
931932164945408001
931856360945328130
931740159573291008
931374259347144704
930729384289320960
930696376681467904
930066078847217664
930065578575798274
929236155467313152
929235530025394177
928884201021063168
928883712716029952
927888912332177408
927817639992311808
927805820879777792
926422765317451777
926387533335838720
926000528173056001
925999014033571840
925616975551774721
925616215078211584
925427086298247169
925242028857835521
924536672338952192
924533885513297920
923849428498202624
923619965248221184
923619548636389376
923489226326392832
923111695899246592
922803786455719941
922782652884594690
922485813933305856
922437472822239232
922397093334880256
922395503437922305
922392070324502529
922369525521137664
922305674431807489
922305486946308097
922186776034263041
922186441848799232
921929779867029504
921199399358709760
921027572103647232
920962958829559813
920871348552966144
920739353646608384
920689269684834304
920654487236132864
920651550049026048
920651407560032256
920638026727940096
920347981676548097
920340806153551872
919882525685702656
919132943116787717
918792368710500352
918779151753998336
918777054929104896
918085185937096704
917997945055625217
917786185925246978
917781578947870720
917760110750924802
917759169112924160
917633870534631424
917633614698782726
917632426800668672
917632165470285824
917616756562128896
917616591923175425
917491494751158272
917461109426159616
917460949052690432
917460063752642560
917458057730207744
917434268535595008
917393095439683585
917062773753835520
917046909075783680
917016192186966017
917013424189538304
917013345982595073
917006228789673985
917004796652953602
916993653800710149
916992594839666688
916992431240896512
916989778884571136
916989547807772672
916987390941585408
916959826206269440
916948909406093313
916948773108015105
916937630461304832
916937606985744385
916937591332548608
916937562601619456
916937551981637637
916937521954660353
916937209856507907
916937066239238146
916931664311287809
916928993089134592
916928155201372160
916922055823470592
916912081714036736
916898243983765504
916898221321945088
916891071577169920
916888664281538561
916880007376420864
916876260797685761
916858661191933952
916857497238958082
916633978521608192
916633714532114432
916584489060405248
916264690044493824
916251297191387136
916244978329731072
916204065834508288
916194734518837248
916194716172959744
916152434564636672
915878129209503744
915877891619020800
915824968952197120
915506733639798784
915478767954411520
915157654334353409
915113121273937920
915112910333939713
915112758135238656
915099734955646977
914003107692011520
913345105792180224
913336943601053696
912238956976136192
911930618308468736
911926961814962177
911901175426949120
911897814862413824
911491328730570754
910019775555805184
909806305983963137
908552803383091200
908176428532883456
907163911538872320
905741132243509248
905368920307019777
905358840283021314
903985771954110464
902508980114558983
902121165392457730
902120334131814400
901723068623593475
901723040135823360
901691200108879872
901367071807741952
901306806915301376
901306794080780288
901285120115490816
901162152110694400
901161802704109569
901161606565908480
901161179296317440
900936105016532994
900613301771436032
900555225655685121
900247224872968192
899642629557673985
899606394113933312
899173826747023360
898981527685431296
898732017679867904
898731101245415424
898624614246383616
898531978168778753
898458099849101313
898457734764306432
898434248130011137
898378450934800384
898070676799578112
898051667844669441
898037054348460033
897707899425828864
897623673749819392
897623571111047168
897416164883578880
897136147985350658
896981405300801536
896981386862538754
896981018560806912
896980893016899584
896803057782071296
896790091883921408
896611925030719489
896607381580169216
896607368770797569
896607313884139520
896607303972962304
896607204916183040
896607089560174593
896607075546963968
896603264799563776
896603201784303617
896564171474468864
895990558862172160
895986706578497536
895615181002162179
895506734998888449
894940575220224004
894902057605267456
894901219457548288
894834389640593410
894831912245641217
894831830943150080
894484878904877057
894160766634414081
894086534210609152
894086293201707008
894070247208099840
893912617013489664
893828319912669185
893721695789252608
893705733740535809
893705226527453185
893704720056856576
893704683553828865
893696368123891713
893696351745196032
893696084987396097
893520606678794241
893512519108579328
893511377234436096
893498392134918144
893497680181075970
893497657540333568
893479626676109312
893474891206238208
893474138156814336
893465213218861056
893436806867296259
892938284157943808
892938103484055552
892938064036716544
891496959361466368
891496899450068992
890132677470420993
890056110945714176
889910413000712193
889853166182735872
889814355956518912
889321237801054208
888959653064790017
888828893343268864
888373757030440960
887990324085145600
887988445146095616
887988375654760449
887851774899396608
887627144418926592
887567311191785473
886839408598462464
886120543614681088
885564161555484672
885092709077327872
884335400616984576
884312498978947072
884301378172010496
884286648053149701
884281626368253955
883921182088601601
883294961906483202
883236526020190209
883236506839560192
883173378152046593
882819760995618817
882818672435359744
882818654643122182
882211772312109056
882153254959824896
882120574629068800
881895068583436288
881895015416438785
881895006230806528
881894988119908352
881828737079156736
881782986118619137
881776232597118976
881546439981113345
881545387172962305
881389547875061760
881377303657291776
881371643045478400
881370222095089664
881356070161072129
881333338383855616
881083192219910145
880690649598763011
880629219679543297
880404891956420608
880378493934096384
880359737753190400
880298666199666688
879165843124264960
879012155902672896
878457117992026112
878119748684226560
878114049036238849
877889236870901760
877861962176094208
877774145810976768
877768422058188800
877191358083022848
876859699152306177
875637850015842304
875624392226512896
875611776783482881
875598217697570817
875588361372614657
875547680360939520
875400001341411328
875396754664955904
875387333654134784
875386878899257344
875386016156180480
875378701298315264
875360537760079873
875266464789348352
874947746410635269
874924575087366147
874822932584726529
874182507700170752
874116640064929793
874007268324331520
873871998853586944
873871174219870208
873871120918761473
873550536817074177
873515260639985664
873510875230904320
873417650445074433
873405065154789376
873314025026707456
873116601750437889
872889398827769856
872888128729628672
872843346066026498
872840414520201216
872758960129884160
872754630580502529
872754622242344960
872673389785137153
872673379836284928
872332557848907777
871950552522866688
871649107080757248
871592980477378560
871408748605997057
871211732835774464
871041057332514816
870844695982686212
870494245294981124
870250794011852800
870250733362323458
870250640320061440
870250626445320192
870200986526035969
869932911750926340
869896828422021120
869615844921192448
869615839237898240
869615708656738304
869213901350555648
869097503961907200
869031652822929408
868970760324268033
868826633372704769
868691466679271424
868691450464051200
868691368285163521
868676777157156864
868538345340649472
868535043941060608
868300115651436545
868095043038355457
868095009739882496
868082130013757440
868079937638367233
868063487066374144
868051010505330688
868050404835065856
868048262736920576
867997867297734656
867992037949296640
867978243915173888
867966471065837570
867658305602113536
867631115011358720
867589303995514881
867578861797523456
867437241315893248
867313860180492288
867260771658420224
867255003311816705
867244538930225152
866911354690560002
866696451132280832
866670566492708865
866652520042553344
866529728236199937
866515397192720384
866483363359502337
866482283036909568
866481772598411264
866329503798181896
866129663944306688
865991165769768960
865986381956370433
865808377850376192
865802773283053570
865503690227974145
865498456525230080
865494701813538816
865493373880213505
865492773863964672
865491665397489664
865472902447079424
865468147968626688
865458466839592960
865378512248512513
865378324427579392
865318626458513413
865182190866276355
865173405477163013
865173331384782848
865173107790708738
865173025250988033
865168981014925314
865096951578087425
865090873461100544
865089942808023041
864995052988137472
864940441015205889
864924475707371521
864920696488579072
864890707177328643
864831554354266112
864804132883841025
864804069185003520
864804029246849024
864776626499747840
864775688296869889
864775033473744900
864719876585279488
864676126064484354
864674124118884352
864551038363160576
864551009317601280
864497431009869824
864407267772256256
864331650661892097
864298679942828034
864203233291640832
864096213297057793
864047526738968576
863999166262919168
863984639265910784
863781761292972033
863780680601182208
863741440953679874
863736299496263680
863644561893015552
863606423120257024
863600709438103552
863597973338443778
863437054704730112
863435965687136256
863435272695959553
863375063143202816
863331199715913728
863327611132362752
863317253420326912
863306682528481281
863290710568517632
863221066285502465
863068842997579776
863056374984355841
862980388284547072
862973078174748673
862963060511604736
862939056367214592
862938055535017984
862936550396485632
862932609860378624
862932491467841536
862932137707659264
862932077209042944
862927828857233408
862926504933576704
862924877962989568
862922366086651904
862922130274492416
862891908019896320
862652304129835008
862621232390324224
862566219387330560
862555391476899840
862547905613144064
862531335667105792
862523571658145792
862343231253528577
862296993833467904
862192484285161472
861976547619557376
861922808758194176
861922716563251203
861922665594073088
861922477114576896
861920791629312001
861845711847006209
861811540298682368
861791054856560640
861760222800494592
861661937918201857
861661538393960449
861659748688699397
861659656858611718
861630050956750849
861545978167427077
861534587306037248
861531808889937920
861509378137968640
861504379437932544
861502306495352832
861502257212178432
861484134333657089
861470484793307136
861469835137622016
861469089058914304
861468980757897216
861443153596960768
861442928484515840
861439349614931969
861439322746236928
861437402581274624
861436706045689856
861433014735298561
861249454841528320
861240979084398593
861232098241282048
861229239626067968
861225427913801729
861225395873624064
861225382892195840
861108967736578048
861105061438648324
861104793577717760
861103012512751616
861100524585848833
861058074186047488
861050716814794752
861050588850769920
860856710944051201
860839327223476224
860838949236998145
860838037374332929
860811968885772289
860776633288056832
860751339307098115
860686299371536384
860686241783848961
860685989362245633
860525551143895040
860477613512548352
860466344810221568
860461329198579713
860457678354604032
860457036185706496
860446449812852736
860357144549351424
860357076014440448
860357067206414336
860264853910331392
860258283822698496
860199743225344000
860116711986663424
860116522362122241
860116059621380097
860112060490944513
860111871290028033
860105407460782081
860105285205204993
860075659254579200
860072881992028160
860070225206792192
860069988652249089
860069155395039232
860069119697326080
860067679415267328
860067395347632128
860067297108643840
860067171766071296
860067089570201600
860066897458540544
860066474496589824
860066414375424001
860066239993008128
860066166399803392
860066100930916352
860065994701668353
860062621021736960
860061598194565120
860061554888323072
860061210074656768
860061199442096128
860061090042048512
860060757601525760
860060645068328960
860018466962755584
859895020656050180
859893777103814656
859893752999149569
859850491186040833
859800003639783424
859760136105197569
859720983053082624
859716182387154944
859715717448564736
859715474724200448
859706967505469440
859691677010845697
859676892479148033
859676740934828032
859676674325045248
859676655039770624
859676560189669376
859676483262046210
859676408175611904
859676064544694272
859675586670858241
859675503451680768
859674611532935168
859644816933695488
859613823673806848
859611745295495168
859611730468589569
859462449384349696
859452558682796033
859436469684916224
859434224679436289
859387328338550784
859374887789445120
859369884848766976
859359967891075073
859351536987713536
859351477512544256
859347405291929600
859347203889913857
859347086105395200
859344931655000064
859333029268865024
859326863461801985
859296289401339904
859294466129121280
859294401582948353
859282698959040512
859275335266971650
859274989584994304
859102915633356800
859102781168275456
859028786754576384
858998828212473856
858998172026155008
858998130381012992
858998076043702273
858998015033360384
858997931386429440
858976070908887040
858916069871935488
858912334772748288
858912123753082881
858911832777424896
858911681799348226
858911521417461761
858911431479132160
858749410494353410
858746565564944384
858717162776674304
858716979217055746
858715900089741316
858714601847898112
858663064232701952
858662561016946688
858662540833947650
858662218115796992
858660801657184256
858660782334107648
858660560333807616
858660232850939904
858658928405733377
858635965362880512
858635818109329410
858626052637241345
858626007577894913
858625940523536384
858625444115091456
858625144251711489
858624001752670208
858623990998421506
858623984803491840
858603952656572416
858587799464923136
858575981468168193
858572115464921088
858563676529467392
858563554194190336
858563134088515585
858563008204873728
858562821520596993
858562559041040386
858562544650379265
858562508659060736
858561590744010753
858561563174871041
858560187719974915
858559431029796866
858559285726511104
858531872137256960
858526702242119680
858525849384910849
858525764563615744
858524492640919552
858522534228115456
858514669018927104
858514533580591105
858358318741561345
858358046627696640
858357822047866886
858354280574709761
858342110117773312
858341985425346560
858340533026004993
858340527082618880
858340501379891200
858337260718112769
858331820017958913
858331745329979393
858328438935105536
858326843698663425
858326716367986688
858326435169271808
858326384845967360
858326251441967105
858326167685931008
858326118285422592
858326066796134400
858326014098845697
858325806359212033
858324736350269444
858323924081356800
858323733982969857
858323354394259458
858323347238768640
858321579918458881
858319339144921088
858316281992409088
858315270187864065
858310290236223488
858301501206388736
858301451067674624
858301435682934785
858301025979125760
858292050940149760
858291973182021634
858287024138223616
858261735119101952
858248403200999424
858240459189219328
858240443724812288
858240388871720960
858239442485743617
858239432624930816
858237795336376320
858232799886798848
858232748762378241
858232077698953216
858229568502673408
858229529722146818
858229275199234049
858224169867243521
858224152204935168
858224118600257536
858224079073140736
858224038593929216
858223568504705024
858223464934715392
858183264972021760
858175336282042368
858174495059783680
858174470032416774
858174412184576000
858174379020218368
858174219057844224
858174036525932544
858173218733129728
858172257746784256
858172223978434562
858172178986143744
858172148069924864
858172128201461761
858170003262242818
858169184794103808
858169162564239361
858167736295464960
858165688468471808
858116545058283520
858116505266864129
858115948875661312
858115359555018752
858053964067069952
858052172759486465
858029226498371589
858026166648745984
858024727570513922
858024616035586052
858020968329093120
858019972265766912
858019810424311808
858019705138941955
858012235179937797
857994236037410816
857994173529677825
857993895212453888
857993555834306560
857993504164782080
857993480081035268
857993468592832512
857993447625510912
857993426913992704
857993368067915777
857993339383144449
857989635963850753
857973749148258304
857954086553047040
857953967560589312
857947027711418368
857945967139704832
857939351958958081
857938930242654209
857937689617846273
857936529494343681
857936038370660352
857936011594223616
857934182760185857
857934172912066560
857933925842391040
857919007940386816
857918771104710657
857918286419427329
857918192261505024
857918178235731968
857918073306841088
857917997348003840
857917966880563200
857917949822341120
857917824962105344
857917643818491904
857917632380633088
857917604744351744
857917384824410112
857914080014868480
857912953227681792
857912608996937728
857911194136576000
857910692862668800
857910285662814208
857909848100491264
857909460093870080
857909368456699904
857909332591218688
857908780868272128
857908557844541441
857908410582478848
857907741888847872
857907732447461376
857907546169933824
857907305085644802
857907070418518018
857906570423922689
857906167435210752
857906126154858496
857906112061984768
857906089681178624
857893520048312321
857893440998264832
857893185967837184
857882496565956609
857882428244987904
857876230183555072
857869951184535552
857869359972319232
857869312052408320
857868607266705408
857868537066659840
857868515528847360
857868467638337536
857854068525604864
857853954004316160
857853935708762112
857853921683025920
857853413371019264
857841395033190400
857841184483311616
857838470839939072
857835884275572736
857825978424463360
857823002582319104
857822161670512644
857813769187016704
857813758059532289
857813753156345856
857813365644681216
857812071127302146
857812028047507458
857789430383362050
857780933876891648
857780892634234880
857773240109879296
857773109931155456
857772712563015680
857763200397320192
857762814827446272
857762703280148482
857762693616480256
857762685353644032
857762668358270976
857760506240749569
857760432500690944
857758857057243136
857758135062335489
857703480802365441
857659693979881473
857648776156033024
857630490903420929
857621898611621889
857602190965432321
857601984001605634
857552951455436800
857552896824664065
857551984714539008
857532016996356097
857531664699994113
857530950745378816
857530502525337600
857520091503759360
857517119088578560
857514043631964160
857509416534507524
857503376027918337
857498826034294784
857490422188396544
857490275924680704
857490073914400768
857489606836670464
857488985198931968
857486181122134016
857484728336883714
857477270121926657
857472969680932864
857472918464339968
857472706215673856
857471099860340737
857469272485974018
857467451491090432
857467211820277760
857467141733441536
857467104605478912
857467068232466433
857463069051674624
857462136318111744
857458798193258496
857458726277664769
857458676906549248
857454670977130496
857438710098530307
857438690091700225
857438636798865409
857408981899378688
857372112536907776
857372097785548800
857372070967201792
857372028034310145
857371968982659072
857229410524594177
857213973573357569
857203771893592065
857201477709950976
857181234736320512
857181211529183232
857178517808852992
857178282047016960
857170471317630977
857170129943134210
857162233763299328
857159045672837121
857154968331190272
857152744825778176
857148762132811778
857144542776221696
857142235942539265
857141914965082114
857141718638100481
857141595472359426
857139853712076800
857128519884845058
857127473733152768
857127195663380481
857124669144608768
857111407917182976
857104903419940866
857104859069337600
857076534812782592
857070413653979136
857053026120544256
857052854976208897
856970056495968264
856907649136427009
856885008031789056
856880986524712961
856859771525357569
856847357333450752
856843153638387713
856826566957035520
856807621013254144
856807496245288961
856807445842116608
856779941580595200
856717934026031104
856598343102812161
856513655319527425
856487821120487424
856485959696736256
856481713563643905
856480735284183040
856479737463554049
856479266942230528
856478357424193536
856477517099614211
856476720739753984
856474867301875713
856473419860148224
856471312436404224
856469808702869504
856468496682700800
856468293472759808
856461671925248000
856461168876986369
856459357978075136
856457543496814594
856457384918564864
856454588945244161
856451541720375296
856449358417481729
856446828979433472
856443384176816128
856433450672209921
856399479922200576
856396143139459072
856381343768432642
856365858020610050
856365825384738816
856365686330978304
856331467756101632
856331343696998400
856223300107816965
856186900524273664
856103591832166401
856094170557165568
856090316407021568
856081986896744448
856077104294899713
856063332264140800
856050939320553472
856047879877799936
856044250814926848
856036216298504192
856035260454371328
855857434564415488
855857328540839936
855790513651363842
855784614962634753
855783520777650177
855782458872045569
855782424835366916
855761118169620481
855760670649970690
855747637030637568
855746029303472129
855737121885175808
855734960313053184
855727792406880257
855727713805623297
855718247445954564
855706329096364033
855693343778648064
855686008255508480
855685610589364224
855681088290791424
855678271522058241
855672824475901952
855666310658662400
855657699203305475
855645129687879681
855458936777867264
855457925896318978
855452274893754368
855452260834455552
855422249620385792
855418246228520961
855417453022760960
855410344503771136
855399285759913988
855387966495232000
855373222346444800
855355240547274752
855346638033797120
855329769851715584
855329035856904193
855324695964434432
855322389579681792
855306476901941248
855297213815070720
855285209385713664
855285041991000065
855274478523211783
855257143192276992
855231087647358976
855130304570433542
855123356869435392
855094351331901440
855092476398489601
855088424348524546
855088423903920129
855085845035991040
855051565849354242
855045228243431424
855045049205260289
855042167361941507
855027711089098753
855026582003400705
855025895538532352
855011892204404736
854976790816849920
854966247062155264
854939436592775168
854931292181458944
854929504082513920
854769766183186432
854693736508469248
854673242384195584
854663298087866372
854635652599644160
854630480351825920
854628998793637888
854611708610064384
854604832950419456
854600562167341056
854596453511176192
854594396074934272
854505393061597185
854505307845808128
854505231547326465
854505197585956864
854505176245391365
854505138136002560
854505097224753152
854504880467312640
854421572572020736
854405243089686532
854397969822609411
854358404520857600
854356775478460420
854356420254326784
854355745227259905
854306705181732865
854306650320244736
854304143913234433
854289979970867203
854287418769453056
854284271506161665
854260636796297216
854250751174070273
854249850422132736
854247948703629313
854247258220613632
854246814823919616
854226509795667968
854226497586049024
854226484076171264
854226461238190080
854192374964158464
853967913342119937
853910831737843712
853906346445549572
853864117467324416
853615098035933186
853615025851944960
853614721441964032
853609602952216576
853607611417088000
853607133807390720
853605195565064196
853604814147559424
853599150532739072
853598803328352256
853594437892493312
853589516099084288
853587992580993027
853586440063655942
853579873914191872
853579751167901702
853577581693616128
853574968319266816
853574704950530048
853573031335141378
853568058568331264
853563671905280000
853561359556120576
853556611704422400
853556530901164032
853551850578169856
853548636407463937
853545231207346182
853541706893074433
853537630285385728
853533540415414272
853530498047594496
853526001950879746
853522915647770625
853518484680179712
853518028109225984
853516109538054144
853511053698887680
853508674358321152
853504737286737920
853499522349232128
853491683194884096
853485855327096832
853480871722180609
853476488011804672
853476206750117888
853457368738402304
853261248330379264
853252769242914816
853208779374067712
853189236736110592
853142949571330048
853119937208082433
852883778607427584
852868845543010305
852799074747142144
852787039460147201
852766313751527425
852762361836392449
852760547053289472
852744716462432256
852744005129428992
852743637142192131
852496521887178752
852439940642353152
852396830449168384
852122175763087360
852107162964942849
852074464342929408
852073518556520448
852056803059933184
851771312569810944
851771143027609600
851446467004903425
851376509050908673
851345594010488832
851286925344358400
851284758462054401
851284741231738881
851154863505461249
851112248332308481
851111666750152704
851111236573962240
851111179057471490
851107913783427072
851104270136991745
851102231189499906
851102050008150016
851101478139908096
851100063015346176
851099710047756288
851099491159724034
851099468443373568
851095724683137025
851095623696883717
851090957386878976
851090644521164800
851088595297468416
851088570760794112
851088350991855617
851083060280004608
851082924749410304
851082886623178752
851075967619522562
851074988568453121
851074827314188288
851073653966069761
851070497592942592
851070044717154304
851069927993868289
851067026701340673
851063964909715456
851060673845112836
851060655637450752
851059908971708416
851059862058393600
851057356897226752
851057254015152128
851055610648969220
851055457649082370
851047506918223872
851047369206636544
851042015924158464
851025275680944128
851010637459333121
851009386361311233
850974502326476800
850971335501111298
850964622899167234
850964572735393793
850964561020596225
850963803663618048
850963787637075968
850956980848087041
850939422812106752
850936097316241410
850931808791392256
850931755842514944
850917882745806848
850916707547963392
850916651956678656
850912632861335552
850905519627882496
850903380100882438
850712301065949185
850665117805146112
850650919905755138
850617250058993665
850595515188346880
850337185517666304
850328291970080768
850306114453471232
850294448936415233
850286868142968834
850261466854809600
850230716809887747
850225420670717954
850223203444076544
850193903990980608
849982955225272321
849982694104739840
849977056095907840
849923233059143680
849894225248477184
849882806083887104
849873414491865088
849861720935981056
849663800907321346
849617725198565378
849612869276663808
849607406824943618
849586415809830912
849586151245717504
849522645842493442
849467949161304065
849283889600266240
849261193583874048
849257227642781697
849257151784562688
849116356855377920
848904417319546881
848881382034210816
848840385082396672
848532528638164992
848400397601525761
848395653923340288
848185561949057024
848171045655805952
848157732834340864
848157169648381952
848116763753689088
848052282411409409
848039607384125444
848021260017836032
848021205353410560
847838070435131392
847837899026518016
847794134891061250
847793238140440576
847793145790246913
847791727222116353
847789845124657152
847789700131819520
847789390738927617
847788966128517120
847788825615237120
847788778429321220
847786689590198274
847786408270077952
847781417002074116
847775772056195072
847775759255171072
847775715525373952
847756324536369152
847756276796805120
847707592872742912
847688746820542464
847660094665900032
847438210045059072
847408235485077504
847380835183378436
847353015463845888
847137216912490497
847112309612929026
847112201634754560
847039247819440128
847013943403073537
846976954012192773
846959399084195844
846753920290578433
846707246969081856
846671659960586240
846671003581386752
846659521925787648
846598813624156160
846598764500475904
846598429866278913
846598292540612608
846598284592349184
846598274404405248
846598268595273728
846598261301374977
846598245233020928
846598236156551169
846598225419128832
846598219731628032
846598211766697984
846598211716374528
846597769175347201
846597763601084416
846597750649085953
846571796644147201
846342578656153601
846239468772298752
846060148741279744
846055143980355584
846047168926367745
846046155100237824
846039861039677440
846036923114151936
846034212519985153
846032554230661120
846031823800958979
846030383443435520
846029185080528897
846028634599055360
846027968451411969
846027867024588800
846025864051486722
846023782355546112
846020824528146432
846019410380779520
846017463892426752
846015078654787584
846015005434822657
846014930994130944
846014155903549443
846012225458397185
846012219112521728
846011740752007169
846011024566202368
846010838993555456
846010227870711809
846010223521259521
846010223261204480
846009236089794560
846008031846383616
846007127076474881
846006994632790016
846006687706234881
846006656207073281
846006003103662082
846005831078363136
846005690267189249
846004934638166017
846003927757803524
846003896417996800
846002477728067584
846002254863876097
846001736309506049
846001640339656704
846001599763759104
846000244240220160
845999127695507456
845998364680433665
845998288847306752
845997987725758465
845997937150771200
845997420865564672
845994823978930177
845994653849673729
845993315283730437
845991317905780737
845988782746861568
845986550181638144
845985397398233088
845985148193583104
845981267418075136
845980056488988673
845979395848376320
845976650374414345
845976328746782723
845974239681359872
845972658550439937
845967260242137088
845965330182660100
845963980405293056
845960714724478976
845958359891132416
845952239525081089
845951537713205248
845947655725363201
845944469702762496
845943785980772352
845941155825037313
845936282568200192
845933870604201984
845931658012311552
845930980099575809
845922514568204288
845917148157530112
845905731585032192
845903190776270852
845902822373773313
845896644231151616
845876319707680768
845867500122394624
845863017493528577
845854682597806081
845851370645323776
845833355094609920
845690008757522433
845675237501014016
845650729406791680
845638485033803776
845631252816449536
845600117449261056
845289417132650498
845274903481929729
845269199073173506
845268499337498625
845263477186973696
845244808310538241
845237194952507392
845237083514003456
845235919057760257
845233382636343296
845208589144915968
845207864604020736
845197135834365952
845173943778496512
845133422586617856
845124774523129856
844857136697917440
844459775882657793
844432651100569600
844192929455509504
844182382173478912
844154129618558976
844146086424055808
844137086915690498
844082483104825344
844073536377503744
844073503418671104
843830831428845570
843809086592507904
843806322172792832
843724943888203776
843689703278895108
843675231679987713
843372987273416704
843351139705917441
843318235000901632
843102635565682688
843098132065992705
843097629881962496
843090206261723141
843024344934748160
843006479913435136
843006464079908864
842992994261327873
842992036034891780
842991587856732160
842976703022546946
842975723522478080
842960419375452160
842940650823860224
842924075953672192
842774123604512771
842761636335239168
842747647429677058
842744460933025792
842736378551197696
842735331883565057
842730539207610369
842730331170111488
842729526736162817
842729512660025344
842729482876272642
842729462433271808
842729429143113728
842729389796311040
842729350634127360
842729318069551104
842715501272989696
842710863492661248
842707131904262144
842706240799170560
842705619501113344
842704751452196864
842704267354030080
842647178409627648
842626521701519360
842622934808236032
842615004276965376
842614982189694977
842614764857675776
842614755558916097
842614739377274880
842614628840628226
842614153206554624
842609231014584320
842565782940930048
842564158432432128
842446660206764033
842446446456668161
842446262351888386
842444090830688256
842443875180548096
842376789267628033
842361166135496706
842360939689177091
842359651647795200
842346462981820418
842339517185048577
842334824648081409
842327068822122497
842327050094575616
842305486624038913
842293806900867072
842293736159760384
842291907980058625
842289609295970304
842260171762065408
842255278083059712
842255149464731648
842246425173991424
842245662720819200
842243839574310913
842239498440347648
842239223134588928
842238602008526848
842238474791055360
842237326273187840
842237104197373952
842236299876655105
842228484319649793
842227160526032896
842225503964680193
842225158601506816
842223823520964609
842221518767570944
842218087818625024
842185862536392708
842100833667960832
842091037640294400
842090384427757569
842090152746979328
842089056636948480
842088553270116352
842088213476999171
842086918208794624
842086650939375618
842086305358049280
842085975446716416
842085886464557057
842082471311208449
842080766980939778
842073388701048833
842060037619044352
842056686915457025
842049269058174976
842042388499566592
842016832760373250
841990948821315584
841980886761500672
841975815428558851
841974766999359488
841967154551484416
841963655763771392
841959373186445313
841954456270962688
841951221149761538
841951206448738304
841941689195466752
841941585155772417
841932820863959040
841931656051232771
841931572328697856
841908227159785473
841892955057225728
841874553236271108
841845700757356544
841644278023622656
841637082036621312
841636510604632064
841636294572822528
841635499345338368
841635261087907841
841634808711245825
841614171288555520
841607476223000576
841602888698863616
841311983114756097
841171976819486720
841169657612640256
841155510829252609
841154479114354688
841152308700430336
841152221983178752
841141069895065600
841029701938348033
840928279469150209
840860836776280064
840860325431955456
840860264140533760
840842961285976064
840838794043654144
840535242138112001
840534903913623554
840503234850639872
840500021653098496
840499965348728832
840488379422789632
840405090322272257
840200473588162560
840106579970027521
840104400521576448
840093842372083714
840093729192988675
840073438794403840
840068036837040128
839771477239083008
839771136271527937
839735971398762498
839725039796830209
839668575350714369
839382159924297728
839375043561934849
839335741247406080
839335689447669760
839031487555059713
839031402146451456
838762302769770497
838721544528490497
838682239915409410
838636003069939712
838407813353308160
838384503085219840
838380541938290688
838366796717649920
838353577680723968
838353480280653824
838351139070488576
838345421130956800
838328526663270400
838322149764956160
838300551775412224
838295413157474304
838283197670699008
838279032718372864
838278850966601728
838256966212419586
838255140234743808
838251697734565891
838050616844808192
838021515283169281
838017883426914304
837986817840451584
837984347944849408
837967136194760704
837961631984463872
837960575737073664
837958294819979264
837954321262252032
837944197856514048
837935161081753600
837900570925084672
837710255622610944
837707402585714690
837578009200701441
837550509514862592
837542706872107008
837541935061467136
837539649199337472
837301964564234242
837290124203421697
837279571481362432
837279501402923008
837277021021564928
837242732955463682
837207940931145737
837203395907842052
837203308108460032
837186808412778496
837177134342877188
836792246359961600
836647088624660481
836645674267602944
836459842504110080
836434025204035584
836425884265504769
836425839336173572
836406219136888832
836232185166221312
836138896438231041
836121767286554624
835872264277135360
835731255895347200
835703866956132355
835695874760196096
835454275186798592
835377441858281472
835335767224377344
835196589085904896
835139355849199617
835056661484142593
835055980354367489
835045555499851776
835027615987687424
835023462645268482
835010693430661120
835005189736263681
835004822415888384
834966636775923717
834939526120341504
834750392365785088
834750161557479425
834738268717588481
834738050555076608
834726238203871234
834725962562539522
834723505874804737
834723425084129284
834610165576040448
834599903846395905
834417969182699520
834339993963343873
834276058551767043
834242361496580097
833886486462357505
833772943335419909
833638471059308544
833575932979974144
833528591845568514
832989799585894400
832877204451237888
832861374376206336
832825093294272512
832460822328729602
832460803584299009
832220859280539648
832166631409405952
832100010582036481
831946550355963905
831837175117443072
831448581789798402
831420697561870336
831390961687109632
831349008425742336
831109001123336192
830787668623495168
830679515802263552
830348260879372288
829560482554118144
829560461322514432
829345965194739712
829344538334470144
828472964018495488
827439290313498624
827395210216820737
827393714746060800
827074558498836480
826377282642026497
826377282633691136
825965212947849216
825696926817325056
825690470432911362
825652786868035587
825227348832292868
825221254244397057
825086987174629376
825060939565236224
825052640635650049
825052360959471617
825046666692722688
825029728029536258
825029718818881536
824908649088897025
824905726967427072
824865166512648192
824582745435238406
824582722349699072
824527276557664257
824509959325020160
824509941763432448
824509929360945152
824509917713334272
824509904941678592
824504753321345024
824469502196846592
824145964269191168
823509898839212032
823429426536972289
823137117555466246
823065205076795392
822832833647570950
822705433886490628
822533029386141697
822477851626733572
822475759713394688
822464928313446400
822464437571506176
822444369789747200
822392358419316737
822382994384035846
822379610897719296
822379602068680708
822373281445482496
822372426365345798
822372084437258240
822371637253132288
822371410827874308
822369957786755073
822366379005218817
822366259249496065
822365804863766529
822365741458411521
822363918567870464
822362612104974336
822361268954632193
822361250516635648
822360290910158849
822360207380672512
822357904015630336
822356713588359168
822356350411960320
822347391953149952
822343224438255616
822330188545433600
822039989533999104
822007070077620224
821937483579555840
821767976772894720
821757546709008385
821744631163584512
821741131138551808
821735176501940224
821601435410464768
821601426585583618
821277942634446848
820912124591415297
820548419924140032
820494978774368260
820193417154232320
820152599982854144
820102281920151552
819979290179727360
819910582220550144
819851667390791680
819851119488892928
819845544558333952
819845304103161856
819845271827922944
819841251973468160
819841229965946880
819841204376469504
819826201011306496
819815747723534337
819810660284440576
819802123936276488
819802110933929985
819802054394662912
819802041069412353
819802026712252419
819801781454573568
819793193990402054
819793132447379461
819775464872910852
819590890859753473
819590863860985858
819585782503669760
819467895642198016
819465089375936512
819442286706782208
819435777197219840
819424875039363072
819408395044343811
819187755393646592
819156121034391552
819138379875045377
819120438735491072
819117992067923968
819097976836620289
819094675663491073
819083650373402625
819078880153796608
819077834484445191
819077534847483904
819075799244505089
819074275860774912
819071325759303684
819069847690678273
819069772885278720
819065910182944768
819057876551565312
818780556943097856
818719098494394368
818699769417789440
818689653326905344
818671271563198465
818430741872803840
818429728759705601
818429686946656256
818428066192117760
818427821513179136
818427148293836800
818426518246395905
818426330538766336
818425875804946433
818425425282134016
818425064882315266
818424495237120000
818424276256694272
818423609634983936
818423308882477056
818422523595550720
818422176848248833
818420846524071936
818420830866669569
818420821702152194
818418380055121921
818366085883904000
818350260288454657
818350177379565568
818341870061453312
818333846856933377
818333733795282944
818182302471589888
818093856495464448
818093828150280193
818093713373143042
817943221871529984
817780526471872512
817728034526691329
817711741278752768
817711587821813761
817701447169175554
817697908703326208
817664635679764481
817628222183669760
817615888404926464
817615882084057088
817615866510589953
817615854049357824
817615753448984576
817427983032025088
817405708945817603
817401225050210304
817399802623393792
817379281047162880
817355256057253888
817351106862993408
817346972625633281
817345456967651329
817340332971098113
817325193265901570
817322866614140928
817322450019090432
817320789666054144
817320026646728704
817319608088743936
817304446774505473
817266065549983744
817232671663329280
817232446035001346
817187735039606784
817176339396624384
817166544446832640
816895902719819777
816536550427283457
816471979146428416
815890498665578496
815766192443052034
815475843447267328
815401194805805056
814856221735821313
814810964117876736
814789365012447232
814775885551144960
814674960589258754
814298024700706816
814049249277067265
813677675600449536
813631932319678464
813252630617079808
812967742315761664
812940321906520064
812883033011286017
812572791455133696
812024148079693825
811911330751856641
811832269472043009
811552308794269696
811551589546635269
811533790732369920
811533701280501760
811525751279226880
811524500718108672
811501770241249280
811480536552083456
811456948335886336
811451294112067584
811425167876366336
811385827838205952
811159903842672641
811122052757209089
811117043961368576
811113553696464896
810832933821026310
810785153584799744
810027640006569984
809421006041399296
809399930611761153
809365059625304064
809345730745802752
809252641918185473
809050764702142465
808990939184123904
808937331344478209
808937318765707264
808937295084666880
808937278303272960
808932268903383046
808918235521421313
808632307493941248
808616299114807296
808540979791659008
808513264413863936
808188553419071488
808047860323270656
808034016796385280
808033780220821504
807971485579091968
807956754474606592
807956745310109697
807942661294288896
807940504478326788
807938215956987905
807936176707420160
807934201903222784
807933373603680256
807932859574956032
807931444852994049
807930670248955904
807930266664648704
807929912208150529
807928003120406528
807925603391311872
807920638316990464
807920619782373376
807920420074754048
807919913126006785
807915012828397569
807913261773373440
807913250432032768
807907017721425921
807906944706957312
807906610873974785
807904830484140032
807904611596021760
807903656867569664
807899815229042688
807899769838313472
807898742682632193
807896992638586882
807895612943319040
807894665882013696
807894313858236416
807887282002739200
807885981659447296
807875057401794560
807874229160976385
807873618751340544
807873090541666305
807872739503505408
807871676964687872
807869787049115648
807869721676656640
807868862737707008
807868229066469376
807868215502114817
807867486217457664
807867475790479361
807867392671948800
807866913392992257
807865112832798720
807864358072033280
807862919815774208
807860131220242432
807857534702788608
807856163014352897
807855627661754368
807854883952918528
807854290760933377
807853247994048512
807853214347313152
807852443375538176
807851261290835968
807847727480512513
807846446837809153
807846405142413312
807844187626311681
807843013946769408
807840828253011969
807837701965680640
807835431035228160
807833615933444096
807832902134218752
807831230557208576
807828843335557121
807823047717580804
807819172361031684
807816802726080513
807816668483194880
807814723169198080
807813774606405632
807809255202029568
807772111368384513
807595227787599872
807594035783184384
807589194348408833
807586652050706432
807585820144078848
807583892718764032
807583848133337088
807581725878468609
807581211853877248
807578105233584129
807574844594221056
807572589677641728
807572493472960514
807569394540814337
807568738690027520
807564764209496064
807562869596299264
807561308673437696
807560144775057408
807556944235929601
807554741802651648
807548360747945984
807547503574851584
807546346047574016
807545507434270721
807543996943736832
807543538095296512
807541546002223104
807539184332222464
807536033495597056
807533616066478081
807533339250831361
807531754865070080
807527507364716544
807525028577148930
807522008166580224
807510951490560000
807509867346870272
807507829531607040
807504613804941312
807498451046936576
807495325422219264
807492495042953216
807492066112507904
807482218461310976
807476580771459073
807476450634788864
807475420241096704
807464839266213888
807461386125078528
807461071447429120
807459682939871233
807454764921294849
807454474117578752
807445293994307586
807441731629318145
807274669409701888
807242445477978116
807228574218362880
807209153798295553
807200466660573184
807199759203123200
807193313371570176
807186144244793344
807156553270710272
807151727673622530
807150441079316481
807145280139300864
807137446496350208
807125465437569024
807113389335932928
807107305254727680
807105598495952896
807098060018880513
807095397554364416
807076982462631936
807048479159750656
807048334078840832
806849348394811396
806824048290316288
806819204435496960
806436616847790080
806178285151391744
806117760627392514
806084397510180864
805795875666665472
805721114454298625
805704745360891904
805655209254866945
805054227232018432
805041779598757888
804848968697933824
804572502206783488
804364201426751488
804356952696307713
804260641988956160
804015016286371840
804014969075351552
803914307473932288
803822123810717696
803214365646209024
803208324988551168
803208094968709121
803201439958872064
803201078867021825
803200981919899648
803135005400571904
803119217721516032
803118900904792064
803118557680701440
803116010551144448
803109751244525568
803108219010699264
802767455470747648
802765954455175169
802761369519058944
802503649775652864
802501570583674880
802482795922608128
802457040891150336
802158409453711363
802158384598261760
802128823261069312
802092902826393601
802090748904513536
802059880597073920
802000119088328704
801739551060291585
801382450966368256
801340770913583105
801032625049587712
801032611837579264
801030675688079361
801029165562687488
801029079256408064
801029043034394626
800738148300902400
800661201780756480
800651528956563457
800575386601988096
800562562601349120
799672186088882176
799589604600840196
798991390730424321
798991097212997633
798990763539329024
798990354221387777
798990203264172037
798990109265661952
798989815534342144
798989648936648704
798989323089522689
798989168852500480
798988889306169349
798988822771945472
798988582547394560
798880916122849280
798880846921027584
798764387230060544
798567653187067905
798483635753996288
798473331171332096
798194892333674496
798142533540847616
798086090217246720
798069644762353664
798057664047550465
797923659503452160
797806665043062784
797805889512087552
797798824869765120
797786696771321857
797786184579620864
797784255128432641
797784242537172993
797783511612522496
797780890646499328
797780859394793474
797780660593180672
797780563755089924
797778437725417472
797759505677385729
797757210482868225
797754479936503808
797750651866333184
797750391513358336
797744363564433408
797744211114094592
797742453532938240
797741393611341824
797730058962161664
797724960940838914
797720368635138052
797712164509323264
797709699336454144
797708413803208704
797705444798169088
797698266142019585
797691759782285313
797688766831861760
797679843898892289
797675314730020864
797674979915501569
797669006505218049
797668389053267968
797654824128954368
797653455917568000
797650444927406080
797650280917581824
797650083466465280
797650049387745280
797487924220690432
797487831551766528
797487074853142528
797454856751554560
797436005745836032
797411206151618560
797405238672011264
797400510399594496
797400032831909889
797386392301146112
797375609487978496
797374356959719424
797367471766241280
797366399983357952
797354310698831872
797351592798384128
797346374916378624
797346015229706240
797339841826529281
797331128105443329
797330149322686466
797328238636920833
797327812294217728
797325017537269760
797319038774968320
797292097225322496
797272294116691968
797121927164952576
797097252632330240
797096761336692737
797096396251922432
797091878168444928
797072014477389828
797071745911902212
797067899492073472
797066705809899520
797062189605601280
796718907772063744
796697829368623109
796668873906995201
796600550645174272
796228511048421376
796001008325271552
795991198842261504
795989834544222208
795989778554441729
795989521443602432
795884295873183745
795873514477613057
795642874272641024
795575443105595392
795537683455971328
795469544340885504
795321997001572353
795227470354071553
795188239908814849
795187925134647301
795186390812094468
795185479062687744
795179090395295744
795161186979500032
795150237996380161
795150233969762305
795150223681159168
795150084828696576
795145943796555776
795145912871976960
795142367519109120
794725353969225729
794544035062947840
794543456643186688
794427028372013056
794422666908213248
794397809260670976
794236800134848516
794164308884103168
794146747647856640
794143116571725824
794112302698074113
794085499908554753
794084306486489088
794066207641137156
794058779130269696
794058737770266624
794058699954393088
794058532664541184
794050753975488512
794050731615526912
794050720404295685
793877044727644161
793876484515430400
793802882612989952
793755859339792388
793721616731561984
793714422682226688
793714029176852480
793713437373112321
793488827000037376
793425816684077056
793357552457101312
793141706115776512
793064424244260864
793064409849397248
793061123046019074
793000445526454272
792987770725670913
792987355049172992
792984917386797056
792983626266750976
792983516690599936
792692679884668928
792662177668747265
792659546774745088
792629205838147584
792573299997876224
792439001273688064
792411426249854976
792409577727729664
792408924242579456
792398244168904706
792397828500836355
792389259273482241
792273730562985984
792260524310458368
792256217405988864
792131314807742468
792123757150076928
792123099219005440
792123058433630208
792118998926106624
792006845565022208
791990480300941312
791899286162120704
791898331853107200
791887385067872256
791882845060943872
791832644321288192
791683880738664448
791683719371239424
791683411840606208
791643713936105472
791638891392491521
791638233364860933
791638153178206208
791637636137885696
791637572078272513
791635989949140992
791611289600663552
791509935062298624
791509230779904000
791488493960650752
791340367635288064
791335371258724353
791334893598810112
791334302663315456
791333926681751553
791333804887592960
791333756225277953
791333642656026624
791280674850217984
791268401041641478
791263095062605824
791263043539742720
791262994864889856
791262922299191296
791261632143892481
791261581753524224
791261526011195392
791261466540118016
791261390208053249
791261208686891009
791261118341586945
791261056148525057
791260993095503872
791260942814154752
791260786337329152
791258384431403010
791258322569531393
791258239228928000
791258066326999041
791257983652986880
791257914073677824
791257843928137728
791257734725242880
791257679263969280
791257616617918464
791257173871300608
791257108696080386
791256668428349440
791256286780203008
791256226059268096
791256169847267329
791256114356551680
791256061583904768
791256003014569984
791255930763513856
791255858470461443
791255782968786944
791255532053016576
791255433407139841
791255300904935424
791255231568842754
791250694208573440
791239275811475456
791239206336999424
791239136980062208
791236159024214016
791235868442763264
791235441152233473
791235372415987712
791235299183427584
791235182552576000
791232881657950208
791231827427987456
791231720037023744
791231657986580480
791231586343583744
791231049179148288
791230946166964225
791230866911469568
791230788658339840
791230548626726913
791229207447609345
791229116431204352
791229027931463682
791228934587199491
791228823308075008
791228752634052609
791228408571191301
791228279675981824
791227906626162688
791227811142918144
791227663008399361
791227577318854656
791223640050110464
791223552594747392
791223478456242176
791223402556035073
791222970387542016
791222863797686272
791222758629793793
791222624772775937
791222239010054144
791221838621741056
791220909495324672
791212416704983040
791182349954260992
791182133658169345
791170415045509120
791168957373882368
790980991003209728
790942251048460288
790931464107859968
790931369497022464
790897694826868737
790869024536088576
790868908051869696
790813238577340416
790804151806459905
790802816625287168
790802686836822016
790801287818256384
790796919735848960
790796589220573185
790777354259791872
790777252510248960
790777235699408899
790602664350326784
790599894033575936
790599882461421568
790590093639634946
790577287993364480
790496798141931521
790460737252569088
790454473067933696
790453444976836608
790436668603928577
790436380719456256
790408422877335554
790406697428791296
790406221861756928
790402886907731968
790398369084510208
790398148434800642
790398108148477954
790274303115665408
790191468715520000
790190890992013312
790186068322635776
790185078336819201
790171758473023488
790159522455228416
790114094820892672
790109120766550017
790104299531624448
790103448788299776
790102186449592320
790098911297835008
790097460739837952
790096598411845632
790095655939235840
790094360708866050
790094088976621568
790094047813767168
790093704090574848
790092987460096000
790091147913723904
790090827347394560
790090813598470144
790090798578692096
790086655315156992
790086644418375680
790086644418351104
790086644414222336
790086634968641536
790079205996363781
790078535188811780
790078369702481920
790076054455058433
790075757053652992
790075590720253952
790075481324421120
790074759149129728
790074394097901568
790074036529336320
790067675527610368
790067613669986305
790058319222337537
790052950521643008
790049737286230016
790048555008401409
790047577484001280
790038952266887175
790038744715976704
790038600377303040
790038493812645888
789903149364543488
789901452760276992
789900293253181441
789880364152086528
789880324889124864
789846633836142592
789838414090760192
789838383711449089
789831822473588737
789831105381818368
789830271927398400
789830194165153792
789829097623027713
789827778938015745
789827075171557377
789826859018125312
789826272302141440
789824206368309248
789824081675882496
789823937949696000
789823646005100544
789823447052476416
789822218884804608
789822173028442112
789821994069929985
789821562769793024
789821503542099968
789821186649780224
789820720276705280
789820502126825472
789820106562007040
789819776554131456
789819156262690816
789818410272161792
789817722821570561
789817722813181952
789814408507686912
789813715222790145
789813330110246912
789812943181402112
789811512999313408
789809703585013761
789809523527745536
789809490765938688
789809297614143488
789808727784300544
789807938420543488
789807786796408836
789807313725038592
789802664255160322
789802261417435136
789801629193232384
789801081807265792
789801015835066368
789800423657967616
789799072454569984
789798290141409280
789797647380918272
789796039431774211
789794560570368001
789794438100901893
789792962016182272
789792590715576321
789790279196811264
789789968050769920
789789536155033600
789779729083670529
789779453366984704
789779101062225921
789776857793236993
789775636785139712
789773888486043649
789773669304246272
789772022712860672
789771763852910592
789771395995668480
789771152910680064
789769352954441728
789769188848046080
789769076222599169
789765631155572736
789764733691949056
789763807304413184
789763136337371136
789761759557148673
789761114489884673
789759891422515200
789759483929038848
789758765427986436
789757341864427520
789754246690435072
789745587197513729
789740154714001408
789733562060767232
789725013549129729
789723350235045888
789718659065192448
789708111330312192
789708000156119044
789665086109614084
789556729373536256
789536234116820992
789522409460084736
789493245294223361
789484238944940033
789450274133770240
789418737707331586
789391936729718785
789391834803941376
789375161996677120
789358064700911616
789137778034352128
789051584617381888
789048302625034245
789040523075997696
789038699103215616
789034598562791424
789032925417340928
789007359108448256
789006627210792960
789006473707696128
788991225256783872
788964017721094144
788964000163692544
788963939400896512
788945421963898880
788861983365865472
788829049258774528
788827268994834432
788824339864883201
788809748598566912
788809712397488129
788804294514315264
788798597168926720
788792923462569984
788770713272332289
788767639120203777
788767541485187075
788753785963188226
788744934182354945
788729706820489222
788719479999954944
788713052170391557
788712462895816704
788675520204378112
788653425047109632
788630636139520000
788621843888480256
788587920345227264
788448783507951617
788447970467336192
788443258951049216
788442297620770816
788442103651065856
788421528031408128
788277105687601152
788274820639100928
788273383972540416
788264463036092416
788248540212400128
788229010501230593
788117122106785792
788101048007131136
788100867660492802
788067898426167296
788067812069683200
788054491966779392
788022831585955840
788008343956623360
787976768565092352
787976445981175808
787963633871400961
787962447483195392
787957191894376448
787938474489880576
787927557136003072
787913662321135616
787905038815367168
787725372586496001
787711085226790912
787706648445845505
787685994900312064
786943506405261312
786943305305194496
786928228195676161
786909566936059906
786909552478294016
786909509532868608
786790053271920640
786789946933686272
786766042127212544
786765920483938305
786765648655286273
786765613209231360
786653198362652673
786620473014562816
786608026891407360
786608009958993920
786472706325700608
786442295969099776
786410941894107137
785941071389786112
785693920973979648
785681711862390784
785568596827082753
785547818064764928
785544643865776128
785541605998473216
785541341920976896
785462750126350337
785389896718430208
785370483164188672
785338351150780416
785329692601573376
785084574703427584
785084560480538624
784986591341244416
784984155255869440
784832749551005697
784831904298045440
784795777910575104
784767480501764096
784760345197850624
784759543309803520
784618193054752768
784617829211447296
784615940038295553
784606577210847232
784601097914683392
784598687213322240
784594149253189632
784593125507534848
784382722374406144
784382636063993856
784382543852212224
784382462495297536
784199238452387840
784097212288557056
784084065230086144
784082951516545024
784077286148599808
784024163446960128
784011721966878720
784011457860018177
783918586175696896
783870253071757312
783699310428971008
783664421310783488
783663348621729792
783624381683503104
783400843194224640
783340664591450112
783331935204569088
783331855143763969
783323676670304257
783299674694266881
783207284641964032
783012798057943041
783010654571552768
783010583343796224
782983135927545856
782982972500615168
782967011101974532
782966976482193408
782842348757659648
782756113691316224
782755994761830404
782752469310902273
782752165240664064
782620879280889856
782593739479015424
782561196885041152
782561188592877568
782561180254691328
782561171073269760
782561150655430657
782561144984768512
782389221080301568
782389211366293504
782239567743160320
782238215554142208
782197595695439872
782197240513388544
782184922408710146
782074828064829440
782074808049598464
781927655935348736
781921166294343680
781897601591287808
781897562248781825
781890568121094144
781890154407399425
781883412680413184
781875259859316737
781872473771945984
781871927438680064
781871716452610048
781870014378893312
781869424919711745
781869127770120192
781867795319365633
781851731265200128
781848239041417216
781737842032664577
781122236715368450
781055763875848192
781055558900129792
781015581642358786
780986648863662082
780975049956294657
780974509167960064
780973770349637633
780864050255147008
780783181322555392
780679017863090176
780372670709805056
780372572147822592
780254615493148672
780254501638811648
780103340088635392
780103219011653632
780056718608826368
779960901910736896
779958897884794880
779936504114061312
779882742087503872
779676657791672320
779676586958262272
779662632127197184
779660308218572801
779659172837220352
779659107477426176
779646611718897664
779646536443650049
779637649535533056
779595348268294144
779594633563123713
779590726015332352
779590712471924737
779590703340847105
779564028469256192
779561959129624576
779530246819373056
779356402733244418
779274200267755520
779263551168970752
779263545305432065
779263450115674112
779234218836582400
779229145809117185
779025875677306881
778980261350543360
778925496650170368
778845805134307332
778705456449499136
778689555545239552
778609025722253318
778604958518284288
778579422240583681
778553044656979968
778450709331095552
778450560382971904
778449586331328512
778448763161423873
778447377153728512
778442709732253696
778254700336390144
778254168469278720
778116365995638784
777950310413193216
777889344933601280
777888240682487809
777848436062298112
777838491250024448
777838248605388801
777833829277003776
777833595566223361
777625247226789888
777475268034203648
777061156615774208
777027940626276352
777006516645748737
777005977711185920
777005635938365440
777005178985652225
776908896795361280
776902340196433920
776823819088441345
776801884392738816
776799010698825728
776779677587283968
776763948922044416
776759043528364032
776754235664846856
776747650028711936
