938226493959806976
936641045843943424
936414566157656064
935191843309891584
934466715303342082
934276511959412736
934104339873808384
933741970043813888
933497415939735557
933497354006675456
932654787539091458
931930014504730624
931651216119013376
931567631575826432
931205882754379777
931205238215786498
930954935474073600
930954690434441218
930954085292957697
930954028745236481
930633020981231616
930631890540703745
930631582997626880
930631473442406400
930631326863994880
930631212116295680
930631104612089857
930630986542432256
930627284196716545
930626962715844608
930626860458819584
930626675376664576
930626502848212992
930621592777789440
930621433763446786
930621105873620992
930517284044472321
930517133657702400
930516691494232064
930480448966291456
930208279011106817
930208167778066432
930207219995385856
930207156883808256
930206586198401024
930206194609696768
930205980817727488
930204320984809472
929755692868632576
929529808416940032
929455011397902336
929398765672308736
929398108894535680
929397997376380928
929397197002571778
929395645999341568
929395617763229696
929395518144258053
929395160277905408
929392531615268865
929392503085600768
929392473805242369
929392441873936384
929392420101406720
929392311083024384
929391178818056194
929389980564066304
929389936284917761
929389886817177600
929389830584147968
929389781741654016
929389695582142464
929389652888272896
929389611947720705
929389563084136448
929389496952426496
929389378165551104
929389329373265920
929389187261800449
929388826765561856
929388758058786817
929388685811785729
929388638441390080
929388577397522437
929388522313617409
929388471533281280
929388423202271232
929388376477724673
929388308253220864
929155567976792064
929134933175443457
929030925253406720
928804420418093056
928747470934310912
928683637154840579
928321230742077441
928314330101071872
928314232084447232
928082145909751808
928081893534285829
928008537350987777
927994862590234624
927806886627360768
927806467620536320
927806269242597377
927806169896296453
927678446150434816
927604004573536256
927596464775208962
927581376433479680
927553184456892417
927354877671378946
927339651903270912
927339582219173888
927339219931951104
927279383881977856
927279163643330560
927278760449138688
927278299813785600
927278140665217024
927276273457545216
927234080755793920
927218962215067649
927084350247546881
927073891700260864
927066714608582656
927066248965271552
927066024242843648
927050914472398848
927050380575260673
927050281476431873
927050156477857793
927049138474180608
927048900254380032
927048378436919296
927048372036321280
927046932865810432
927045586074812417
927045284303052800
927044974838816768
927044474924015616
927044312289837057
927043610419257344
927043179739627520
926977383118151680
926894647024091136
926894622944649216
926894596570857472
926894568091426821
926894529050898432
926894504367439872
926894477330980864
926894446200811520
926894422343610368
926894388810092544
926892873768779776
926892848779116544
926892555605745664
926892503348871168
926892472025747456
926891854074757120
926891819283005441
926891789943844865
926891751448633344
926891717319540736
926856568657735680
926856318115123200
926856121360326656
926841481956024321
926746668409614337
926614993209925632
926598634568802305
926540440622448641
926539110981910528
926494217567797248
926479103493992448
926267700367704065
926252597610029056
926214288632561664
926167932001968128
926131802187505665
926122353817411586
926122323190562816
926116718702759938
925910684512141313
925890111887130626
925887073445298176
925886786085064704
925886715939602432
925885489080557568
925884822811058176
925884162136883200
925867565544456192
925853865580228608
925841466823294976
925840092274368512
925840042764804096
925839926754545664
925827894210736129
925772248044118016
925764276639248384
925762448589598721
925762424426209280
925762331509788672
925762253315379201
925762212181917696
925762124768460800
925762099099267072
925761945927426050
925761889379815424
925761879326179329
925761813257494528
925761714263547904
925761663613071360
925761619723874304
925761541407784960
925761475943088128
925761411522871296
925761321391472640
925761264353030150
925761184740945920
925761138913972224
925754661335736323
925739212371931137
925601962078322688
925588027543392258
925587996627238912
925587117018714112
925586717762973696
925584058926620673
925583340408782849
925583286012755969
925583186955976704
925583103967477760
925582954981502976
925575884676915200
925575870399447047
925575855392276489
925575836769533952
925575819153383424
925571805053517824
925542935239593984
925527824311533568
925505180686102528
925465657587548160
925440975903666181
925423709745065984
925412117494226945
925409308136808448
925378034021974016
925203251552645120
925202245406171136
925201938840350720
925201543212687360
925201315893932032
925198045653843969
925191803501920256
925191526354845696
925185812295163905
925185339269922816
925184885706276864
925178113725575168
925173651724316672
925165478632308741
925132015938158592
925105304848572416
925091962306174976
925091836468740096
925091394355470336
925052131857416193
925032790474702848
925031848433954817
925021455233847298
925019288687087619
924803057736499200
924747668462624768
924707426275803136
924667157912346624
924653592698437633
924460255534235648
924460202144837634
924460124898451456
924460074914914304
924460017046118400
924459944560140288
924459845503160321
924459778432102400
924459676594454529
924459599331127296
924459535288360960
924459449892220928
924459376999460865
924459281574854658
924459184019587072
924456781920665600
924440667433996288
924395379960954880
924325886660186112
924306383624736768
924085639812866048
924082560560283648
924078272144588800
924032989327106048
924010963472285697
924009868381470720
923990880263929856
923981630171049985
923972597028593664
923965784178622464
923965537868070912
923942393455427589
923927294942388224
923767439992569856
923767246312189952
923767136497033217
923767053332357120
923766929726119936
923764024679862272
923762151344496640
923762126010793984
923760575468912640
923760524499681280
923760468388225024
923760415871418368
923760388042133504
923759937116782593
923759886315294720
923742821084831744
923732986192789505
923699549327179776
923699441189601281
923672203081555968
923642283953496064
923637670294691840
923620298645127168
923579986325508096
923564896507215872
923421609645371392
923411558939725830
923411344568848384
923411114511294464
923410543783837696
923408923972993025
923407494948507648
923407309379981312
923406625188253698
923406605214916608
923406580359589888
923405945862008834
923404384884658176
923402979062972417
923401947192987648
923401070247858176
923400536476602369
923399593911574528
923397926755426304
923397740905881600
923396772109672448
923396317996552193
923395953020858368
923395248075788288
923394858311716869
923394035007606784
923393623827337216
923391520895655936
923391395741782017
923390324461985792
923390168429719552
923388688700145664
923388662318067717
923388398395707393
923387033632034816
923385757246599168
923385660748079104
923385569476005888
923385543043567618
923385484742623232
923385262763401217
923385174154469376
923384775796240386
923384499513196544
923383856396369925
923383676460781568
923382496217239552
923382169745133569
923382081136287744
923380868923777024
923380830482857984
923380112476733446
923380088573440000
923379995891904512
923379255874072576
923379251633688576
923379067541389313
923379022226165762
923377391547879424
923375784013762561
923375634189115392
923375569982586882
923375239249227776
923375213324185600
923375183888551936
923374629808373760
923374260558749697
923374197551849472
923373685305733122
923373408586551297
923373215111680000
923372555993575424
923372115415519233
923372086713896961
923371930895437824
923371872695259136
923371767544107009
923371595124658177
923371574446706690
923371473758314496
923371448688955392
923370386976399361
923370352805335040
923370206461878272
923369807529037824
923369681553182725
923369568202121217
923369337653735424
923369267252342784
923368896798785537
923368842314899456
923368426344800256
923368203765669894
923368081656832000
923367947363549184
923367872243609602
923367717226328065
923367343782232065
923367230162825216
923367154925408256
923366541537751041
923366437619687425
923366268266340352
923365962891644928
923365908235550722
923365463958188034
923365358244900864
923365177378181120
923364980958945282
923364863300259840
923364212516249600
923364086326456320
923364040721731584
923363788132364288
923363780666552320
923363687645237249
923363440252588032
923363410506670081
923363405142126593
923363346455330817
923363318647095296
923363171678720000
923363163017568262
923363160240939008
923363129660145664
923363050593374208
923362908465258496
923362864877965313
923362825275346945
923362824205807616
923362823194972160
923362776952852480
923362731050373121
923362718341615616
923362714386419712
923362709676183553
923362672057503744
923362631800549377
923362604625645568
923362600485900289
923362588725055488
923362462199697408
923362407963152384
923362386857381888
923362382818238464
923362357581139968
923362234851627011
923362209685745665
923362185044250625
923362171899215872
923362154903998465
923362076214558720
923362063208058880
923362014965137409
923361982866247680
923361970383966208
923361957893328899
923361950087696386
923361904252289024
923361762832994305
923361706197340160
923361677638295553
923361651486752769
923361647594438657
923361584268890112
923361529617158144
923361518414192640
923361412663140352
923361354198732800
923361320438726656
923361072421265413
923361018356621315
923360952728326144
923360938388000768
923360880733114371
923360851477909504
923360690773086211
923360632052813824
923360607503552512
923360564503564288
923360551576784897
923360319648468994
923360224152576000
923360216703520768
923360187334963202
923360187209207808
923360166338351106
923360144389558272
923360132309962753
923359901379977216
923359745544720385
923359741857927169
923359700346982400
923359599855620097
923359577906843650
923359515214524416
923359439427694593
923359424567267329
923359405315383296
923359372171980800
923359351175286784
923359322062671872
923359316052271105
923359252529348608
923359213082038273
923359188302073856
923359149437739008
923359094613868544
923359081347387393
923358873737748480
923358868863901697
923358859464466432
923358823145967616
923358806905638912
923358699929915392
923358648864264192
923358586574639104
923358553498406912
923358520178872320
923358514738880512
923358498813042688
923358464860217344
923358456345776129
923358419033231360
923358418865479680
923358393380868096
923358368399593472
923358359386017792
923358268038238208
923358267966976000
923358175172145152
923358121334136832
923358062777458688
923358047858077696
923358003583209472
923357994892619777
923357990241128448
923357869763854340
923357827686682624
923357827506327554
923357793729568768
923357751924940802
923357492062584832
923357487432159232
923357466322198529
923357206103379968
923357146863079424
923357059189534720
923357052902215680
923357050784149505
923357023638564864
923356996396617729
923356984136622080
923356954466152450
923356911835254785
923356836761391104
923356769170132992
923356723846533120
923356714971299840
923356539011960832
923356526940704768
923356442698108928
923356198501535751
923356136480346112
923356056138469377
923355976320929792
923355804677345280
923355695575117825
923355598468546562
923355439026311170
923355183895203840
923355112407552001
923355044304576513
923354985630494721
923354813743665154
923354717400502272
923354652556570624
923354545346039809
923354536697389056
923354478040018949
923354381810008064
923354347894984704
923354310846681088
923354209625497600
923354096870084608
923353994352881665
923353738605092864
923353706070003713
923353563262345216
923353542521434113
923353453644210176
923353400070344704
923353308177338368
923353301843873792
923353294902308864
923353279026868225
923353177260519424
923353152014954496
923353017755340801
923352958695297024
923352955297976321
923352863060975616
923352804139393025
923352376156786690
923352359761252357
923352165179117568
923352129020022786
923352084854034433
923352057100296192
923351972509560833
923351919573262336
923351914313633792
923351764170141697
923351641537073153
923351511169716224
923351469058920448
923351439732346881
923351427493302273
923351427199750145
923350932062199808
923350860603838465
923350803003379713
923350763765686274
923350503957975045
923350487159787521
923350403462418433
923350397292630016
923350382671286272
923350340782653440
923350316560547841
923350172989624321
923350100721709056
923350086352101377
923350052088766466
923350021021593600
923350017099911168
923349962175451141
923349941631770624
923349891287539712
923349839487922177
923349811004354560
923349710894706692
923349689885450240
923349614073384961
923349534977282054
923349417524105216
923349396741386240
923349270287323137
923349190822023169
923349152834228225
923349107065974784
923348991429038085
923348892896415746
923348875901067264
923348766391980038
923348758225661953
923348695168507904
923348691880218624
923348657587523584
923348654211158016
923348519666241536
923348439240495104
923348414259220485
923348326518575105
923348325998489606
923348234625585152
923348163410481155
923348100005187584
923347998729555968
923347994681991168
923347952780881920
923347848674140160
923347822744883202
923347636484280321
923347626698911745
923347592066543616
923347588211970053
923347578741194753
923347488228237312
923347374264733696
923347356795527174
923347337006731264
923347327376674816
923347315351605248
923347274301952002
923347204722524161
923347142055428097
923347133184528384
923347062468632579
923347058492428288
923347005056999424
923347003836452864
923346920491442176
923346711233384448
923346643390550016
923346623694032896
923346453640204288
923346441665499136
923346399323918336
923346382508916742
923346357490016257
923346291106701313
923346257862709248
923346239877451776
923346202976047105
923346181413134336
923346131303763969
923346055164461057
923346037510692864
923346000877584384
923345992388349952
923345946104213504
923345891154694146
923345816307359745
923345751979315200
923345748435128323
923345732077277185
923345681766666240
923345517924573184
923345514095144961
923345450866036736
923345378543620096
923345291193044992
923345194803761152
923345165179342848
923345161630994432
923345128466665473
923345097919483904
923345035315286016
923344833607098368
923344788862242821
923344683455139842
923344683333505024
923344662424903680
923344554270523392
923344414130532352
923344410053632000
923344331813081089
923344237592276992
923344192339890182
923344150002634752
923344094633644032
923344091324342274
923344053009309699
923344046030049280
923344024102232070
923343944062308352
923343939570200576
923343889045557248
923343884087939072
923343838747545600
923343827632558081
923343755025047555
923343719474040832
923343625160978432
923343587139555328
923343543179018240
923343449285373952
923343410806906880
923343381811646464
923343359938367491
923343335103844353
923343293542490112
923343247111487488
923343238265794560
923343226337099781
923343176131399682
923343148880941056
923343145789739009
923343125300510720
923343124881199105
923343116895219712
923343087061159937
923343066777481217
923342971067658241
923342948770762753
923342936921853975
923342897050783744
923342871272574976
923342868164444160
923342840616321024
923342727173103616
923342666728865792
923342634567061504
923342616699260928
923342580401823744
923342558658486272
923342550425063424
923342537003274241
923342495714553857
923342458649419776
923342424524640256
923342403980988417
923342352122630147
923342348578324480
923342270560120835
923342238599479296
923342187110240257
923342164247146498
923342155820748801
923342150510759936
923342143116234753
923342139848839168
923342129526722565
923342037734260736
923342026086678536
923341979886542848
923341975381794816
923341930246950913
923341908767920129
923341895853625346
923341891852267520
923341866287890432
923341853793177605
923341848814419969
923341728253431809
923341614336167936
923341585428905984
923341513999953922
923341429614809088
923341421326761984
923341412573294593
923341396077137921
923341396056080384
923341390473555969
923341362266890240
923341299436093443
923341282709245952
923341244172046336
923341244071325697
923341211515215872
923341197699092481
923341160826859520
923341089528049665
923341075728748544
923341045278101504
923341033970307072
923340934741463040
923340933982244865
923340928177393664
923340925853716481
923340859650617344
923340859441078272
923340790549614592
923340774753882112
923340712074244096
923340702783852544
923340690779725824
923340664888348672
923340653555322881
923340653458796544
923340589982240769
923340554095792128
923340550136389632
923340405344735233
923340376714481664
923340367700942849
923340338131030016
923340329935360000
923340262566498304
923340250524667904
923340236557561857
923340233055309825
923340205469335554
923340187182170112
923340157968928768
923340157759164416
923340115526717442
923340036015378434
923339969808171008
923339947649748992
923339880389849089
923339877634232320
923339852757831680
923339737968119809
923339730548293632
923339718326128640
923339712571609089
923339700663971840
923339683358236672
923339679008722945
923339615423090688
923339602496315393
923339570065920000
923339519423852546
923339515514802178
923339494425812994
923339402281091073
923339331393253377
923339318466367494
923339318172758016
923339293870915585
923339200786780160
923339184055742465
923339125712965632
923339121082421248
923339061829558282
923338978383880192
923338885765193728
923338874222534657
923338767817170944
923338696946012160
923338629916880896
923338513034162176
923338462031482880
923338265033367552
923338178173587456
923338080588877827
923338050444414978
923338033566568449
923338004076343296
923337962045235200
923337961881657344
923337950070542337
923337895171231749
923337886598123520
923337826854494215
923337807174782976
923337790439424007
923337782445080576
923337729001304064
923337618632400897
923337597388316672
923337585434513408
923337568669880320
923337559568207872
923337504874549249
923337496389410816
923337450625347584
923337387203117056
923337374515507201
923337342139715584
923337290486898689
923337286552604672
923337274082938880
923337257427316736
923337169493782528
923337135977107456
923337131732422657
923337026518339584
923337001197297664
923336989717483520
923336917499957249
923336908981329922
923336864035147776
923336829033701376
923336799811985408
923336749190975489
923336707491147776
923336688302256128
923336594098085888
923336502372982784
923336342393810945
923336338614751233
923336329710260224
923336287771332608
923336250664345605
923336203340013568
923336156128907265
923336083672326144
923335964348514304
923335943280619520
923335872447172608
923335788573675520
923335762539630592
923335734005784576
923335729605996544
923335721435492355
923335682927595521
923335416358547456
923335381348749313
923335377376641024
923335242617933824
923335234044813312
923335223181529089
923335172694605825
923335116683964416
923335108265938945
923335077903392768
923335074778697730
923335031543730176
923334987012861952
923334982394875904
923334929135669249
923334908805832705
923334904145956864
923334851524165632
923334830250749958
923334742673633280
923334705273036800
923334658741424129
923334634158649344
923334567238557697
923334554387144705
923334541640650752
923334507352248320
923334473969741824
923334436103520256
923334360199200768
923334217689378816
923334171753361410
923334152837128193
923334125511217152
923334083966627841
923334062286262272
923334054002470912
923334006178971648
923333919864475648
923333906971201536
923333892672753664
923333839916761089
923333736183357440
923333613617369088
923333590208995328
923333537994104832
923333525344047104
923333458352537600
923333458042159104
923333363469115392
923333277720641536
923333276634316800
923333243994329089
923333210418962434
923333151975526400
923333076406677504
923333030382657536
923333001785892864
923332980420042754
923332849968865281
923332795212206081
923332770289635330
923332733555937280
923332665339793408
923332639444099073
923332598620938241
923332585115344896
923332581604712448
923332581399162880
923332551816761344
923332463648223232
923332452940214272
923332425140150272
923332400746201093
923332397155860480
923332388050100225
923332354973855744
923332350716645376
923332316876984323
923332307993448448
923332154968432640
923332152749625350
923332027163856898
923332026979225600
923331926722777088
923331922016854018
923331886981586944
923331822657900545
923331811983482882
923331662045437955
923331653795278849
923331628738531330
923331590658428928
923331574388744192
923331561877098501
923331544844029955
923331536832925701
923331536602189824
923331515630669824
923331452200214529
923331410722738176
923331402283798529
923331288907464705
923331267688648704
923331263389421569
923331162675826689
923331146049622016
923331142748659712
923331099526393858
923331045029707776
923331036762771456
923330920999874562
923330847859789824
923330834274373632
923330831380295680
923330772408373249
923330759812960262
923330755102638083
923330738417815552
923330717530148869
923330713419739137
923330659313209347
923330606297178113
923330378219294720
923330332484689920
923330288796749825
923330285692948480
923330260346851328
923330206525526016
923330205791457280
923330184488595457
923330164179832834
923330116217958401
923330091517607937
923330088522911744
923330013088354304
923329980838297600
923329933010767872
923329920050302977
923329918204723200
923329836881412098
923329790140145664
923329778672979968
923329739879788545
923329622569312262
923329611731296257
923329593980932096
923329567900741632
923329479690326016
923329466750918656
923329463017975808
923329387528933376
923329336580636672
923329202543321089
923329127033245696
923329026323832840
923328954580324352
923328920891641858
923328812061949952
923328778771877889
923328707091103744
923328568666546177
923328392019275778
923328387573256193
923328371223941120
923328371211341824
923328333454200832
923328312700821514
923328298037456896
923328216177225730
923328187014307840
923328166269251584
923328157612171269
923328152990113792
923328106513010694
923328094504710144
923327997712756736
923327981136896000
923327972899262464
923327947163004930
923327930738118656
923327925243564037
923327881069125632
923327875889102849
923327812962054146
923327804753707008
923327791810084864
923327695760576512
923327671727247360
923327632061665280
923327598490505216
923327589992796160
923327589959241728
923327578852671488
923327564906745856
923327564868980736
923327544090341377
923327543876386816
923327540906803200
923327430512824320
923327396681584642
923327393758175232
923327393124769792
923327378616659968
923327351093628928
923327325835587585
923327287830904832
923327279857651714
923327233921638400
923327217295351809
923327204129460224
923327134948610048
923327107727613953
923327103705210881
923327052891205632
923327048462094336
923327037263278082
923327036231503872
923327015196950528
923327011896086528
923326991251787781
923326952525762560
923326945445732352
923326889888047104
923326868505464835
923326813694197763
923326744970649600
923326734300274689
923326708677251072
923326705342828546
923326677979148294
923326654939828225
923326608043364352
923326565387206656
923326557728530433
923326536589168646
923326532629794817
923326515508645888
923326498987233281
923326469958459392
923326455844626432
923326447791628289
923326421614940160
923326406561497088
923326377583095808
923326377318928384
923326352010424320
923326350689226754
923326335296163841
923326306137333760
923326260264292353
923326249812004864
923326242652344320
923326239678566400
923326174247268352
923326159705858048
923326146716069889
923326120052830208
923326093729386496
923326063228448768
923326037743882240
923326037324333057
923326033620815872
923325945100062721
923325932902977536
923325921607671809
923325889408131072
923325867291500545
923325862304534530
923325794411339777
923325773032943616
923325710198034432
923325710185275392
923325702564450306
923325680787623937
923325676408725505
923325664329072640
923325659845406720
923325643131097089
923325638899109889
923325496150151168
923325487975452673
923325483449712641
923325445986226177
923325445780705281
923325445747236864
923325386796171264
923325362033037312
923325353522794497
923325341518745601
923325320341721089
923325282483953665
923325269330538496
923325227676946433
923325217740677120
923325147666300928
923325144495546369
923325139378495488
923325138535411712
923325135108689920
923325114111868929
923325051503603712
923325001163526145
923324982054223873
923324938215452672
923324937968017408
923324908607885312
923324850009231365
923324845525491712
923324816161230848
923324766089568257
923324744597897218
923324711177728001
923324665103253504
923324660925845504
923324615157567488
923324576720924672
923324552389779460
923324530898165766
923324530860417024
923324506084478976
923324472332972033
923324451122491393
923324404838424576
923324400610566145
923324368163307520
923324367106437128
923324323942797312
923324291298611201
923324282964496385
923324199053221888
923324058082729986
923324052030271489
923323995176529921
923323973051600896
923323969549283329
923323960586010624
923323939211882496
923323926855540736
923323708843986945
923323643308003330
923323642708135936
923323634491494402
923323602501619712
923323601448775687
923323598256902144
923323586059882496
923323544607641602
923323516031823873
923323507144056832
923323503402737666
923323492308783109
923323481646919685
923323424063344640
923323370707537920
923323306589282304
923323305620361216
923323294107033601
923323263333388288
923323217816772609
923323213005848576
923323204600508417
923323192546086912
923323019686277120
923323014053224448
923322990263177217
923322848608968705
923322826748284928
923322822822424576
923322819244634112
923322733236244480
923322730291884032
923322700671717376
923322681910587392
923322681818304513
923322646607073280
923322609005219840
923322592668409857
923322472547667970
923322471226527744
923322459989991424
923322455795564544
923322433834225664
923322394390953984
923322394294530048
923322309162696706
923322295468331010
923322231979237381
923322225184399360
923322167940526080
923322142854434817
923322133941489664
923322056338526208
923322004215943168
923321978924224517
923321958032465921
923321924251475969
923321845180399617
923321819301580801
923321802943811585
923321781909377026
923321731351277568
923321701231943681
923321659616055298
923321643329564672
923321638854197248
923321593325064192
923321567840481280
923321459379974144
923321441172512768
923321385723850752
923321374369894401
923321372717322240
923321369240178689
923321295072350209
923321215955226624
923321185156456449
923321139815837696
923321138188640256
923321114377539591
923321063915884544
923321063718649856
923320975600640003
923320971116863489
923320964909289473
923320887369138176
923320878926041089
923320874945662976
923320866087239680
923320849859571717
923320842548899840
923320815956918275
923320774722715653
923320749561143297
923320744792219649
923320686252384257
923320685719584768
923320668854288385
923320648021217280
923320610289278977
923320594468360197
923320573702426625
923320570686660608
923320547618054145
923320535362269185
923320496975958019
923320450905788416
923320446556262401
923320422011166720
923320402222485505
923320387810811904
923320358442295297
923320341786750977
923320329090498560
923320316499283968
923320299961176064
923320266507325441
923320224572755970
923320207136972800
923320199255937024
923320180540919808
923320177948790784
923320140262932486
923320127956844544
923320112203075584
923320094507315202
923320044376985602
923319972293742592
923319860335083520
923319825480519682
923319821084823552
923319775597662211
923319737400127489
923319664251494400
923319661508390913
923319661483216897
923319657578278912
923319620265762816
923319566087983104
923319544466288640
923319532365729793
923319451918979075
923319406511509509
923319393295233029
923319381639286785
923319359933767680
923319322335997954
923319303788691457
923319272755130368
923319271396175877
923319249946456064
923319154022678529
923319145990709250
923319133252579328
923319099144441856
923319097324077058
923319036057980928
923319002746839041
923319002381930496
923318952226418688
923318899449516034
923318897830481925
923318892981837826
923318881871106053
923318881141346304
923318875751636992
923318868994658304
923318851475066886
923318848782323713
923318761482006530
923318750929195008
923318716179341312
923318667437363201
923318667235950593
923318630590410753
923318487313014784
923318478165151744
923318453922095110
923318435328774145
923318406509744129
923318353095163905
923318347764203527
923318345348378625
923318330945089538
923318239060480000
923318218726535169
923318209687838722
923318171758747649
923318136572727296
923318133041049600
923318132017647616
923318121582260225
923318109045428224
923318084672327680
923317991038767104
923317966657282048
923317901695815680
923317895488262144
923317810767462400
923317798151041024
923317781159907329
923317685852786688
923317659499941888
923317634984226816
923317630169174016
923317537810649088
923317532173520897
923317471423102977
923317385142198272
923317357581340673
923317352749449216
923317348693626886
923317318796660736
923317310886170624
923317291449757697
923317277554077703
923317263410892806
923317247925465092
923317226735853570
923317196604002304
923317183480061955
923317134909952006
923317105692479488
923317103213637633
923317065473290241
923317052621893632
923317039418216448
923316969729871873
923316969385930753
923316904575586304
923316882853244928
923316867200114690
923316828394356736
923316770529824768
923316736379809794
923316719493570560
923316715273977857
923316710601560065
923316690032742401
923316648211308544
923316626979684353
923316614405263367
923316532486209537
923316480380428289
923316421500776448
923316412969553920
923316387648540672
923316383559094272
923316374885322752
923316316605382656
923316304152539136
923316215757631489
923316129904386048
923316106701484032
923316039634612224
923315968016879617
923315950799212544
923315938891632641
923315901092499456
923315855231995904
923315778774011905
923315745911689217
923315737820827648
923315712281759744
923315707735150592
923315687032066054
923315630455115776
923315549865676800
923315530450243586
923315467758030848
923315442583851008
923315432483950594
923315318717632512
923315318432391176
923315317576798208
923315300807991297
923315290548723712
923315267337375744
923315259233927168
923315235745824768
923315196273266688
923315185527525377
923315161317900288
923315121421733893
923315088769118209
923315069664071680
923315057185951746
923314886603571200
923314789073477632
923314776134086656
923314738351759362
923314722388217857
923314703702675456
923314696576434176
923314691027488770
923314682546487297
923314682521374721
923314638598656000
923314613323751424
923314591626661888
923314577147875329
923314576321597440
923314574576750592
923314487050031104
923314430288556033
923314420276752384
923314406901075969
923314282498002945
923314249396563969
923314247744016384
923314226944409600
923314218035810306
923314192211431425
923314176449220608
923314176436600832
923314155267948544
923314095125917696
923314059361030144
923314058476118016
923314053191266304
923314047839285248
923314030504235011
923314025135509505
923314024946782208
923314020781903872
923314015895506949
923314012296802306
923313936820310017
923313934718898176
923313928213553152
923313903697907712
923313882545950721
923313874136387585
923313856633606145
923313841508896778
923313814535360512
923313784193765378
923313777977843713
923313757455093760
923313742057787392
923313736441651202
923313735896305664
923313734122115074
923313731978874886
923313723644706816
923313712475394049
923313710881558529
923313694074986501
923313661233586176
923313644359835648
923313635044352000
923313593197776896
923313585073344514
923313581688610816
923313571781660673
923313548402544643
923313526759882752
923313491347460096
923313439216414720
923313406848962560
923313390646431745
923313389883088896
923313344739766278
923313317124419584
923313316260384773
923313274854301696
923313258676871169
923313254419529728
923313244005117952
923313242025406464
923313192847269888
923313189554737152
923313173905723392
923313169170403328
923313167211560966
923313148349898752
923313072739180544
923313028216520706
923313012886433798
923312997354831872
923312997199745024
923312977993981958
923312973703204864
923312969047560192
923312965494898688
923312959820058624
923312946763194370
923312926378872832
923312913015803909
923312912395067394
923312902270017541
923312815296958465
923312762712883205
923312755330961408
923312747567374342
923312737513549826
923312733780627457
923312706534428672
923312697428578304
923312678248026116
923312661684776961
923312656601305088
923312652880883715
923312652444753920
923312648246226949
923312619544510464
923312607158788097
923312594118733824
923312570840346624
923312565274456065
923312523385982976
923312508454219776
923312463948472320
923312422710063104
923312419321114626
923312400849424385
923312400518000641
923312397099651073
923312391231811587
923312388069380097
923312387918266370
923312369954185217
923312369283076096
923312331219664896
923312311993094144
923312297145257984
923312288219746306
923312241415467008
923312200017735681
923312171114692608
923312161736265728
923312161346203648
923312118170116098
923312086322642946
923312073563607040
923312069897850885
923311985512640512
923311985336508417
923311880269070337
923311871557500928
923311809343512576
923311791521910784
923311724933140480
923311628694818816
923311603470229504
923311573283885061
923311545949581315
923311533832187904
923311513682808832
923311506984497152
923311499170451463
923311461816066048
923311447916072960
923311431554158592
923311414319763457
923311388780621824
923311385131585537
923311351560359942
923311339082256384
923311330492321797
923311296887607296
923311219552989184
923311200141758464
923311192487153665
923311187944792065
923311183209336832
923310990091079682
923310978569326593
923310945174204416
923310944691916802
923310939650306049
923310923699322881
923310906804789248
923310885648572416
923310881370501123
923310880909152256
923310880900767744
923310877373272066
923310863293075459
923310850022215685
923310847585333250
923310798742720517
923310793671749633
923310785450987526
923310747249184769
923310739389067264
923310733974294528
923310675056844800
923310667058335745
923310654714515458
923310599622316032
923310595604144128
923310574510989313
923310516226920448
923310503815991299
923310503291772934
923310491686068224
923310450384822272
923310433796345857
923310372668542977
923310347955703808
923310327164493825
923310314741030913
923310309842063360
923310307086303233
923310268318396416
923310242779287553
923310235087003649
923310213926662144
923310192707756032
923310184537182209
923310141780512770
923310125988876288
923310100130955265
923310083777482753
923310062776528896
923310047920381952
923310012088438784
923310003989118979
923310000365297675
923309987937603584
923309985777487872
923309978462638081
923309953540132865
923309940613185537
923309928848248834
923309915107622912
923309882216013829
923309861315796992
923309824326201345
923309815266512896
923309802163507200
923309766390239233
923309741056643073
923309722496917504
923309706210435079
923309701617672192
923309617547005952
923309592137826304
923309563151085568
923309554175299585
923309551792918528
923309516803969024
923309512920129537
923309495379484672
923309487401963522
923309470545039362
923309466686287872
923309462026321920
923309455323918338
923309428484591617
923309409845043200
923309406502227969
923309399141167104
923309366991839232
923309362206117893
923309352781533184
923309349396799488
923309323907944449
923309313258598400
923309298905767937
923309291787997185
923309287933468672
923309232006533126
923309223374737408
923309203447537664
923309193427410945
923309173961568257
923309172657197056
923309172459962368
923309164977381376
923309142206570496
923309138863644673
923309131758538752
923309130512773121
923309125492199424
923309101614096384
923309093015695360
923309088867577857
923309068672004096
923309047713075201
923309003861577729
923308980071518209
923308967408828416
923308953127223298
923308945011363845
923308929634979841
923308928070508544
923308925382025216
923308924228526085
923308901306691584
923308898119012352
923308895979831296
923308883229184000
923308875784376321
923308874656047104
923308862341632001
923308844410920963
923308807631056896
923308790585446400
923308782427492352
923308736374067202
923308736256626688
923308736042754048
923308729017290758
923308693898387461
923308689834086402
923308688764473350
923308681785151489
923308623014572032
923308622809063424
923308618409283584
923308615607422977
923308609651576832
923308609043357696
923308597676789760
923308569960828928
923308566362165249
923308560167075841
923308547357757440
923308534120505344
923308520019316736
923308517687283713
923308485084925952
923308480425086978
923308463631028225
923308454789505024
923308441359314944
923308433234853889
923308419867582464
923308403107291138
923308402809458688
923308400485773313
923308398438952961
923308383364673537
923308368546189312
923308367405371392
923308363454263297
923308361180962821
923308358056243200
923308319577649157
923308312170500098
923308310773813248
923308308139790336
923308295326195713
923308278981054465
923308228859039745
923308228108345347
923308156318633984
923308152967368704
923308115105284096
923308072789069824
923308031651336192
923308026760712194
923307952005701634
923307934528008192
923307909689348096
923307904853213184
923307880257814528
923307838314819584
923307838260367360
923307805033009152
923307756764975105
923307737466982401
923307691220619264
923307683020726272
923307679082303489
923307654558224384
923307635709014016
923307611503648774
923307604000100352
923307590528000007
923307544948420609
923307502376308736
923307500665016320
923307490221215744
923307489654984705
923307459682488320
923307388761006085
923307356066340866
923307351431577602
923307347170258946
923307346947989505
923307338248998912
923307326664269825
923307305336262656
923307284205318144
923307263145766913
923307250571235328
923307200327667712
923307196942880769
923307158418141189
923307149987667971
923307120401018881
923307120048656384
923307061483573248
923307048502267906
923307015673405440
923307011793711104
923307007058333696
923306995310055430
923306956667965440
923306952507166722
923306922371178506
923306913986641921
923306902066483200
923306880516153344
923306855325151233
923306838665453568
923306822039154688
923306821871439873
923306788186927105
923306775461363713
923306746462040064
923306701314560000
923306700538605569
923306678992424961
923306670821904386
923306627712929792
923306627574501382
923306612164583429
923306599476875265
923306541016604672
923306532892274689
923306528194560001
923306511572533249
923306509097930755
923306482543878146
923306460989349889
923306460968374273
923306447999520768
923306439501864963
923306438470131718
923306435253030919
923306377187033093
923306373055762432
923306357540950017
923306317955166208
923306312468967424
923306275873656832
923306270098182149
923306267682238464
923306259369156608
923306246547046402
923306235721592832
923306217501585408
923306208337031169
923306197440135168
923306196794265600
923306172727382016
923306169522950149
923306129823883264
923306117089976321
923306103890436097
923306103676469249
923306097896771584
923306068226256896
923306052682121217
923306004187615232
923305973824962560
923305972835213312
923305952861937666
923305952832573440
923305940757237761
923305932578312192
923305922667130880
923305919336865793
923305917424205824
923305902366756865
923305894020083712
923305885975400448
923305860356628480
923305856673992704
923305855067525121
923305835438247938
923305816106635265
923305792689901569
923305759454187520
923305751522828289
923305742454743045
923305738478419968
923305726226915329
923305724654051328
923305717767065600
923305696304730117
923305693356191744
923305684090966016
923305678374137857
923305664058970112
923305654772740096
923305651488677888
923305640772145152
923305634128367617
923305604432744448
923305595947704320
923305592537612289
923305584304312320
923305566457430023
923305549902635008
923305547390218240
923305534643679233
923305515870048257
923305478641344514
923305478398136320
923305466687520768
923305457657221120
923305440758378497
923305432432742400
923305428578193408
923305428116701185
923305419447111680
923305415865225216
923305393987686401
923305393383706624
923305386123382784
923305383925551104
923305373628555264
923305373620195330
923305370050842624
923305344637591552
923305323577925632
923305321875038208
923305320709083136
923305313796751361
923305287943184384
923305287645319168
923305287007784960
923305274273947649
923305262248755201
923305257467301888
923305257098203138
923305254136971268
923305249112195072
923305245345746945
923305245048033285
923305244729241609
923305231643037697
923305231391354887
923305222935601152
923305218971971585
923305210864422912
923305197379706881
923305195110653952
923305188621942784
923305181168709632
923305181151924225
923305177045786624
923305168753643520
923305164215373825
923305133139742720
923305121756393472
923305120263221248
923305117549584385
923305117083951104
923305115964137472
923305102085062657
923305095277801472
923305084817199104
923305080547368960
923305067196964866
923305064151879681
923305060800585728
923305045529186304
923305044782600193
923305041301303303
923305038503694336
923305035408265219
923305033424359425
923305000469778434
923304996678066176
923304987001802752
923304968928550917
923304965459804161
923304963626893312
923304962305773568
923304956710608896
923304930399711232
923304924552880128
923304920589262848
923304916550119424
923304916256477184
923304896677535745
923304879388577792
923304862858776576
923304858983305218
923304855489347584
923304854411468800
923304853182517248
923304848145174529
923304827857391616
923304821523873793
923304814804684801
923304811348492288
923304808316047365
923304804247588864
923304798451126272
923304794114191361
923304789508870144
923304763487342592
923304758806568961
923304747079208960
923304733460303872
923304731648372742
923304726711676933
923304714619547648
923304681232879617
923304647653232640
923304643219853317
923304631349936129
923304630972448768
923304585036517383
923304514064670720
923304492514398214
923304479704760320
923304475565182976
923304451049512960
923304449958965250
923304438143516672
923304433148194816
923304408657661953
923304404807188482
923304336511438848
923304321252552704
923304320476569600
923304194081218562
923304156449951745
923304131095392256
923304043665031171
923304038522814465
923304033879654400
923304033753948165
923304017744289793
923304009393410050
923303892091375617
923303870796845056
923303862940983302
923303833408884736
923303825167003648
923303816296124416
923303799594409984
923303784478060549
923303736826527744
923303711472017408
923303699316903937
923303680652316672
923303674956435456
923303670216843264
923303661748523009
923303653963952129
923303627946647553
923303569490575361
923303548011589633
923303514696179712
923303476851019777
923303413936398336
923303406172647424
923303397658374145
923303283837558784
923303262744231937
923303242423062528
923303221220859908
923303208016941056
923303179495845888
923303178891874304
923303141013061632
923303132641103872
923303124160401414
923303108805124097
923303099564924928
923303099497771008
923303084377251841
923303070611542016
923303057290444800
923303027968237569
923302988973608960
923302965183574017
923302930140319744
923302902130622464
923302864583348226
923302847252381696
923302792734785536
923302775953399808
923302763391578118
923302734207447042
923302631061143552
923302629320609793
923302595699138560
923302570600235012
923302528875315200
923302528560742401
923302511812919296
923302499007606784
923302492489654272
923302465335726080
923302440086077441
923302415696195584
923302407429283840
923302372922703872
923302360742445058
923302356783054848
923302351670206466
923302302307332096
923302281180626944
923302246648909824
923302242991534081
923302234477096961
923302213664980992
923302188348186624
923302163643633664
923302151337607168
923302137664122880
923302133520261120
923302129325948928
923302104340488192
923302083939385344
923302081397583872
923302075072593920
923302050300968960
923302002234294274
923301964758228992
923301949574823936
923301941098176512
923301936333328385
923301927936450560
923301911075241984
923301894860111872
923301869757218816
923301856524169216
923301795627020289
923301793857015808
923301781009862658
923301778652672001
923301722683928577
923301684717142016
923301672322920448
923301614126952448
923301588118118400
923301575040286720
923301572175466496
923301547001257984
923301521516675072
923301500289347584
923301487601524736
923301474859225088
923301462624518146
923301421331595264
923301399827439616
923301391715549184
923301374296649728
923301357259390976
923301332475289601
923301328880680961
923301315857354753
923301299788980224
923301290330877952
923301265257349122
923301261587263488
923301222932668417
923301221074485248
923301208114130944
923301194163896320
923301168654065664
923301156314419200
923301151952400389
923301139344269312
923301122705469440
923301117919870976
923301113855598592
923301095220199424
923301094788182016
923301088685465600
923301065222524929
923301011669655552
923301009358651392
923301004820463616
923300988336840704
923300968506077184
923300967394680832
923300965645611008
923300950340648960
923300942086148097
923300930254020609
923300888696864768
923300884951400448
923300883659493376
923300881914740737
923300868287426560
923300769914171392
923300769473818624
923300729149726720
923300711902756864
923300693171040256
923300686405578754
923300673558478848
923300656307249152
923300640624799744
923300619711946753
923300587197755392
923300547406454785
923300534953566208
923300523138154496
923300515068256257
923300505073344512
923300472856887297
923300468272459776
923300467412582400
923300455395966976
923300414975381504
923300354518794240
923300347535175680
923300312152129536
923300304753344513
923300304296189952
923300295584636928
923300287279857664
923300287032336384
923300283739865088
923300249245855744
923300153724829696
923300114512277505
923300103762280448
923300102118060032
923300098330656768
923300039090356225
923300018659909632
923300009952477184
923300002012700672
923299993426968578
923299993309495298
923299993217220608
923299976741978112
923299957188182016
923299955611131904
923299913793880065
923299913735184384
923299909306007552
923299890737815553
923299871913787392
923299835460980736
923299830511804416
923299818239172608
923299805186494464
923299766619971586
923299753462349824
923299749502971909
923299695081828352
923299670041825281
923299662253006848
923299661779103744
923299627977150464
923299626366595072
923299624244219904
923299600957505536
923299586776580097
923299586021638144
923299523098640384
923299515100041216
923299501485391872
923299486373257216
923299477963681792
923299477858893824
923299450805657600
923299426944262144
923299424406716417
923299409697185792
923299406668898307
923299384997003264
923299372372127744
923299355653586944
923299317770678272
923299296790716416
923299295398211584
923299292462202880
923299277421428736
923299258962386945
923299246031257600
923299157900587008
923299129484120064
923299115995246592
923299105002078208
923299081337761794
923299078078730240
923299077512601601
923299070097072128
923299057237237761
923299048584462336
923299043379310593
923299015382286337
923299011137695744
923299002514227200
923298944259579904
923298940815994881
923298940396515329
923298910822526976
923298906246541312
923298902199037952
923298851661815808
923298839431221248
923298814005428224
923298809819553792
923298776550273026
923298772137926656
923298767670992897
923298763443023872
923298755868114944
923298755591290882
923298743083941888
923298713312772096
923298702407565312
923298691808559105
923298684413943808
923298683684208640
923298656408682498
923298654324060162
923298644492554240
923298641921548289
923298616856289281
923298604504178688
923298600641208320
923298599517134848
923298570932953088
923298553836879872
923298549776793601
923298542948573184
923298499554242560
923298470017957888
923298465651625984
923298461725761537
923298449071603712
923298446655631361
923298443518345218
923298416058253312
923298415378800640
923298398635094016
923298390955343872
923298385746051072
923298369082028032
923298360894697473
923298356125868032
923298343698046977
923298311003455488
923298303785054214
923298303457890306
923298303353094144
923298302065381377
923298288819830784
923298288593338368
923298288589086720
923298288526225408
923298259874877440
923298240488882176
923298238970585089
923298198009004032
923298184310398977
923298180892041216
923298180892000256
923298180845920256
923298176349519872
923298172847271936
923298172239093761
923298155151499265
923298142677753856
923298138097512448
923298113158184960
923298108779347968
923298096674570240
923298063023669248
923298045906771968
923298033495719936
923298025245573120
923298017012105216
923298004051755008
923297979301167104
923297962343534592
923297925848952833
923297908509753344
923297903514226690
923297903010922497
923297901907910656
923297856030515200
923297843162390528
923297817765953539
923297764611571712
923297760698236929
923297752292851713
923297735440195584
923297735217897472
923297732093030401
923297731220668416
923297727160520704
923297722819526657
923297711356502016
923297697997643777
923297672345223168
923297671162376192
923297656142667777
923297643203141634
923297630406324224
923297605227966464
923297571690262528
923297567722553346
923297565554065409
923297548801937408
923297544314134528
923297543282245632
923297540656603137
923297539238932481
923297537095639040
923297535795458049
923297533345988608
923297510147239936
923297500462645248
923297493676277762
923297490476056576
923297484872355840
923297483152699392
923297482506870785
923297480485126146
923297479226941440
923297477159092224
923297455508037633
923297448994390016
923297448881135616
923297448822415360
923297446922354688
923297444762234881
923297444502237184
923297431156023296
923297421823639553
923297405264478208
923297387912638464
923297380178341888
923297380107091968
923297379767410688
923297375367479296
923297370288226304
923297366676979713
923297354945519617
923297345629855744
923297338663116802
923297337656590336
923297332254318592
923297329720934400
923297320262758400
923297320061431809
923297314315182080
923297295356923904
923297275941552128
923297271080370177
923297256433786881
923297255779483648
923297255691448320
923297250335383555
923297246874972160
923297243557330947
923297242814996481
923297219511386112
923297159260147712
923297158131888128
923297108072919040
923297095028633600
923297094890172416
923297087512461313
923297069107879936
923297065148354560
923297064976506880
923297061788794881
923297053144358913
923297050510290944
923297050225078272
923297043967221761
923297036056772608
923297034450255873
923297033712156673
923297031304634372
923296985137889280
923296977109925888
923296976996671490
923296976950591488
923296972513013760
923296972311748609
923296970503942145
923296966775226368
923296966733209601
923296965453946881
923296964866801665
923296960643137536
923296960013938688
923296941215059968
923296937071144960
923296932516134912
923296919354408961
923296918565920768
923296892557041664
923296864207646721
923296859988226053
923296858641809408
923296857152921600
923296853579382784
923296852799242240
923296852161675264
923296852136509442
923296851884785664
923296851805085696
923296849519243264
923296841730363392
923296802937356288
923296778530648064
923296715360190464
923296714710069249
923296714592681984
923296714575847424
923296710490603520
923296706443165696
923296689301024768
923296688793534464
923296686935388160
923296679025041408
923296656157581313
923296655998251008
923296635374903296
923296635282636800
923296624767418368
923296585680789504
923296582065299456
923296539459575808
923296535843979265
923296534581481472
923296534090747904
923296523605065728
923296518701965312
923296487689170944
923296463098068992
923296459671330823
923296436812357632
923296431581966337
923296401873715200
923296393405513729
923296391660683264
923296379572600833
923296375361564674
923296374329716736
923296364359847937
923296364275974144
923296327219404800
923296317211688960
923296307103408129
923296298228314112
923296296265330689
923296294096928768
923296278292791297
923296277974020097
923296166690791424
923296166678106112
923296109690175488
923296076718792704
923296051598987264
923296051506774016
923296049971605505
923296049908760577
923296026361864192
923295977141706753
923295973253693440
923295972993536000
923295931109294080
923295929205104640
923295877942280192
923295865585917952
923295860833755136
923295820962656256
923295798934118402
923295798825140224
923295798548238336
923295797424177153
923295796576919553
923295796388290560
923295792139350016
923295792110039041
923295791942209536
923295791845842944
923295783343886336
923295782739914752
923295781544587264
923295777690066944
923295777597792256
923295777409056769
923295775387303936
923295749567160320
923295749495861248
923295675898478593
923295622400163840
923295622198804480
923295608688930816
923295608609300480
923295608521162752
923295608479162368
923295608135282691
923295606214238208
923295605815836672
923295605081890816
923295604985380864
923295542163079168
923295540296556545
923295540296552448
923295535494086656
923295535162843137
923295527264907264
923295527113867264
923295527034171393
923295521988476928
923295521690730496
923295424613457921
923295316337557504
923295316220116992
923295316194893825
923295310972985344
923295310528397312
923295310473916417
923295310415142914
923295310339649536
923295294091018241
923295293663145985
923295293621202944
923295290257313792
923295290110574592
923295290081214464
923295289946935296
923295289884082176
923295289640751104
923295289594732544
923295288420220928
923295285756882944
923295285442355201
923295285299654656
923295284850958336
923295274151243776
923295274012852224
923295272372813824
923295272179974145
923295272012095489
923295271814959104
923295271366279168
923295271219445760
923295270909050880
923295270875553792
923295270233718784
923295270183432194
923295266127560705
923295262348525568
923295251552333824
923295250587586560
923294281887920128
923294252859211777
923294202603102208
923294186203332608
923294131027288064
923294118758846466
923294051129950209
923294038739927040
923294038727331841
923294038446370816
923293977545097216
923293971543080960
923293959752781824
923293955411677184
923293925762150401
923293912986300416
923293896901144577
923293891515727872
923293883743666176
923293883458404352
923293883403874304
923293875002683392
923293874797166592
923293874579161088
923293844543643648
923293841309888512
923293824427814912
923293804030914561
923293790554669056
923293786872037377
923293764944195585
923293756769497091
923293756735889408
923293752835260416
923293745293901826
923293740654985216
923293740185165825
923293731951747072
923293709411610624
923293709247983616
923293702793003008
923293698439258113
923293689459359744
923293676805144576
923293672833146880
923293668852744192
923293665102925824
923293664431894528
923293664377389056
923293656387174400
923293627308109824
923293616528699392
923293616369418240
923293601869602816
923293585197350912
923293559834284033
923293547012304897
923293526024060928
923293519464108033
923293509846679552
923293503232270336
923293501365805056
923293496500371456
923293493069357056
923293490519334913
923293488749338624
923293486744354816
923293485825802241
923293484156465153
923293475604389888
923293466183921665
923293463176658944
923293459410141185
923293443249528832
923293427713769472
923293417190211584
923293400207466496
923293387834327040
923293376887144448
923293371661086720
923293370985848832
923293358423908352
923293353331929088
923293338568089600
923293336319942656
923293333169963008
923293324890349568
923293320318656512
923293312294952960
923293305172922368
923293296264220673
923293295656050689
923293290429943808
923293281231896576
923293270221787136
923293269378793473
923293266308620289
923293249137033217
923293240870158336
923293240832376832
923293240672976896
923293240647827456
923293211728125952
923293204044115969
923293200185303040
923293198981533696
923293190978859009
923293188047093760
923293186524569600
923293171957633029
923293170305196033
923293166156914688
923293157701251072
923293114642579456
923293108573372416
923293065170657280
923293039711289344
923293018328727553
923292984463958017
923292980840038401
923292968441622529
923292956538187776
923292930265137152
923292923482980353
923292922144964608
923292920563642368
923292916608413697
923292909520134144
923292879413428225
923292842063142912
923292837457707008
923292823582941184
923292808215068672
923292802775056385
923292799998423040
923292795875467265
923292779400151040
923292778947215360
923292765932285952
923292760039235584
923292736819666945
923292731736068096
923292720185057280
923292707639795712
923292695153410048
923292692821434369
923292686747975680
923292674093752325
923292673766600704
923292669312303104
923292655915745282
923292648567332864
923292632377200641
923292601742012416
923292594389491713
923292577456992256
923292568728748032
923292551896895488
923292544015917056
923292531525160961
923292514739564544
923292507152068608
923292499573055488
923292489162694656
923292468627496960
923292435618209792
923292434993315841
923292432053125120
923292426189471744
923292409764634624
923292398909665281
923292394979602432
923292389468381184
923292388092608512
923292387798958080
923292386326757377
923292367469211648
923292367070756864
923292341930041344
923292333965164544
923292304760217600
923292264750710785
923292242621509633
923292235466121216
923292231670276096
923292231510908929
923292229417934848
923292228931350528
923292226058313728
923292223667453952
923292212514848769
923292212414124032
923292207867576320
923292207557181442
923292192730312704
923292182659809281
923292160098689024
923292155694555136
923292136207818754
923292114779344897
923292103400071168
923292092914212864
923292082101354497
923292060332933120
923292056717373441
923292056637673472
923292053559054337
923292040393191424
923292040108142592
923292024530378752
923292019044204544
923292014417887232
923292010655522816
923292008285741058
923291989763747845
923291964283404289
923291951616552960
923291947372081154
923291943131582465
923291935149768704
923291934931611649
923291933811687424
923291917949038594
923291917865111552
923291910411730944
923291895308025856
923291885132587008
923291884100902912
923291876005777408
923291871945752576
923291870255386624
923291863531995137
923291863527825408
923291851259445248
923291846775775233
923291808641064960
923291805591879681
923291804790853633
923291788584120323
923291778043691009
923291775669649408
923291775258595329
923291750084485120
923291741968412672
923291741821665280
923291724742406144
923291699471835136
923291665946652672
923291650100727808
923291640659243014
923291637484326912
923291636464939008
923291634271260672
923291631062675456
923291620916654080
923291612712656896
923291611689238528
923291611194212353
923291607427833857
923291594723172352
923291587148316672
923291569041457153
923291539035398146
923291527505260544
923291524296667138
923291515023081472
923291504868765697
923291469032570880
923291460639870977
923291456608944130
923291447427604481
923291441207693312
923291439320260608
923291435721375744
923291435528364033
923291431766069249
923291431057235969
923291429551706112
923291422358409217
923291414485594112
923291413315387392
923291403706187776
923291386434035712
923291369195606016
923291364590153728
923291361536864257
923291358437281793
923291313352642560
923291309418221568
923291297091280896
923291296978128897
923291267785809921
923291254879813633
923291233358823425
923291223573581824
923291212987105282
923291212831797248
923291208704823297
923291206175506432
923291196243496961
923291183417364481
923291174890278912
923291170805075968
