925402052481531904
924381243197632512
917062581172322304
916707492607827969
911621189067431936
907277044861435905
902557127734042624
895715173238923264
895715142385623041
888874519967875077
888803543108407297
873349085813538816
852211547602468864
845655201054806016
845429380490788864
845379999729303552
845351219090472960
845349928826155009
845294165302755328
845289667066937346
845055775433080832
845055761633882113
845013157550579712
844987598275670016
844974317041467392
844942785090281472
844927265947316224
777175395606990848
760942854952726528
760870300116410368
760532577639727104
760506993618542592
759780746349326337
759418371062403072
759062936363032576
758335654602289153
757981391481036800
757738481623764992
757243983512739841
756875341596020736
756519217197752320
756260658803376128
755930339038547968
755788344953409536
755528711630315520
755434339119149057
755139165050724352
755091324668305408
754707266192846848
754420358371876864
754346729202343936
753986711521144833
753329284287045633
753261808090099712
753003050994892800
752963239386882048
752900313040850949
752562309034156035
751808250283036672
751566607772577792
751531624026632192
751451803279958016
751168251959185408
751141129123270656
750793048917880832
750723915266134018
750363947534987265
750011633938882561
749633859180830720
748979222673100800
748909106761650177
748606029571579905
748187950626701313
747824688785567748
747535210292514816
747495457534816256
747112252520595456
746810242738987010
746749867523923968
746376990727385093
746017774825156608
745725071562420224
745654394746634240
744951172121796608
744605735036715008
744243395015565314
743836236310159360
743542293051760641
743113207137468416
742746603203616769
741301823915495429
740578583580577792
740215261895106560
739905862697787392
739532388837908481
739170476547670016
738763756256141313
738435821376667648
738406767973924864
738105679538356224
733723226379952128
732644481657266176
729730364487258112
728300191254597637
726185923407269888
725767744273014784
725388833651478528
724639188017016834
723561096699764736
723199310343491584
722978863471427584
722466965512564736
722200626109624320
721814388332572672
721386947613179904
721004526187089921
720732185590919169
720663091281657856
720302288179298306
719603217600876544
719208361179262976
718936558234013696
718830875094298624
718610113041276928
718581172461129729
718253019473829888
718247516618231811
718188583954190336
718127524358672384
717864474078683137
717831976938393600
717831938661199872
717831905152860160
717831825280765952
717778029737476096
717529233283637248
717529206121336832
717505514167361536
717495238885945344
717412736288751616
717161399382724609
717132089154375680
717065981005156352
717048970141302784
717048729975463937
716747130296086528
716656540699140096
716408524444598273
716348094061744129
716088317129830400
716087649631473664
716086607556644864
716085426717478914
716052565666869248
716052500663545856
716048938629869568
716046980246441988
716046549524951041
716046440452128768
715992176187031552
715916726668566529
715735455283552256
715699502665969664
715699480553652224
715699434701459457
715699416410099712
715659967815024640
715640672754098176
715640656081727488
715606819847032832
715604915486208000
715383193944215552
715347535133433856
715335154902798336
715334985075417088
715334941232340992
715334897292816384
715286845353885696
715282903928741888
715282853618003968
715206722164359169
715000768265199616
715000573917929473
714965395241771009
714942454026219520
714936814922895360
714930765088354304
714930706560888832
714926924552736769
714926886988566529
714926846396116992
714923586016792577
714923511018496000
714923496858497024
714923481368891392
714916831396364288
714899780552380420
714899763208933378
714895950146195456
714895902041747457
714895884106878976
714889131529121793
714885110462451713
714647764261425152
714647576687935488
714647543712337920
714647479426293760
714647323150659584
714625642373844992
714581520304898048
714580636397232128
714580578952032257
714580150013153280
714580134699773952
714506852654911488
714362057945063424
714361751660134400
714300575626567680
714293162370465794
714269243777286144
714223966785699840
714223754251886592
714223490161709056
714207133542187008
714203215235952640
714129329752440832
714128622613757952
714128413909385216
714126916828008449
714126365901991936
714121046098464768
714055894464528384
713968308274331648
713967822053900289
713967433216700416
713878225563168769
713870015284383744
713868030019633152
713830285947707392
713817660169912320
713766102229131264
713766042456055808
713765996591337472
713752732666957824
713744978539716608
713742227315372032
713739386135838721
713727227360313344
713709980617039872
713703612963168256
713569830117322752
713531406991818752
713524758113988609
713524037792575488
713524013604024320
713500741034336259
713494566742003712
713480963007709184
713457352435957760
713453322632441856
713453129585594368
713452989130743810
713440887175401473
713418939376599040
713412114791071744
713411366925705216
713410584503459841
713403623355494400
713403574638628865
713403551611953152
713403128675115008
713383733491949569
713381607973871617
713376657709477888
713375838817751040
713375308775235584
713349798254874624
713318609586487296
713317466173124610
713279460649242624
713204518733754368
713203469813874689
713202765887963136
713202688121397249
713202192044335104
713183635029921792
713165193333706752
713156507794182145
713150163418611712
713149766490660865
713149673263861760
713133408038158336
713124945715310592
713112655649579008
713112637060419584
713112592458190848
713097467252776962
713091969073852416
713087709695254528
713083704512372736
713080315514753024
713079480386883585
713071365687869440
713070966620880896
713064074410471424
713063747544154112
713063717638770688
713056400419594241
713054631262162944
713053809581264896
713051212635975680
713018813772500992
713013603251556354
713012752122384384
713012705951547392
713012599084875776
713012497343623168
712987387647799296
712899682347843584
712838120140443648
712823629055045633
712822021613162496
712821817463824385
712821502505189377
712821127664443392
712812328488558593
712800033859440640
712790318786043904
712790275026845696
712774124465102848
712765738117767168
712765703518957568
712762295865061376
712751443594207232
712740833879928832
712737096050421760
712733100850057216
712726510004637696
712719274842828800
712719084085837825
712719059868000256
712719050284130304
712717074162966528
712713993467654144
712713035593416705
712711814417526784
712704542010265600
712703794509783040
712703664037584899
712702666476879873
712702631781642240
712702209327239168
712698962294214659
712697843295715328
712697389941915649
712688656465530882
712670962655694852
712655762040836096
712655560009584640
712652222132191232
712652092209389568
712624975518171138
712492178027589633
712484126717116416
712466409712779264
712452634238537728
712441975887126529
712432338504802304
712427111504433152
712398693849169920
712395002077274112
712394161953972224
712391177601835010
712384292064612352
712378341886533632
712363972112953344
712359211582140416
712348048857300992
712342433149792256
712321783534264320
712318759352991744
712317361794076672
712308439997927425
712290315562917888
712243046088204289
712143674088382464
712037031938023424
712023003706556416
712022913227030528
712015262711566336
711988846557327360
711987499573227520
711973833130037248
711967671525498880
711966970825019394
711954574945292290
711938915167379457
711931184893157376
711930441507348480
711930351463976960
711929794347175936
711740515117563904
711738839333789696
711721446477832192
711721193976565763
711715773127987201
711712064293756928
711704708730126336
711703886688612352
711692057438511104
711690566090792962
711689118141382656
711687217610158080
711686372264910852
711683565650649088
711682086655148037
711681354447110144
711680327710855168
711679246675136512
711679215851196416
711677763195904001
711676464383578113
711676220585410560
711675425966018560
711674320699805697
711673534423166976
711673171074744320
711672078676545536
711671900469002240
711671717836558340
711671617588502529
711671489460838400
711669741761503234
711669200687919105
711666539573993474
711665670459674624
711665354209161216
711665005662507008
711664568083337216
711663754837147648
711663623639343105
711663334395912192
711662966056345604
711662688091377664
711662343617449988
711661668502278145
711660296297959425
711658651359027205
711656172194021376
711650438190391296
711643400785756160
711615663559872512
711611787347632129
711603644479705088
711583896576471042
711582541971636224
711575246239739904
711545495664136192
711545452701851649
711545421420695552
711401894120263681
711369870789599232
711368929667493888
711348596378042368
711333313684774913
711333215055687680
711329412168286209
711329378093764609
711273906972139521
711235822171754496
711178724813606912
711178293743996928
711178256553119745
711069043067727872
711016245718425601
711012464586981376
711012394399444993
711003278020976640
710973128055230464
710960906037899264
710958057803517952
710956518259044352
710952189758341120
710938659298512896
710936995707486209
710935253704028160
710922136920064001
710913920068759553
710880486025900033
710876715103354880
710866657481138176
710866645443457024
710848532274487296
710841159136841728
710839828372283393
710786539039510528
710748371200245760
710662777937920001
710661824836808705
710660263381311489
710639982940033024
710639567062171648
710622501735280640
710622439105925120
710616499329708032
710611105500925952
710592009094832128
710573870005157889
710565159203262464
710533925869715456
710532485835165696
710531811361685506
710513820221870080
710513113850732545
710498741770280960
710306121462886405
710276123033096192
710256681540694016
710239970498203648
710212614920343552
710190747522342912
710189711470436352
710172796710596610
710172636240674816
710162316927442944
710126297335209984
709996929514655744
709961409593999362
709961279293812738
709915798240800768
709864538544406530
709856785285423104
709852793310347264
709852721101180928
709846666463956992
709843014609412096
709839026229010433
709835267906019328
709827087872466945
709814260067651584
709811528866791424
709800658996760576
709789110886465536
709774743889518593
709767004589150208
709756101571444740
709750706488479745
709544508229160960
709530052988264449
709510306205081600
709499472368111616
709485893552201728
709479113308958721
709471343364837376
709469176469925888
709453229147295745
709446534081851392
709446469430878210
709446055767580672
709446011597377538
709390186807832577
709230422622777344
709102362154000384
709031300355653633
708889271747239936
708822977064804354
708822613624094720
708816966455169024
708766356301225984
708685754147282945
708565997150560256
708472984181211136
708449689503305728
708441432332177409
708418209314168832
708391861438828544
708381402534809600
708381224235048961
708369059214172160
708364176293376000
708357108979392512
708348901099708416
708328692183728130
708318800202964994
708077564414169088
708071336300576768
708071250560622592
708071069123391488
708063283190714369
708050914821603329
708050244555046912
708041444821377024
708026378214633472
708008592474050560
708002385843458048
707949136931258368
707754665891377152
707718197789634560
707705526159691776
707685367433003008
707676374388056065
707670008843911170
707663267209027585
707657749379682304
707655993895866368
707647552301240320
707647541811269632
707642286847340544
707633933446320128
707633300093870080
707631408915685376
707404249492160512
707403948584357888
707380186749087744
707377402645598209
707365050005127168
707360921660751872
707336054173343744
707313082083713024
707304129178300418
707297460742447104
707290324129939456
707264800590397442
707232752496562176
707182789070692353
707147095258468352
707036268618616832
706981450575257600
706980247594356736
706979667043979264
706955594922663936
706948025218899968
706937485973176321
706926140578013184
706922621758087168
706922469009936384
706904311473643520
706890628978724864
706884112913567744
706729420946444288
706727078821933060
706726670103752704
706664764395560960
706651265518796801
706625977669931009
706599943675334656
706573111026528257
706561445144559616
706550705574678529
706546489451892736
706545675702382593
706502379663831040
706500675090288641
706484238363721728
706472206935527424
706441650256482305
706438458349203456
706433517006139392
706431834637271044
706430395173056513
706400925292756992
706311735586623488
706297151056285696
706225341484834816
706205201565249536
706162391726235648
706098387460829184
706083106629898241
706020712700469248
705978735481098240
705977866333237248
705939249019813888
705933814715936768
705932090022342657
705916740828463104
705911326258778112
705903989850636288
705899526532395009
705884126306390016
705880001925632000
705877716466212864
705869933855412224
705861194364674048
705853982317498368
705853756131430401
705828860793729024
705820346520248320
705816138580557824
705804956410859520
705803497921359873
705797358550822912
705796713512988672
705795517326839808
705794939259482112
705792621864579072
705792272651014144
705784903376371716
705784761487216640
705772668931305479
705767560218845185
705759394097709056
705758375393398784
705757488977616896
705757264427134976
705755025474265088
705754675979522049
705722809092145157
705722441494974464
705712970165198848
705676662340366336
705667836031569920
705616042844815360
705609882737598464
705559435293229056
705548028589973504
705525260821536768
705520557056348161
705512389647597569
705511726830104576
705507933648396289
705507061824561152
705506376307441664
705499915166707712
705492903150260224
705485065006903296
705484053416275969
705483862902575104
705482409043603456
705477043496972288
705476663413321728
705473069968596992
705462106171133952
705460417347235840
705459759521013761
705440044476035072
705438012759379968
705437982048722944
705437296313499649
705431642672771073
705430886649458688
705430712178978816
705430669912993792
705430433593339905
705415301517541376
705348159002677248
705347867913793536
705341907073785856
705279293157281792
705265573270155264
705264480003862528
705264227884240896
705247370787721216
705247363657379840
705246432123424768
705246263399182336
705245974017409024
705241352427192320
705220486687371264
705196162236583936
705174452330323971
705174014029746176
705151201705263104
705148178262134786
705136089883811840
705130520116482048
705123530392756224
705123385139826689
705123161331793920
705123136623087616
705107972431548416
705107581929304064
705105271790567424
705105231269396481
705083360205340673
705075520736657409
705071395512799232
705053425831022592
705041584551624708
705039378909802497
705035217250050049
705030685203918849
705024085210714112
705017394452803588
704985993602998273
704935909574250496
704932526792560640
704932288824545280
704877407627452416
704877240287232001
704866229748527104
704859614865596416
704845900573573120
704842598058319872
704841374768762880
704837088768692224
704836802369064961
704835470908231682
704829635863777281
704828601468719104
704815570747682820
704813352954961921
704811616789884928
704810596269621249
704809373818707968
704807949349158912
704804259427020800
704804013326233600
704802458673946625
704801721059422210
704801412979396608
704793251325149184
704790730909175808
704790119501279232
704789181671706624
704783861440360448
704779641987289088
704777235945943040
704776329783160832
704775101321875456
704772403063345152
704769996631597056
704769645643890688
704769069086445568
704768502054285312
704767994384093185
704767013520945152
704767012946325504
704765622933024768
704764875495628800
704764573862072320
704763002302570496
704762920484237312
704762783749910528
704757996736217088
704753057402204160
704747750361960448
704744657075372032
704740582346792960
704737328359550977
704734763412692992
704732456910348288
704731367699972097
704727918283362304
704723778064941056
704722076754509825
704721840673939456
704721060084600832
704720424924348416
704719000740057088
704718826034696192
704717792688234496
704716529548423169
704716339257061376
704716173498126336
704715022459469824
704713175267016704
704709812026634240
704704251474214914
704699369962868736
704697507192766469
704697500163137536
704697332621705216
704695640777830401
704693784152399872
704693360154443776
704692384173404160
704687227041755136
704687191855747074
704687173484859392
704684136242413569
704683263881707520
704680252077805568
704679023243165696
704675840995381248
704675382755090433
704672100888367106
704669683195097088
704669420958822401
704664639133487104
704654797752786944
704653800997453824
704651756978831360
704648330291208193
704646107356205057
704645941354041344
704645678270558208
704644113572843520
704640216066228225
704632839506042881
704628607616815104
704624035070504960
704623977067470848
704623397741809664
704622483802968064
704605425094688768
704602959842152448
704602587694108672
704601717992624130
704596846082191360
704590872541724673
704586453204873216
704586290683969536
704579501041152000
704575922972692480
704571587576487936
704567029945139200
704562108021628928
704556709256146944
704556678222471168
704555021107466240
704553764716285953
704553413904769025
704552603678482432
704551195256291328
704550187763564544
704549328254144512
704545564344471552
704544657619857408
704544301833805824
704544013441839104
704543504723128320
704543276766883842
704542763585372160
704542338610147329
704541269268131840
704540402712387584
704537705577783296
704537338894888964
704537030991024128
704536460133691392
704536209628856321
704535363218329600
704534829094686720
704533358500392960
704532600631603201
704532582155747332
704530227129495552
704529780452950016
704529133074690048
704528792857890817
704528676986028033
704528312991748096
704527881016180736
704527803664900099
704526988623523840
704525983211089920
704525529857142785
704522436088205313
704521085828509696
704520857167597568
704520638392733697
704520494985314304
704520465306357760
704518993088884736
704518879595274240
704518800134131713
704516225913597952
704515994882957312
704515859172061184
704514923540250624
704514771769425920
704514715041427457
704514053419339776
704513647213608960
704512931170357248
704512852132900864
704512322136477696
704512268793348096
704511659344199680
704511630218915841
704510833775112195
704510586910998528
704510268248752129
704508349295886338
704508277929828354
704507811166687232
704507192951439360
704506970108112896
704505531348586496
704502647328366592
704501701605068800
704500162731724800
704499340606201857
704499250831331328
704498900632076288
704498890888720384
704497883572076544
704497671252258816
704497530537582592
704497184671043584
704496516325445632
704496515914436608
704495871707099136
704494547561115648
704494012288241664
704493953081483264
704493603326808064
704492634752962560
704492565865766912
704492071084650496
704491020612861952
704490961083064320
704490579158110208
704490427190149120
704490261653516288
704490039091146752
704489685066739712
704489569605976065
704488501312512000
704488261087920128
704487488375533568
704487344238231552
704487343894372352
704487141372403712
704485135601668096
704485048867631104
704483777532137472
704483696846327808
704483201339650048
704483001216819201
704482659850801152
704482388550627329
704481122214752256
704480193100972032
704478869198254080
704478602734096384
704478126554787840
704477863802580993
704477839681191936
704477357352972289
704476664424628225
704476440700411904
704476137452212224
704476012793487360
704475727450603520
704475645963669504
704475130051764224
704474299134939138
704474292310781952
704473012817367040
704472852691439618
704472103794319361
704471910717870080
704471883924635648
704471871303974912
704471224995356673
704471177985544193
704471153830547457
704470724103114752
704470650115616769
704470469945077760
704470216479100928
704470215455690752
704470100070412288
704469656262696960
704468819939450881
704468769280667649
704468641190838272
704468400051920896
704468371216080897
704468310172110848
704467724177518592
704467516261666816
704466943651090432
704466761735745536
704465879518449664
704465789143756800
704465494221283329
704464345825017857
704463902222974976
704463733624471552
704463017673494528
704462314855014400
704461628671074304
704461516959952896
704461011202416640
704460993183641600
704460474398584832
704459848344178688
704459509863813120
704459300647755776
704459051845877766
704458886640594944
704458313581273088
704458117438840832
704457933455622144
704457350183137280
704457189499342849
704457074239938565
704456697868193792
704454523880771584
704454511281111040
704454462581002240
704454324970074113
704454109257011200
704453943909158912
704453749339611136
704453553822105601
704453056813887488
704452825250553857
704452348249178112
704452242514976768
704452184620990464
704451826385457152
704451798543630336
704451691446272000
704451461078331392
704450595990601728
704450413425131521
704450197892440064
704449859714048000
704449401528274947
704448850291871744
704448839340544001
704448838497488896
704448441078779904
704448313815203840
704447868908646400
704447835240923136
704447530134740992
704447039136878593
704446011989577728
704445993090060289
704445538926665728
704445391425507328
704445335666438144
704444803472236545
704444702787895296
704444055518736384
704443954419228672
704443877407608832
704443659857440768
704443095912284161
704443056301281280
704442808988364800
704442587634016256
704442432163676160
704442275636469761
704441930399117312
704441694138150912
704441421810388992
704441294299361281
704440592781037568
704439569777733632
704439541382279169
704439437086752768
704438887523823616
704438602520858624
704438553468489728
704438309678809088
704438117952925696
704438021815300096
704437707838128128
704437577193881602
704437547997335552
704437495946018817
704437320435372032
704437248809275392
704437218803253248
704437096279183360
704436726102495232
704436638437347328
704435767280476160
704435178307870720
704434667236134912
704434561728454656
704434388193292288
704434143162044416
704434070181117952
704433894725021696
704433854929457159
704433611173289984
704433591699132416
704433384290799616
704432890545729536
704432462621839360
704432387531235328
704432310502817793
704431877596192768
704431731386912768
704431670015864832
704431657105788929
704431539744944128
704431320856809472
704430753401057280
704430733503270912
704430529957855234
704430436395515904
704429977991708672
704429736961843201
704429048546504704
704429005139652609
704428214966353920
704427731971235844
704427678997217280
704427649637068800
704427591155908608
704427549888090112
704427249370419200
704427139051880449
704426538637217792
704425653379026947
704425595254407172
704425231587250177
704425213321048065
704425206312341504
704425176444719104
704425164461576192
704424812395917312
704424683190366208
704424489744904192
704423982536101888
704423686254698496
704423334813921280
704423307345420289
704423276307546113
704423167633129475
704423069159264256
704423014385856512
704423005351313409
704422718410633216
704422677855928320
704422608108847104
704422112446971904
704421896201240577
704421741494296576
704421604709634049
704421575768944641
704421501974413312
704421348152471553
704421010385154048
704420633589841920
704420583782502401
704420470787952640
704420401510678528
704420370527363072
704420151857315840
704420077408354304
704419908302479360
704419772167884800
704419483155206144
704419383636938753
704419327143849984
704419326716084225
704419274224316416
704419156112748544
704418592100515841
704417909175549952
704417613141508096
704417359319031808
704417273147031552
704417208076603392
704417095254061056
704417040325447680
704416987598815232
704416899635875842
704416805813485568
704416650552958976
704416614762983424
704416104400039936
704416085114691584
704416060376641536
704415944634867712
704415724580638720
704415456447213568
704415321378000896
704415255728816128
704415192227053568
704415179405004800
704415033841725440
704414930942849024
704414906318073856
704414847761428480
704414816689991680
704414136105459712
704413752469245952
704413660475592704
704413471807418368
704413103354580992
704412387550502912
704412177424199680
704412120096444416
704411917318684672
704411773764407296
704411582864818176
704411564229599232
704411247807066112
704411211610198016
704411192945561600
704410985751183360
704410896655749120
704410801650569216
704410668393312257
704410384225030144
704410036152315904
704409994616184832
704409987615891456
704409957957906433
704409892962983936
704409810276470785
704409695969112064
704409430465490944
704409282788270080
704409158368407552
704408822228455424
704408671816581120
704408575917953024
704408543093338112
704407717738258432
704407608967364608
704407589598031872
704407502587191297
704407104107319296
704406953779310592
704406723038220288
704406664481415169
704406558189293568
704406362894118913
704405902904860672
704405620150005760
704404935824138240
704404441517064192
704404155700391940
704403939823788032
704403905891799040
704403681941192705
704403642359480320
704403436570152960
704403371269074944
704403215345782784
704403146387255296
704403052799750144
704403032767746048
704402917608919040
704402708808146944
704402529543544832
704402262370562048
704402071731118080
704401995482812416
704401933520412672
704401851479818240
704401810652434432
704401675960778753
704401282497286144
704401005769674752
704400973804867584
704400896013131776
704400798218743808
704400250652401664
704400185221206016
704399725621960704
704399718562926593
704399660052406272
704399057330896898
704398890351484928
704398809703383040
704398802514419712
704398641205608448
704398605797294080
704398493423575040
704398486024773632
704398402105188352
704398325521321984
704398307615838208
704398294496063488
704398281699229696
704398165877743616
704398135758442496
704398100442382337
704398075968692224
704398057794723840
704397959274692608
704397895198355457
704397731578511360
704397696212144128
704397621243187200
704397505652330501
704397482122346496
704397342196178944
704397201200418816
704397038444609537
704396979296608256
704396979053301760
704396851328356352
704396804595449856
704396626048069632
704396626043936768
704396613565833216
704396613154840576
704396583685615616
704396528270467072
704396475904569345
704396201127378944
704396182701760513
704396062547521536
704395760138211328
704395665846054912
704395408735252480
704395113770782721
704395009403957248
704394996867166208
704394985370578945
704394768931885056
704394334322319361
704394135982071808
704394021624373248
704393963382317056
704393962941861889
704393706762207232
704393688055545860
704393657864990721
704393602772787200
704393430487556097
704393206759206912
704392936155295745
704392880513687552
704391443847098368
704390826600718337
704390567501787136
704390535700566016
704390316724350976
704390204367327232
704389880055377920
704389741962133504
704389514416926722
704389486193446912
704389404555476992
704389315468464128
704388962513584128
704388947162476545
704388915294138368
704388699551723520
704388687589584896
704388427572051968
704388158335504384
704388117009051649
704387951556296704
704387418531586048
704387283923767296
704387254009987072
704387178814525440
704386841705730048
704386841689006081
704386384706940928
704386275621507073
704386159766433793
704386054418137088
704385919369895936
704385725806964736
704385599948484608
704385575860568064
704385400958128129
704385388157095936
704385075232681984
704384964591120385
704384889433378816
704384865370681344
704384771569225728
704384577217802240
704384352289861632
704384182437310464
704384082000482304
704383889955901440
704383825820852224
704383731935543296
704383620828377088
704383516255981569
704383320767868928
704383088894177280
704383053628477440
704383018325028864
704382980307812352
704382829291909120
704382434620497920
704382427485962240
704382309378600960
704381843051667456
704381666534432768
704381642467467264
704381617981095936
704381594157461505
704381349163962368
704381291651682304
704380993344438272
704380974826594305
704380833965088769
704380547460509696
704380540435075073
704380521728471040
704380486529888256
704380414975090688
704380402413088768
704380269038415876
704380107243200512
704379938489499648
704379833912991744
704379793022672896
704379767693258752
704379361147813888
704379330839707648
704379299894153216
704379287164432384
704379210287050752
704379161582776320
704378927230259200
704378864424742912
704378617887748096
704378384105627648
704378362781835264
704377980030570496
704377905887911937
704377864532013056
704377773570134016
704377683593994240
704377130696638464
704377060106473472
704376821538664448
704376811258400768
704376725610737664
704376688986210304
704376669323206657
704376658531233792
704376617112436736
704376533268303872
704376514456891392
704376421435600896
704376411994222592
704376358651109376
704376312123666432
704376311364476929
704376182712594432
704376181643042816
704376065511141376
704375940562825216
704375911940927488
704375757213044736
704375505072488448
704375493739433984
704375493299077120
704375394267344896
704375376416387076
704375125571833857
704374935787974656
704374919967035392
704374882994237440
704374872437198848
704374621139656704
704374608120557568
704374305388257280
704374024596430848
704373807713120256
704373562958721024
704373338437582849
704373201371967490
704373091963502592
704373091158261760
704373058081935360
704372838640148481
704372691948580864
704372649502208002
704372363010310145
704372321998368768
704372256621748229
704372176762212352
704372176367923200
704372112937517056
704371944611680256
704371853226176512
704371616034062336
704371447100125185
704371399264071680
704371392247001088
704371228065136640
704371085215543296
704370998716428288
704370980911624192
704370923483205632
704370905024061440
704370881112375296
704370731098869760
704370678779084800
704370632012660736
704370571895701504
704370275488391168
704370115068841984
704370051650957312
704369941487587328
704369895136317440
704369887636910080
704369755088515075
704369680396320768
704369496627085312
704369397113032704
704369340468989952
704369328158695424
704369303403892737
704369078161399808
704369065255530496
704369052265762816
704368988529164288
704368896074121216
704368847797690370
704368758148599808
704368746186420224
704368745284644864
704368738389262338
704368714766913537
704368377817464832
704368319101440000
704368209592340480
704368144333144064
704367977387274240
704367896521117696
704367855555325952
704367825377325057
704367759799418880
704367615276240896
704367561123581952
704367351383216128
704367315962327040
704367297092136960
704367253853069312
704367076077494272
704367068519354368
704367044334989312
704366958326624256
704366787794632704
704366752738594818
704366733562241024
704366690151215104
704366683037642752
704366636170551296
704366617954652160
704366535083560960
704366429982711809
704366377298038785
704366277792411648
704366068010094593
704365947147038720
704365888829415425
704365854025093120
704365807103451140
704365711502606336
704365597887373313
704365597207822336
704365453070565376
704365434695385088
704365410670370816
704365305296912384
704365252326985728
704365135922507777
704365001687986176
704364864387436544
704364794665566208
704364731004428288
704364730316554240
704364345833033728
704364293341360132
704364286445953025
704364216178724864
704364115486121984
704364078085439488
704364057197817857
704364045399248896
704364016001388544
704363987840815105
704363958140952576
704363948187910144
704363821297610753
704363802242871296
704363769732792320
704363702938574849
704363690624028672
704363634504310784
704363497870589952
704363451360018432
704363048161521664
704363018671386624
704362772859977728
704362740928815104
704362695839985665
704362580647628800
704362474967928832
704362474246524928
704362353953865728
704361957126594561
704361826872483840
704361788746240001
704361736111935488
704361707800387584
704361342484897792
704361293851963392
704361275124355074
704361048233476096
704361010807767040
704360954360803328
704360953110859777
704360916008046592
704360896152281089
704360533852450818
704360416919465984
704360388226187265
704360294282211332
704360242750947328
704360213164339201
704360185007988736
704360176564895744
704360175629537281
704359934612254720
704359823345741824
704359730584506368
704359674791919616
704359618948890624
704359472890662912
704359312567631872
704359221635129344
704359199929544704
704359181369749504
704358809586675712
704358712811528192
704358695497379840
704358694843084800
704358675968724992
704358463950827520
704358400822349825
704358382400974848
704358337031204864
704358327560503296
704358317921955840
704358290877128704
704358166394335232
704358094797549568
704357891650662400
704357820506857472
704357711211671552
704357704131739648
704357543624077312
704357457435467778
704357114454503424
704357084687572993
704356994103160832
704356554091339776
704356547233624064
704356437690941441
704356407919845376
704356280446488578
704356244790710272
704356220614762496
704356132215586816
704356085411373056
704356038221246464
704355958248460288
704355916477411328
704355909405794304
704355851486638080
704355776425406464
704355752035520512
704355711375925249
704355374313271296
704355293220573184
704355206830493697
704355086336598016
704355062399655936
704354937841459201
704354897345409024
704354520109723648
704353862736412672
704353838921154560
704353789394857984
704353630715924480
704353618028163072
704353450167898112
704353339010449408
704353297965064192
704353262346985472
704353144692551680
704353120667566080
704353039461720064
704353020981542912
704352974483562496
704352914098094081
704352914035245058
704352878668873728
704352825799618561
704352785039425540
704352784259239936
704352622443008000
704352502053888000
704352461125844992
704352436941512704
704352327277289472
704352308457373696
704352175384694784
704351986779467776
704351973852598272
704351955611586560
704351936846258176
704351884069335040
704351739982381056
704351611179565056
704351475581911040
704351428890877952
704351385827934208
704351305221820416
704351286821416960
704351204713758720
704351184308408321
704351183540846592
704351163718569984
704351133767106561
704351061964775426
704350934369853441
704350650709069825
704350610372456448
704350568068689920
704350543913705474
704350480437096449
704350433230221312
704350380373594112
704350177599975424
704350119555010560
704349908183052288
704349907436511232
704349739077079040
704349521787027456
704349451775639552
704349345676570625
704349326856687616
704349295852412928
704349251879325697
704349106643152897
704349086955106304
704349076628774912
704349065891282944
704349065773871104
704349046480068609
704349046102568960
704348997943595009
704348978716897281
704348919883403264
704348753394708480
704348725175422976
704348716258332672
704348614944911360
704348561106862084
704348475417186305
704348454420553728
704348432635285504
704348311994535936
704348276800098304
704348211775799301
704348199482339329
704348184244416512
704348057324814336
704347945206829056
704347924939943936
704347886159433728
704347885169606656
704347774754533376
704347702092394497
704347692399349760
704347660367495169
704347563860733952
704347445044449280
704347288705978368
704347278425739266
704347204572426240
704347193004544000
704347138801553408
704347130404556800
704347122418647040
704347109760184320
704347044299694081
704346997969391616
704346988767158272
704346911877169152
704346901043228672
704346872840744961
704346872064774144
704346802762285056
704346706293297152
704346566379728896
704346527699902464
704346517880963072
704346480060936192
704346461522104320
704346452252688384
704346433919414272
704346395415748608
704346368425328640
704346311466717185
704346293125017600
704346264087851010
704346244500451328
704346221507313664
704346187332096000
704346147972714496
704346023989157888
704345932528095233
704345911384616960
704345852702097408
704345786155270144
704345711085637632
704345692970446848
704345683076067328
704345647688757248
704345628613062657
704345599965958145
704345590583300097
704345590516166657
704345580256915457
704345439609327616
704345438422323200
704345428649639936
704345308273086464
704345278287998977
704345249301147648
704345183819673600
704345113867104261
704345077380853761
704345068031725568
704345067985641472
704345024218005508
704345022976495616
704344957889327104
704344927660933121
704344927623188480
704344830122393600
704344715135614976
704344688791130112
704344654976671745
704344644520321024
704344634848206848
704344634118393857
704344596050890752
704344511749619715
704344487955267584
704344358900752384
704344310787891200
704344209382203392
704344102750408704
704344068092874752
704343875314266112
704343862387408897
704343807622426624
704343784000098305
704343729608327168
704343707714072576
704343639443419136
704343578038792192
704343435512193024
704343372136198144
704343295699255296
704343285934923777
704343285481869312
704343265177313280
704343246223183874
704342935689498624
704342910615990272
704342879347408896
704342836586553344
704342836435521537
704342738498531328
704342695808905220
704342688900853760
704342608047255553
704342607107731456
704342588766101504
704342581765771264
704342444029059072
704342367273287680
704342236834574336
704341949281488896
704341842402279424
704341748378525698
704341735703318531
704341585136214016
704341543805562880
704341339584876545
704341326729338880
704341203026735105
704340888600719361
704340778101907456
704340777892118529
704340656194326528
704340547855470592
704340523398463489
704340444092637184
704340444017065984
704340431077675008
704340400924823552
704340382201413632
704340369261985792
704340345690062849
704340313486151680
704340219655421952
704340190085550080
704340028915261440
704339895297318912
704339841496944640
704339817262284800
704339776166502405
704339750652522496
704339718805131264
704339550844235777
704339503750643713
704339418073554944
704339417305976840
704339410674851840
704339363644121088
704339320828620801
704339248741117952
704339099033817088
704338955920015360
704338896461508610
704338872772067329
704338843474874369
704338800395186176
704338646091108352
704338616248455168
704338522564505600
704338498602430464
704338451840110592
704338375084388352
704338321296654336
704338199619874816
704338169806753794
704338123262545921
704338038269214720
704337951967215616
704337945101103105
704337891212701697
704337865828753408
704337780952858624
704337704520036352
704337680276951040
704337644902154240
704337625834893312
704337409169760256
704337394988748802
704337388043001856
704337363804098560
704337295940427776
704337278286467072
704337277544083456
704337248058081280
704337072157384704
704337025420230656
704336984341221376
704336848814866432
704336818712350720
704336691998228482
704336679335649281
704336666509443072
704336660184469505
704336659270074368
704336577946898433
704336557621190657
704336429812289536
704336417250418688
704336381636509696
704336374426521600
704336178858733568
704336147321729024
704336053251895297
704335925405331456
704335912742748160
704335856820051968
704335848754454529
704335836108558336
704335811307638784
704335706479415298
704335611977535488
704335524236914697
704335489155739648
704335440539615233
704335330875342849
704335297954197504
704335203423006721
704335184976478208
704335046665056257
704335045905895424
704334993120604161
704334980353097728
704334961969467392
704334955086639105
704334919573512192
704334871296999424
704334663079202816
704334650290753536
704334613280198656
704334513569026048
704334506723930114
704334448938975232
704334416827457536
704334404127059969
704334349236219906
704334154700197889
704334118054555648
704334111142342656
704334092796473345
704334043966369793
704333959367233536
704333937821114368
704333909627006976
704333843730313217
704333843730313216
704333822515515392
704333784179585025
704333772506820608
704333662343426048
704333584883056640
704333575357747202
704333565912227840
704333565773742080
704333547444699136
704333536166174720
704333464829448193
704333447007830016
704333437130256384
704333390355394560
704333272583540736
704333254292164608
704333243668037633
704333113829097472
704333083445624832
704333018429726720
704332964436414465
704332898510381056
704332880554512384
704332880156098560
704332861554307072
704332802527858688
704332746118733826
704332735343538177
704332725612736517
704332706851586048
704332672240209920
704332640900415488
704332640699035648
704332611892588544
704332602367279109
704332557567983617
704332530200150016
704332520062472192
704332500563152897
704332489314021376
704332442052616194
704332423048200192
704332423010463746
704332370204200960
704332370149658624
704332342735732736
704332317104320513
704332294480228352
704332265250095105
704332246396772352
704332225697808384
704332225647480832
704332197675737089
704332197163986944
704332098627198976
704332087340339200
704332087340331008
704332065211174912
704332052703776768
704331999243169792
704331990221213696
704331984995164160
704331984168812546
704331963344105472
704331954565435392
704331945434439680
704331924563587072
704331878954762240
704331869232320512
704331869198745600
704331831357734912
704331821148827648
704331810340122624
704331782955491328
704331773962952705
704331754119639040
704331726835691520
704331717390127104
704331717310443520
704331707348942849
704331707336388608
704331697798537217
704331688160006144
704331687719612417
704331677808480256
704331677770731520
704331668291588096
704331668283215872
704331657826861061
704331657801629696
704331646892269568
704331646892244992
704331637786476546
704331628659634176
704331628496052224
704331619088224258
704331618664652800
704331608145309696
704331599911911424
704331599723147265
704331589757435905
704331589744873472
704331579464658944
704331579422683138
704331566709735424
704331566550351872
704331555150278656
704331555070586880
704331545465589760
704331545234911232
704331535588028416
704331525211365376
704331525081296896
704331515782508545
704331506882207744
704331506647375873
704331496010547201
704331485239611392
704331485210251264
704331473411665920
704331473369759746
704331465450852352
704331465002123264
704331454478553088
704331454373756928
704331444198346754
704331444156403713
704331434861813761
704331434555604992
704331424501932032
704331424388632576
704331414540398592
704331414435602436
704331403563892736
704331403417104384
704331394529361922
704331394525241344
704331384165265408
704331384131756033
704331373054554112
704331372949741568
704331361549574145
704331351361630209
704331350774448128
704331345414082561
704331345409941504
704331340267716608
704331329366683648
704331329148555264
704331317152845828
704331316498554881
704331304838393856
704331294834954242
704331284483473412
704331274316435456
704331265063809024
704331265005105153
704331255379152897
704331246030057472
704331226019049473
704331225851305984
704331215537467392
704331215499689984
704331205613719552
704331195769729024
704331195614519296
704331186294771712
704331186001149952
704331176572420097
704331167638487040
704331167386865664
704331157505052672
704331149804351488
704331138538430464
704331138462982145
704331128530817025
704331118791667712
704331118435106817
704331109111181312
704331099233648640
704331089527975936
704331088630386688
704331079025430530
704331078731870208
704331069227606016
704331059446439936
704331059010252801
704331049233350656
704331049216507905
704331029465554944
704331029427802112
704331020305170432
704331010863837184
704331010230476802
704330999954436096
704330989942603777
704330989779062786
704330979578507264
704330970254553088
704330960486080513
704330949316595712
704330948968472576
704330938918961152
704330930349953024
704330929834098688
704330920304640001
704330911718862848
704330901648310273
704330892697686016
704330892693475329
704330883080171520
704330882966945792
704330873508753408
704330873492013058
704330863757012992
704330863702466561
704330844664532992
704330844588998656
704330834543661056
704330834501771264
704330823625932800
704330823323906049
704330812213231620
704330812116717568
704330800553046016
704330790524485636
704330780504227841
704330770077233152
704330761466318848
704330751051845633
704330741438492673
704330741396537345
704330732441718789
704330722434162688
704330711973519360
704330711960936448
704330701802336256
704330691580833793
704330691396284421
704330678746243072
704330678716932096
704330667853639681
704330667761336320
704330659616063488
704330659213369348
704330649201561600
704330640225755137
704330639844093953
704330631371558912
704330630994104320
704330621049393152
704330611670913024
704330611578634240
704330601218727936
704330601147420672
704330592704286720
704330592586825728
704330585632694272
704330575969038336
704330575918690304
704330565521047552
704330565349019653
704330554573922304
704330554557108224
704330543823851520
704330543781924864
704330522990764032
704330522923634688
704330512748253184
704330512697954304
704330504141549568
704330504053469184
704330495123795968
704330495002185729
704330485661433857
704330485053296640
704330476161339392
704330465587519489
704330455282114566
704330455265316865
704330446931255296
704330446524448768
704330435485040640
704330435359166469
704330426223988740
704330425028579328
704330414765150208
704330405223075840
704330396138401793
704330396041760768
704330386734604288
704330376936685569
704330375791669248
704330366497067008
704330356845973505
704330356732751873
704330344435068928
704330344384729088
704330332527423488
704330321521561600
704330309261594624
704330298251587584
704330298243182592
704330287690297344
704330287619047424
704330277779148800
704330277309419520
704330267444400128
704330266907545600
704330258271461376
704330258019778560
704330249450827776
704330239338360832
704330239330025473
704330229494362112
704330228970074112
704330220526919680
704330210779406336
704330190885773317
704330180970418176
704330180806909952
704330171222863874
704330161911570433
704330152600186881
704330152222679040
704330142928089088
704330133088268288
704330124070531072
704330124070486016
704330114360672256
704330114092310529
704330103874916352
704330103849758721
704330094446141440
704330094341271552
704330084727980037
704330074300874753
704330064725315585
704330053778165760
704330042977841153
704330022010499072
704330021662396420
704330012262961154
704330003429748736
704330003400425472
704329994466529280
704329994198102016
704329984882544641
704329975948668928
704329975160139777
704329965936836608
704329956545814528
704329956285767680
704329947251224576
704329937457541120
704329937298165760
704329925268889600
704329925252112384
704329906319065088
704329896621768704
704329896575631360
704329886740017153
704329886698057728
704329877852295169
704329876581384192
704329857786720257
704329857644130304
704329848353746944
704329847342936065
704329837196914690
704329837125570560
704329827608756226
704329817815027712
704329817378811904
704329808902160385
704329808721768452
704329798135345152
704329798034657280
704329785837682688
704329774378782720
704329766082469888
704329766036336640
704329756192301056
704329756171341824
704329746134335489
704329745618501633
704329734822342656
704329724823121920
704329724730839041
704329715855699968
704329715830534144
704329696326987776
704329686948716544
704329686864637952
704329670095818753
704329669911285760
704329661459746816
704329651221467136
704329651196268544
704329641314488321
704329632963690497
704329622112960512
704329612008894464
704329602622042112
704329602617847808
704329593327525888
704329583974158336
704329575010992128
704329574763491328
704329562415431680
704329562365120512
704329550134521857
704329549668966400
704329544920993792
704329538390478849
704329519268691969
704329519230877696
704329509294592000
704329509198114817
704329498225823745
704329498204860416
704329488578940929
704329487761059840
704329478982373376
704329478789398528
704329468446269441
704329468148486144
704329458388332545
704329449630642176
704329444748455936
704329439325204481
704329428944314368
704329428843671552
704329419230281728
704329419033214976
704329410430644225
704329409457557505
704329398783115264
704329398766276608
704329390339940352
704329381213130753
704329380986642432
704329377354350592
704329371436187648
704329361332137984
704329351500689412
704329351425163264
704329341480493056
704329341233139712
704329322778087424
704329322765488128
704329312128765954
704329312061632513
704329301835927552
704329300539904001
704329289081049089
704329279245410305
704329269237776384
704329269183275008
704329258643169280
704329258533957632
704329241182081024
704329239667937282
704329230000136192
704329230000082944
704329220692967426
704329210895036416
704329210542698496
704329200556072961
704329200526700545
704329191295062016
704329190972108800
704329181841068033
704329181123858432
704329163683921920
704329162463416320
704329152573239296
704329142318174208
704329142288777216
704329133505978368
704329133367558144
704329123716419584
704329123670261760
704329104699449344
704329104661676032
704329095111266307
704329094763139072
704329083535011840
704329083509821441
704329078908715008
704329077960810497
704329068154478592
704329067965730816
704329044083347456
704329033274634240
704329033002004480
704329022939930624
704329013297197056
704329013284589573
704329003914539008
704328994494111744
704328984452988929
704328974231441408
704328974164307968
704328956145565697
704328946091819008
704328935455076352
704328926517002242
704328926324064256
704328916261974016
704328908414406656
704328908083056640
704328898968887297
704328879268192256
704328879222054912
704328869805846532
704328869680017409
704328859290726400
704328859261349888
704328848490401792
704328848100339712
704328762469408768
704328660996632580
704328650980790272
704328609196969984
704328570051567619
704328548362776577
704328537969291264
704328529102577664
704328528423100416
704328518201532417
704328518193123328
704328498752544768
704328451243683840
704328315360837632
704328287955234816
704328243847933953
704328243654963200
704328161002024960
704328152483393536
704328152424644608
704328116219478017
704328105352036352
704327999638745089
704327933423292416
704327889479536640
704327801743101952
704327801281753089
704327739445108736
704327715092983808
704327656624431104
704327643898912768
704327619752230912
704327612634517504
704327543059456005
704327512717787137
704327494791356416
704327494111891457
704327424486445056
704327388922916864
704327359520858112
704327310950817792
704327186933657600
704327138409713664
704327109011861504
704327069862236160
704327062912266241
704327062576758784
704326927297810432
704326920297541632
704326913272078336
704326872302137344
704326853939429376
704326835945889796
704326835648106496
704326817201565696
704326798780211202
704326774767812609
704326774721683456
704326767515799552
704326710133551104
704326709349261314
704326702596423680
704326690068037632
704326682329481216
704326674939162624
704326610099396608
704326563320328193
704326556454248448
704326543531573249
704326453551214594
704326353802256385
704326343773696000
704326244637118466
704326197484781568
704326190429933568
704326160713326592
704325931653926912
704325907691892736
704325906903371776
704325888393916416
704325615999004672
704325582499151872
704325493416284161
704325468766359552
704325433005740032
704325374432268288
704325309999349760
704325302877487104
704325295721938944
704325269906001920
704325223198257152
704325222468440064
704325125831720961
704325073398697985
704325027089395712
704324996462567424
704324972269817856
704324954058133504
704324947204673537
704324877654708224
704324836609253377
704324795387629568
704324765410922497
704324650537345024
704324602999103488
704324549140094976
704324541858729986
704324528940290048
704324503141093376
704324419955494912
704324407569743872
704324388959551489
704324376179511296
704324304930885633
704324200270442499
704324134361104385
704324020645179394
704324019734999040
704323995072483330
704323969353056258
704323950843531264
704323909420654592
704323832320905219
704323814037917696
704323754856308737
704323656311156738
704323603601297409
704323596580065280
704323561268256769
704323477336002564
704323457274646528
704323438622584832
704323425792176128
704323412739526656
704323388379009025
704323363934613504
704323345680977920
704323327083442178
704323308641103874
704323290072887296
704323260024881157
704323253192359937
704323222896930816
704323204395839488
704323191838081025
704323184846188544
704323177720098816
704323159386787841
704323159298699264
704323152592023552
704323152256454657
704323139879063553
704323126843174913
704323106844717056
704323106811154432
704323081376927745
704323066998845441
704323048971735040
704323048627838976
704323041543606273
704323041526820864
704323005489373185
704322993523073026
704322957363970048
704322933372522500
704322920600895488
704322872567681024
704322853609406466
704322816846331904
704322764555968512
704322727209906176
704322708658466816
704322694406246400
704322659169861632
704322652568051712
704322645102178304
704322637988655105
704322619428896768
704322565192306688
704322558351396864
704322558070394881
704322543662952449
704322508707659776
704322507931652096
704322467074953216
704322388641452032
704322376217939969
704322363467255808
704322339282890755
704322320865755136
704322283490246661
704322278402580480
704322269263196160
704322239684956160
704322239571734528
704322221108391936
704322197079240705
704322184424984576
704322183997165568
704322154490257408
704322112211668992
704322093479911424
704322080569864193
704322056452595713
704321996667035649
704321985086500864
704321965419409408
704321958444335105
704321945395855360
704321940031299584
704321919990956032
704321919898636288
704321912915111936
704321900114096128
704321881826922496
704321863275540481
704321833449861120
704321820665597952
704321820598493186
704321808447635458
704321801292087297
704321735558983680
704321735319916545
704321720908296192
704321696308723713
704321671876849664
704321671855910914
704321653178630145
704321616377819136
704321589899165696
704321589710467073
704321582613680128
704321576653565952
704321575370100737
704321562590097408
704321555598176256
704321548115509248
704321523906031618
704321499377709056
704321492079607808
704321481967169537
704321441240453120
704321422672265220
704321415667806210
704321403000991744
704321390778781696
704321382897704962
704321376933392384
704321344549195776
704321320507428864
704321320444567552
704321313716842498
704321313322631168
704321306938839040
704321306339074048
704321265020985344
704321257743863811
704321250580017152
704321250525458433
704321243168636930
704321243097346048
704321236285829120
704321230183137285
704321228748664832
704321196825796608
704321183898939392
704321178035294208
704321176684728320
704321162935820288
704321162373783553
704321142513758208
704321101313085442
704321101229240320
704321088658870272
704321088646307840
704321074175954945
704321074096263169
704321067213389825
704321048523571200
704321041397452802
704321034191699968
704321016634343424
704321015925452801
704320974317944832
704320967066030080
704320920060432384
704320914406518784
704320913286631424
704320905841741824
704320898841481216
704320891350491137
704320884408864770
704320877509259265
704320864389459968
704320834022690816
704320815462879236
704320815303491584
704320796437516288
704320796420780032
704320783733030912
704320783544233984
704320776351055873
704320763667443713
704320763482931200
704320756461772800
704320749536878592
704320724169728002
704320699934990336
704320699901440000
704320685842116608
704320678950875137
704320678447550464
704320671447289856
704320664522522625
704320664140840960
704320639721566208
704320603784753152
704320596616675330
704320596511891456
704320589289271296
704320565079740417
704320557806804992
704320557790015489
704320550726815744
704320543667982339
704320543361609729
704320536319389697
704320517981876224
704320511698862081
704320492228866048
704320473362923521
704320448960397313
704320430484500480
704320430266421250
704320423006109696
704320422934745091
704320415875764224
704320403049545728
704320396997185537
704320396296720384
704320371659395072
704320358975844352
704320309558509569
704175162048905216
704175132084826112
703988095851474944
703639454460710912
703595564722581506
703406899098578944
703402324664844288
703368977511161856
703334958039900160
703334586034434048
703334250402033664
703280765245624320
703060791491039232
703060746276483072
702988515521355776
702982335424102401
702913127952678912
702680638034345984
702654768938770432
702587173363589120
702576088283631616
702573488406573056
702572716558159872
702545333847347200
702327940197920768
702302506500489217
702302457011916800
702281822940434432
702191257603276800
701967967257366528
701967948034871297
701967831542280192
701955296562794496
701896772486991872
701864629635407872
701864593514037248
701828830525140992
701813908684713984
701451337779662849
701225358117318657
700876679791554561
700871309383700480
700826278224482304
700824529610780672
700817174106140673
700803794343309313
700734018203947008
700519615546306561
700437975448973313
700417958477111296
700417490858291200
700417204416679936
700107647320612865
700055439023575040
700036927383154688
699791387600945155
699744741378756608
699685435979640832
699678390182236160
699667104170057728
699657236323241985
699302767353950208
699258394629136385
699258363587112960
699257777349226496
699027952109883392
698627740329619456
698304832302518272
698268656690565121
697982859609387008
697982747730575360
697976087553318912
697854929847848960
697852224584552448
697806068341080064
697570931468730368
697541300132777988
697134517509820417
697131410826526721
696776876694462464
696760774211956737
696377827596185600
695641620339757057
695641605168975872
695527451745611776
695519523357614081
695340713509130240
695339835523862528
695066868126646272
695053744577196032
694956417745223680
694677545245999106
694612116909600768
694604520903454721
694345134511525890
693856317866250241
693216765547933696
692430660753977344
692404239755284482
692404233073618945
692383774273884168
692189027789860868
692131481825759238
692056506171158528
692031101280264192
691799362964447236
691791619566235648
691774946343833600
691774019775905794
691773307675353088
691770195426304000
691768450147078144
691721526706466816
691694479074418688
691694453006831616
691685458305118208
691440801906176002
691432504885022720
691396561679441921
691372714389409792
691344322793381888
691336947617234945
690712637127045121
690700532323774464
689946416207233026
689942496369967104
689649954835460096
689638365507923969
688124033062154240
688110823516934145
687645592751742978
687497171004817409
687466950813876224
685989593879949312
685934423280189440
685266084283326464
685260345078722560
683705963417763840
677214514836713472
677173294445924352
677171975203123200
675517688752435200
674045753606574082
672279177869942785
672249021436530689
672243709375733760
671507425862680576
671474941619912705
670997750356434948
670997362735579136
668905461517684736
667845907623182336
662425578650230784
656942156821565440
655035831699111937
653273125430366208
652972138278858752
652873989241630720
652868132126658560
652553758279356417
652223846666371072
652187173001674752
647896110648836097
647877667090395136
647871734004101120
647871086428729344
647871042078183424
646382660525228033
644922830593781761
642193262204297216
641340077604343808
639518715977990144
639197056314138625
639138629252710400
639138330546798592
638777368224641024
637377338112475137
634522379096576000
634012507628154880
632289730453897217
626189875772039168
625366504020664320
623922807559208960
622144859684483072
621493682873589761
621408795470594048
620759081607782400
620720344681201665
620430009392431108
620287535839756288
620145821846114304
620002800529858560
619990339328151552
619990004991811584
619983627930079233
619974641382076416
619971296927965184
619958292350013440
619957920671731712
619947332973375488
619947046057848832
619947036926832644
619947024268398592
619946929892429824
619946852855582720
619946836539740161
619922139408306176
619774730585817089
619772238724624384
619772171917721601
619769798310756352
619765659052838912
619614264274214912
619604814314340352
619604475058073600
619598194566000640
619581374429671424
619577968545787904
619542988532781056
619386830882930688
619344030325813248
619333732177055744
619260103410081792
619257045540155392
619254927525675008
616627909080420352
616627899093794816
616323288940150784
591353509385146369
590924159166742528
590661652296691712
590628939204272129
590628494167642116
590351188345794560
590349145023483904
