864928296420515840
815422314279882752
814922894257967104
814531489874341889
813051696985165824
812368135516921857
811996764265844736
811646006907371520
811266371556376577
810911428672684032
810548265649340420
810220285362405377
809825081505349632
809495450080321536
809442915038556161
809118872758468608
808868672236195840
808866518305906688
808778526417555456
808748334932377600
808718155128311808
808404724659601408
808006523360161792
807631265532821504
807327227335491584
807272474261848064
806921311125544960
806558815629897728
806196464233758720
805912806570672128
805819037670199296
805471759877095424
804744275506233345
804381414552571904
804378732395794432
804026711876603904
803749839989133312
803687475730186240
803657081832153088
803306712966959107
801817690666958849
801536429817896960
801139619815243776
800768375395729409
800395528575954944
799324496813428737
798221840875331584
797144775921049600
796493257064652801
795695778266087424
794585012360253442
791337698254479361
789538338441093120
770308687671857152
770303667006152704
770303443604901889
770060662571753472
770060150585655298
770059815146000384
770049133189144576
770049086573641729
770049041291939841
770048976515133440
768206085647835136
768184800448483328
768172905041502209
768163134125305856
768153594721890304
768146609318354944
768142570153140224
768139684136513536
768129460101079040
768125632966369280
768064699367886848
767906667799285760
767898271721267200
767813266982576128
767768398352658432
767531726084071424
767531442456793088
767515647618093056
767511189156802560
767507127191482368
767501780510920704
767496845610233856
767492330618093568
767486655850696704
767481854219853825
767427559730454530
767421783112765440
767421760366968832
767421170891169792
767418372619247621
767406914535759872
767398499428118528
767390201421238272
767179713278152704
767179600128389120
767171575351119872
767171497987223552
767152201408012288
767149596971638784
767141764360568832
767126792280821760
767119072228106240
767115470453432320
767108888160116736
767090179924369409
767089987196039168
767088728602873856
767084139627491328
767077006928338944
767072966681071616
767070103640739840
767066732292739074
767062486818234369
767061636909674497
767056402325970944
767051637659541504
767047061950738432
767039365864239104
767036564597727232
767033397243891712
766805819329359873
766777565629419520
766776180309499904
766768699306934273
766764432726732800
766736347390509060
766726231261908992
766705818838437888
766696465146097664
766695387365335040
766649735377657856
766645682379759617
766420188661112832
766419956900634625
766419929792864256
766331947794571264
766329625395855360
765961271191613440
765800373755998209
765798274863366144
765796650401103874
765750450066817025
765749682194690053
765746973085405184
765746867556626433
765746415322669056
765736133959512064
765734591164403713
765730722552356864
765730450639683585
765727902956556289
765725112792297472
765697793704853504
765675998318698496
765674127692673024
765620938863849472
765581028714946560
765580323463700481
765331709495607296
765331632421167104
764861680941531137
764548626911596544
764536378780549121
764523011278049280
764486665641431040
764486191601192962
764227429447589888
763948292778536960
763947535731871745
763916811272228864
763834756597297152
763834730143887361
763834613441503232
763834550287937537
763833734298611712
763591827798712320
763589976671985665
763586334632058881
763585133567889408
763532442661629952
763529054834176000
763495082733428736
763405138350354432
763233790667829248
763230672081129472
763211781074407428
763210577837568000
763139083593850882
763134154372288512
763027243207577600
762795241590050816
762774076586758144
762748254207422464
762717281973444608
762684141628301313
762684075358289920
762672972435894272
762415927413452803
762356698904264704
762356355038531584
762036133937065984
762016857335312384
761751229059825664
761711981359276032
761711760948604928
761663599806820353
761649633391104000
761649586700034048
761623959150268416
761618245245767680
761617198880141312
761617131964289027
761428614277509120
761428477203537920
761428349541416960
761405400197451776
761331290754813953
761244014397972480
761224651385163776
761007475499806720
761006301870563328
760870555838885888
760822121518030848
760822042748944384
760596253012922368
760594539690070016
760557038539837440
760556725778907136
760556627489546240
760550835373748224
760499960081113088
760196656868433920
760163330786856960
759957298252877832
759501056455749632
759092255978196992
759091919674744832
758724806602690561
758483785537032193
758468548880498688
758367772116037634
758367624736612352
758020981004771328
757702908011958272
757702879108997120
757628373640163329
757627175688294400
757606226578419712
757275430709624833
757274204479770624
756947642135945216
756947419175133185
756564309858222081
756519898369503234
756494684436955136
756317031981387777
756248750260039686
755819903043502080
755433291801518080
755074563336048640
755060472554987520
755060064847736832
754835189994434560
753978931624103936
753456482742525952
753456456263872512
753343828627644416
753303126145249280
753218517525155842
753218083301449728
752981292753358848
752600096911396864
752561578759696384
752360496750264320
752298756398149632
752276265546059777
752271472425463813
752258908194893824
752215899856248833
752170633522327552
752013021669502976
751839368340398080
751836891784241152
751458975724376064
751458818668638208
751126068858220544
751095444076277760
750723572054695936
750714056965697537
749983281664266244
749642283222462464
748634999264468992
747872196010246144
746477504521601024
746477220709834752
746477134164615169
745655857451393027
745445243487559681
745445218736963584
743161884128337920
742506203201175553
742421401265573888
741479278605307904
741478924723441664
740226621928415232
739225700289253376
739221830150430720
736291710678880256
735261763252297729
735261564744261632
735261353590427648
735261253384294400
733340889142042624
729846093693902848
729393585947181057
728400519891279872
728400277653463040
728399998396731392
727610156616278016
726211751427997696
725503680124837888
724700328298344448
722499285690912768
722491601734356992
722491139186503680
722491067317092352
719710507867897856
711018559212617728
711017350934323200
711016870321590273
711016680277684224
710188499446722560
710171973230309376
710171869794537472
710133034029166592
709909950747705345
709904348654886912
709904310914514944
709891594896314368
709891488558112769
709891405892575232
709891386435248129
709888663866384384
