907953426117644288
812961085040914432
812727059113918465
811873934027026432
811242990765305857
811149157037588481
809840379071754240
808713097812869121
808712485964574720
808712474195349504
807173895686160384
807173640932491265
807173446023213056
806567646724554758
806567021781680128
805824761322491909
805086703576719360
803978273139126272
803262344306429953
802823196051435520
802823174052253696
802823024713945089
802446431315488768
802230831796232192
802230412496039936
802230163245305856
802229931740721152
802228922788233217
802228725525909504
802228594151981056
802228235471880192
802228060967800832
802227709296463872
802227702728167424
802227679692984320
802227366189813760
802227071426629636
802226882238418944
802226744744873984
802226683860385792
802226317311823872
802225754213928964
802225686522003456
802225540480585728
802225348905734144
802224963495358464
802224636847149056
802224164086149121
802223812188180480
802223724493557760
802223136179683328
802222982424854528
802222792590716928
802222513799524352
802222195095248896
802221469040254977
802221286101516288
802221044668960772
802220537686749184
802220484825858048
802220282152910849
802219778425364480
802219503107117056
802218859373727747
802218812393345026
802218607249858561
802218569471758336
802218227690512384
802217429866868736
802217336119955456
802217022180429824
802216440011096064
802215659857907712
802215413320941573
802215386309685250
802215304554311680
802214933656141825
802214190501007360
802213515142557697
802213194597068800
802213132995280898
802212933522649088
802212801716613121
802212471398395904
802211727106600961
802211121126117381
802211043653074944
802210969178902528
802210639267696640
802210085741219840
802210035300528128
802209663995486208
802209572354162688
802209199904194560
802208955019722752
802208771137294337
802208423823704065
802208291099213830
802207697756155904
802207577715130368
802207387444801540
802207351025598464
802206705128013824
802206292924309504
802206064200581122
802205866418143236
802205668950343681
802205383007883264
802205285259636740
802205234466525184
802205212823982080
802204830622224384
802204754785030144
802204462760820737
802204248641564672
802204126369214466
802203212023472128
802202964811272193
802202738994139141
802202619213127680
802200931752353792
802187644440629248
802157109165092864
801849756175728640
801813443795963908
801813417493491712
801813120771653633
801812595267272704
801478235859001344
801365375984275456
801365112112156672
801364934089179136
801364732712198144
801364504575700993
801110136458739713
801082255414325248
801078041040580608
801077962699341825
801077028351045633
801076944443998209
801074599257632768
801074129763827712
801073954769276928
801073882689961984
801073810141233156
801073774200295424
801073608693059584
801073434881126400
801073218668744704
801067255161298945
801043410383683584
800755551948963841
800747655789969408
800746288589348864
800746161900580864
800677045097201664
800674321316323329
800633647233695744
800285070498009089
799994397655863296
799930227929464834
799545205934342144
799308658702172160
799308527277895680
799213857721856000
799211417006010368
799183992004157440
798893072373415937
798883156476698624
798871965306126337
798095330847825920
797831399566807041
797378413405212673
797114181057069056
797007912665317376
795610223776043008
794947404114096128
794649172511256577
794554266140704771
793879766310981632
793146772482777089
792039987495698433
791690931644792832
791675223963754496
791589370599968768
790534693510864896
790145757416296448
789496468495368193
788718869435125760
787956704835149824
787578832664481792
775758119448305665
775740882637074433
775716793121898496
775715971197730816
775680508755714049
775620079270494208
775589876158693377
775384514394750976
774625309404651520
766590124801097728
765953248016596993
765564763107622916
765186031121555456
764042548310446080
763720365621338112
763720281605234688
763719747485700096
763719610076131328
763291195300798465
763291074324463617
763071572353613824
763071463989583876
763071003157233664
763020394735468544
763016280379158529
763015199217618944
762949586801532928
762226827288915969
761970474339356673
761970297574608896
761835806428434433
761619250977075204
761238661954428928
760877432693886976
760533083946975234
759713499660492800
759711741504696321
759711706280894464
759711577679376384
759462052532523008
759461839747051520
759328461253177345
759039819590742016
758725865698107392
758658996979044352
758574903259955200
758574852336914433
758574695679717376
758574655489904640
758574439122477056
758355047256326144
758000539376295936
757682219481694209
757682100527128576
757639867287371776
757587603856191489
757566136095473664
757184247132196864
757184023487737856
757183931003404289
757183615327363072
757182701858324480
756873130564608000
756873090169204736
756836547069153280
756836504303988736
756836455994056704
756836354009473024
756808163312164864
756808145763172356
756808119796326400
756808081615515648
756807905211518976
756807867798265857
756806705930010624
756806370926538754
756540015941980160
756535710384021504
756535679027478529
756495431622881280
756492463045509120
756492420313935873
756488277583167488
756478748430512129
756476752311029761
756472378381758464
756463034529349632
756423042243432448
756423000233222145
756422959380725760
756422898190000128
756418837801738240
756408877390979072
756407539365851136
756399768742555648
756204814439157760
756199374666039296
756199307993309184
756180465984401408
756168091411898368
756167736003293184
756167455463055361
756165304208752640
756152833314066432
756118573102292992
756107615994843136
756093033125388288
756092829873475585
756068300157779968
756062486470680577
756053122884243456
756053108061507585
755832339528228864
755759093424545792
755759064148242432
755756439248011264
755756388777857025
755756101082177537
755430417092739072
755147540463583234
755147521379409920
755026849013661697
754965865041461248
754949094431420416
754795503829778432
754795470980022272
754795397453910020
754795371986055168
754779579190042624
754779411275210753
754779163081539585
754757690384056320
754720436013891585
754714045543047169
754695852946489344
754695658939047936
754691076632539138
754689930635468800
754689607992770560
754688224086360064
754686835239124992
754686118658908160
754684037004832768
754683139222413312
754682868513828864
754682833902317568
754682317864656896
754682251305160704
754681695610241024
754680214421180416
754679426919567360
754679250892881920
754679120005566464
754679071070679040
754677975463841799
754677726552858624
754676973675417601
754676182092812288
754675963821252608
754675744236789764
754674103987138564
754672633866690562
754672503935660032
754671903793614848
754671626655064064
754670537377456129
754670145205862400
754669631693086720
754669145795559424
754668484844322816
754667147159334912
754665766155350017
754665728406585344
754665065580752896
754664437366263808
754664286581100544
754662884525895680
754661611009343489
754661015321776128
754660741714771968
754660151324504066
754657950246002688
754656516825833472
754654647646822400
754654451793797120
754654277889589248
754653964281450496
754649955512582145
754648405104795648
754647933765771264
754647873304797188
754646488551227392
754643404496183296
754628355320864768
754628268976930816
754382161768226816
754381950714990592
754298195765788672
754298164954398720
754298105701527554
754298049170644992
754276935551684608
754272227198177280
754271325284405248
754271295450275841
754271118048067584
754267249700118529
754262161703174144
754262140731682816
754262078161055744
754261847277043712
754257990103031808
754022747022458882
754013202762047488
753930926468526080
753907166952755200
753900360834682881
753668808057970689
753648053815508992
753647173099814912
753622631644065792
753612416345370624
753612405893128192
753224258080374784
753223952521125888
753203957569245184
752991893546557440
752968294483763200
752957914936123392
752957736829198336
752957594000654337
752957553605312512
752957315955978244
752925613380337664
752880755420856320
752876653576060928
752876566565257216
752817057729839104
752817011105857536
752816733610733568
752595904348229632
752595687192289280
752521215126884352
752227770978164737
752102404619919360
752102019058589696
751829453873946624
751803942217089024
751796770494177280
751796668329263104
751796620849799171
751796487143710721
751742651397988352
751742637070311425
751742489053331456
751738116566843392
751738060900032512
751738022354378752
751737985247354880
751737873741864960
751737844914413568
751404911355625472
751403434469982209
751372312885288960
751371912907853824
751362615927070721
751316645210157056
751117976070414336
751100785308475392
751089805442871296
751065125730254848
750792599783497728
750763058977447936
750753318067138560
750686008694497280
750685545584549889
750320331282341888
750289187845332992
750287751770091520
750256184473550848
750025165635977219
749179564031635457
749179375548002304
748610154376073217
748107638093791233
748083847900860416
748079869645455360
747870434343919617
747725811097047040
747426352685588480
746997727821766656
746997713225588738
746725411766304768
746709194762399744
746370049582084097
745674559043571713
745567121048997888
745387369285685248
745322933057363969
745170440440578049
744512414201352193
744128504640372736
744099419751088128
743833443230957569
743546078801371140
743545940913553408
743173293470015489
743113173973209089
743006086706438144
742713069990727681
741998064588722177
741327463129710592
741280164722671616
741280043905736704
740936586502758400
740609274158583809
740573493343981569
739855652948971521
739393525473775616
738767794666393600
738439475731308544
738417831952388096
738063446890184704
737294756468936704
737294726689361920
737294701032701952
736823283383947264
736822476861231104
735867739110248448
735426884163522560
734720686694883328
734413645967294464
733299888922984448
731898081655050241
731897728557518850
731896003616477186
731894256932143105
731894196269879296
731892994366967808
731892373844791298
731890430850273280
731890087093542912
731888564594692096
731888274474696705
731888002516041728
731887949944631300
731887864477319168
731886885602263044
731885630825828353
731884688449638401
731884509419933696
731883490371899393
731880587800285184
731879070078779392
731877175339651072
731875720557932545
731874467870298112
731874182464737281
731873853803249666
731873664321392644
731873630989193216
731873473409191937
731872538800865281
731778041114939392
731761454102118402
731575182867988480
731575153155559424
731508449582972928
731474027617918976
731459922739757056
731456613316501504
731456543619731457
731452081979166720
731450975127474176
731450052103839744
731407484817158144
731403150209515520
731070997063999489
730859962818285568
730460582097371137
729685129484869634
729272126952374272
728622613124263936
728298463759323141
728146105448337409
728146095696531456
727537784878206976
727531576960143361
727531516788617216
727530363443134464
727530331155386370
727528400202661888
724667054880612356
724149817639862272
723786621456400384
723786451532550146
723561705956073472
723555811490979844
723451329742540800
723201768327274496
723201729051815936
723159161140219905
723159072342593536
723120340449128450
722840628770410498
721027012563963904
720633699553951744
720556978188238848
718469939234021376
718034574857609216
718034538081947649
718034502216519680
717706732458287105
717396348656623617
717396315638996993
717396105156239360
717393368863604736
717366442937683968
717110842051981312
717064741525581824
717019398901526528
715862616699224065
714844626704867332
705704374954283008
705704325562155008
705704266388922368
705704224919834624
705699121542340608
705474583198109697
705466487734075392
705463534205935616
705404374147792896
705379280880951298
705367260811169792
705366845080133632
705363396640817152
704253741889884161
703250365249097728
700732683643584512
699693208369025025
697883699581480960
697835708321550337
694220791089618944
690626127723925504
690609813466824704
690603784477790208
690603581561507844
690504205371609089
690444588532830208
675359597398507521
675290666382073856
675285438685384705
675285324256444416
675282047917625345
674951196038295552
674926908350603264
674924662745407488
674857739944927232
674857696454164480
674709408186834944
674653034794864640
674642883400638468
674634844744364032
674633067793932289
674632288450269184
674631278256328704
674631242269241344
674630839611826176
674630010188242944
674629749080244224
674605146165215233
621717851414601728
598584888892256257
591684950291828736
589126572910780416
589125567653486592
589125424803897345
589125308806213632
588612366641729538
587879007791742976
587674593583886336
587674232567496704
587673740655386625
587660799012950017
587660726795427841
587660676686053376
574157893014020096
574156330371514368
574156172242059264
574156133407023104
574156072287670272
574156011755454464
550720192117243905
550675150765842432
550361396916273152
545284373378252801
545245537596112896
545210759517847553
544801984327733248
544541080658907136
543465384452845568
539717002009800705
504334602874658816
500042876987133952
499827550856949760
499824664949293056
499824541049573376
489001732199182336
489001402958905345
489001218740879360
489000901135593472
488999468734640129
488998753412861952
