599273051348336640
598155685218488321
597823504482840576
597461113345679360
597098727891804161
596736339178958848
596373958967988224
596011571286908930
595619002325475329
595286809577263104
591722065742299136
590969298861985792
590626883756240899
590235066095116288
588414621700136960
586590970512179200
585901363990810624
585563219474911232
585217279278710784
577892502793003008
562026618336837632
561966216731185152
561664256824057857
561603830954340353
561301855251472384
561241465637318656
560974643297673219
560939457587982336
560879068598784000
560516787776028673
560214708914257921
560154273947078656
559897609339699200
559882507936874496
559867397663125504
559852118941913088
559837207893397506
559822091160395776
559791933678440450
559489907555831809
559429584895352832
559127533887967233
559067131292418048
558840705414860802
558825530993418240
558795327688687616
558772718720802816
558765135502647299
558765125755105281
558432930725638144
558417859907702784
558402749147406337
558378352906870785
558342337185972228
558040344378761218
558022276659310593
557647775543091201
557607587777347585
557285369629392896
557255171055828992
557224782782287872
556938090082992129
556907932580052992
556877473921916928
556590817230737408
556589281896972288
556560598881021952
556530399195987968
556277271502524417
556269734526980096
556262154740178945
556254655542751232
556247060341854208
556243298437050369
556242913353412609
556242152389607425
556241062520713216
556235807078371329
556234677917192192
556225583571419136
556224449675268096
556216877970903040
556201796822401024
556198216266682368
556189415543148544
556188840738975746
556168027059015680
556165658028036096
556164210896277505
556160888051220480
556160056639504384
556130149054545920
556124366811852800
556122928253648897
555956633415987200
555941562396717056
555933976691736578
555926413636022273
555918873061773313
555911321645219840
555896241226145794
555881117035659265
555879662048387077
555869665142910979
555869647975632896
555867475565228035
555850936409939968
555835859489288193
555805422263599104
555775435477635072
555564027666251776
555548928238964736
555537868085399552
555533855063818240
555522255447289856
555518745494683648
555503636030439424
555488552356970498
555473435376484352
555469684254846976
555458349740072960
555450638705115136
555446250271559680
555443235506888704
555435648052514816
555428726625042432
555427362004037632
555413035469504512
555171448177061889
555156342181478400
555147555781488640
555141257001828352
555126193557475328
555111041592729600
555101329677221888
555080845544128512
555073308753137664
555058230549041152
555052411279007745
555050662036537344
555049884999770112
554809066460295168
554801504121798656
554793989338312704
554786407332712448
554778858424373248
554771616329388032
554770483766231040
554736528119701504
554712205526962177
554712185373335553
554690752131776512
554386271708401667
554356085172486144
554028960011403264
554023895502966784
553993713928916992
553731352651386881
553704029239644160
553652337873399808
553399527948832768
553397731440349184
553395257220423680
553394190529220609
553393137679204352
553390347242328064
553390328326004736
553390048364613632
553389110874746880
553388627976155136
553386838325350400
553379395856252930
553374647522443266
553373929432027136
553359524703502336
553346750359273472
553344408276725761
553339373333131265
553334343859716096
553329707005902848
553329303497498625
553027311759421442
552997143381049344
552988061148012544
552982018972459008
552975028904820738
552969505056366592
552664923952939009
552649825897177089
552634759265148928
552619643882729472
552604538587578368
552589446135439362
552574325568839680
552559174370856961
552323798176137217
552290528759656448
552249696614637568
552215667298934784
552189296527278081
552166667632275456
551781605547978752
551521143367405570
551453197903360005
551419247231254528
551166307656536066
551090831416127488
551053111478198272
550788832137084928
550732187486928896
550694448884367360
550381450550591488
550320724934922241
550305532167606276
550139534412099584
550067825365516289
550022514727194624
550004036456701954
549712982784348160
549652607091093504
549607309048283136
549446101888421888
549358156556820481
549275126135803904
548984971692900353
548955230931787776
548920311262216192
548882538115379202
548633358260244480
548588096649170945
548531980019986433
548516879825125376
547893487489011714
547833088060190720
547591506845249536
547561320296742913
547546200317386753
547531096574136320
547516018382618624
547500926265995266
547478010824507392
547168716249923585
547108332054802435
546821419993427968
546791221214330881
546715735066963969
546443933421932544
546413793509920768
546406807548071936
546139278808326144
546135408229511168
546132882956488705
546130404496125952
546127901956255744
546125343187537920
546122909673324544
546120314254794752
546117794920935424
546114969075347457
546088192969961473
546081550602084352
546051354222137344
546028669257261056
545764456786321408
545749353961648128
545734303662219265
545386969262723072
545371912894169088
545356769128886273
545341704854065152
545323897940238336
545275341879529472
545058306356957184
545054526810906624
545051277353172994
545036492381249536
544942376712933376
544888709129437184
544692438624120833
544662213370601472
544655034663723008
544648044038201344
544631991732551680
544610201450455040
544269604751941632
544194145032863744
544179020481712128
543877132028768256
543846877821931520
543817133839634432
543816650324447233
543801538314252289
543605270111604738
543590142905421824
543575033105629184
543563746023460864
543548433907212288
543541752427077635
543437674137534466
543200035135975424
543127888204005376
542447492952907776
542405981670359042
542119363617103872
542000858708185088
539951148715622400
539920950913798144
539902530369511424
539889460687937537
539618961844076544
539588800956334080
539558564344627200
539530380399763456
539528394426572800
539498202291257344
539452867858669568
539108714221817857
538471399296606208
538441201444487168
538411017089589249
538395900599894016
538365726999183361
538078815944466433
538048627231711233
538014517867737089
537762756762419201
537651578602131456
537641012492263427
537444635111849984
537414448836001792
537384271368175617
537354036937519104
537278538010095616
537052056859967490
536959229987287041
536930090987159552
536602140664287232
536601671657209856
536599141984788481
536568914688634880
536553774228455424
536327294978387968
536297158765727745
536266903690702848
536206483365830656
536191406357114880
535995084794499072
535979987510521856
535968489379336192
535968057538408449
535624712072597504
535608918194405376
535269580759764992
535258703474487296
527149214896111616
515622633493131264
515174505119891456
514971463644762112
