701829290904539136
699647462709940224
695429595214970885
691686894778785792
690585386981072898
689888870096207875
689510258968911872
688077391189512192
687326655593881600
686966868121227264
686699731829927937
686620349228662784
686262858695364608
685933010764435456
685532450974375936
685186348538441728
684916558724874242
684835818720997376
684467543419924480
684062728302923777
679727501195649024
679018015669641216
677982782350491648
677555928447631360
677186399326437376
676823051980312576
676538335267971072
676450601538990081
675351000283136000
675097413472796672
674641898900881408
674634207189069824
674263918814990337
673904790187868160
672826254106603522
672548038326390784
672420789409288192
671858264573800448
671838237220999170
669189988840411136
667577493621071872
667523579156652034
667384958088941568
666878946407919616
666878891852591105
663176660095635456
663176619444473856
662233143638777856
652280140689313792
649698872114069505
649676881189408768
649008275577409537
648665179601788928
648665161457274881
648569676734181376
648569659399139328
648569635411918848
648202373517578241
647823797391781888
647564598434856960
647496548901761024
647496529209462784
647496512394498049
647461201312673792
647206909913595905
647194045555433472
647189190120046592
647189162618064896
647142447315681280
647142411160780800
647122332968857600
646809626109874176
646556509216727040
646542024758325250
646514327399170049
646507447272607744
646500912261808128
646498787830067200
646421991264813057
646391995460657152
646163671094267905
646163533374296064
646163472342867969
646130785854951424
646130611720097792
646094956407291904
646003575567462400
645736378588729344
645673961712300032
645649326773932037
645444167246581760
645443673425997824
645411774238322688
645299793678307328
645298718342668288
645109714926219264
645063297880862720
645037511417315329
645014606394494976
644980486746411008
644924292132548610
644919296154447873
644918930516021248
644879687840206849
644878180759678976
644730896566775808
644728571584364544
644727808195850240
644727787173974016
644727573918842880
644653526887501824
644616649707008000
644566004232683521
644556041699528705
644532684954300417
644527757985124355
644519787121389569
644367636093005824
644349636501569536
644316288072810496
644311895025909761
644290334143283200
644278170137395200
644273498228027393
644253982022463488
644253521529835520
644209564452171776
644165193820299264
644156725709291520
644155561395679232
644155533247647744
644002510177304576
643990483031621632
643981422051524608
643842279103328256
643811631407886336
643601527056285696
643597793219768320
643596851745189889
643596464573157376
643594807949004800
643587700306526208
643580980608024576
643578210005946368
643561445053960192
643529778440617989
643525304779190272
643520810121064448
643514652266233857
643508429760409600
643494998508478465
643468434135617536
643466837938704388
643466071211642880
643463260633632769
643462281997619200
643456441328750592
643455416819687425
643451372239646721
643256514614980608
643243440852074496
643177170509021185
643154536815808514
643142069842759680
643050262265991169
642862584220270592
642862267848069120
642859832119328768
642755214567567360
642526490668761089
642526310619840512
642448178835361793
642432680831905796
642373707642474496
642335313650679808
642193856348450816
642141694083727360
642133001330159616
642130518503460864
642050686583083008
641974054560272384
641837151458426880
641780973055533057
641659946749169664
641423383347920896
641371847393603585
641327560291389441
641291888784371713
641010901789773825
640923355051196416
640711814863425536
640680574529617920
640644220785586176
640641015641042945
640547538404114436
640540254680694784
640362294329786368
640227454762643456
640217378681327620
639934100346834945
639917439099113472
639911112268365824
639875694030286848
639871423662551044
639842133969514496
639823883718164480
639823597121335297
639822234136113152
639822223025438720
639822196915892224
639819946927587328
639818444095942656
639581522933100544
639519054714109952
639229762364293120
639200029199089664
639128691499364353
638849333882847232
638785070564773888
638784455931469824
638761578314117121
638755146151784448
638472812701724672
638135565351698432
637333284066693120
637049977965948928
636946234444398592
636694597666648064
636660064552529920
636297328274505728
635947314729762816
634781817233666049
634509866153963520
634105088286437376
633770382135197697
633351910548881412
632629430863556608
632598638070337536
632234960741466112
631882784659804160
631842704708661248
631508836898095104
631270646547222528
631193498268467201
630869041851203585
629336748904951808
626791619530862592
626787464670154757
626780609914875909
626484795933982720
626428346549678080
618553923712888832
612027227161505792
608680101174059008
607975365907091456
601916307139792896
601827997897764865
597843158848778240
593934580320587778
592720955757105152
591327013849276418
591326606607589376
591326530367725569
591319987081510913
591319873176801280
591306115339702273
591299502058950658
