704147915053277185
703263284045225984
700807452841750528
700007581025116160
699326802108350464
698206653712244736
697463037796749312
696747334869233665
695675017401511936
695299786690310144
695009899655225346
694976896979857408
694932803083833344
694574978130284545
694203620724596737
693539204341571586
693215713373265920
693197814050893824
693116469417103363
692817359942193152
692759904025612288
692412148618780672
692378585835921408
692050979605204992
691712190638919681
691666858798387200
690679936047165440
689930423531601923
689854948675313664
689505057310511104
689130143923703808
688070831365226496
686968681595715584
686967809742516224
686959021371211777
686955822140796929
686593444563828737
685546841073582081
685221699889971202
685158987801718784
677919074697916416
674958479363325953
674681964297740288
666684357701054464
663093232994119680
663092826981314560
663092723088388096
662670502184382464
662667138323251200
662357850556080128
662357773137612800
662357458262884356
661974885753753601
661593653387874304
661593489088581636
660144802143469568
659823337485430784
659600465806495744
659600286030270464
659598899770847232
659488073504305152
659424360743108609
659070477046968320
659070216001863680
658760647065235456
658740609512001536
658404396007452673
658403948932366336
658403806011482112
658403381086543872
658050877903663104
658050574990970880
658050516723695616
657995230180868096
657983556459696128
657983375735570432
657983261130387457
657982219336548352
657653886040150016
657601517260685312
657296233904611332
657295904425275392
657295084333965312
657286767486324741
656944167470387200
656222505804439552
656222238765658112
655941377734262784
655849235653353472
655848962981662720
655848911580459008
655848672916205568
655767256278765568
655515914650021888
655515873910743040
655496613880709120
655467840984645632
655467831341936640
655464718715392000
655461029342646272
655417018301059072
655410692372074497
655362881890811904
655362530374586369
655362323029168129
655362199989301248
655182912325730304
655175338104868864
655175293255053312
655175226746015744
655143336265674752
655142978822930432
655119496605110272
655119263691206656
655105681704402944
655103523927912448
655100532508356608
655089848773050368
655089148072628224
655071282011045888
655044775943405568
654901374820352000
654888077484122112
654885203849015296
654885173528399872
654878927748337664
654824192664207360
654793620977881088
654774117955076096
654763701472399362
654750858094112768
654716518349967361
654626959708655616
654597639317532672
654471958432608256
654412126845464576
654394280027521024
654365320157618176
654115107027312641
654113321621131264
654110457792348160
654108578404417536
654104026775097344
654103685153226752
654089603469717504
654087838334631937
654087688962875392
654087197096837120
654079538079600640
653992946019074048
653987076405362688
653724116298534912
653716011699433472
653691299531362304
653691174469763072
653661745743945728
653299083172409344
653256996011950080
653122455309979648
652951792649564160
652876317281554432
652596782564683776
652550864784109568
652524967037435904
652341577981923328
652310609841799173
652310372746153984
652310163731255296
652309662365294592
652309603636617216
652309408853196800
652309086512521217
652308754629791744
652308222162960384
652307238363787264
652306994896994306
652306650737561600
652304209010802688
652303834916651008
652302144427524096
652301284020756480
652300512021233665
652289783696355329
652161555748950016
651989124916707328
651986260555264000
651874064567414788
651519541625798657
651463092207902720
651444478415343616
651444391291318272
651437649132175360
651187104412602368
651070310070878209
650860989756215296
650370824092839936
650076330667700224
650018575478992896
649663758768300032
649629276023590912
649272070891810818
648989674346688513
648902599270240256
648616009499152384
648615970580262912
648584127554306048
648582795191713792
648581412363223040
648580623515258882
648579741134422016
648578475083763712
648577853747912704
648577260853694464
648576480243400704
648575671250259970
648574343648165888
648573431512854528
648572302381047809
648571561230794752
648569136784609280
648567788907294720
648564690855964672
648535476077355008
648533947018813440
648353413059604480
648250765476163585
648199415660834816
648198101484728320
648197217942044672
648148841527508992
647885875871748096
647885796754632705
647872770471165952
647556414009835520
647524933891833856
647458684134490113
647189801213362176
647121275245039616
646799515907833856
646743276762984448
646477314180710400
646360093982724096
646099664652005376
646019266345574400
646019112003616769
644984179734786048
644912689836261376
644661542672289792
644584287082291200
644333636385247232
644225817971560448
642018955519922176
641407944546881536
638787030374318080
637313178884378625
636941593656688640
636232092712472576
631540317850734592
631538641114771456
629472293106814976
629467354917793792
629464208413818880
607768741753937920
607314098913566720
607260729473798144
606936567676936192
606905279247089664
606901069424173056
606855823432613890
606536785997512704
