738420582539218944
705927859773157377
704498015059324928
704497981072932864
704407264170516481
703391859750604800
702217848102457345
700448586362941440
699702363238592512
699035693176254464
698311139986432000
697672686109986816
697530658109964289
697148553886572545
696795709761155072
696795233757999104
695766678387494912
695351865089757184
695009471903367168
695008965265113089
694631510461267972
694346063931551744
694345591942311936
694304276064108544
694276749387919360
694276705091874816
694273984993447936
693234773448327168
693119426057469952
692874689878691840
692873260032110592
692830082168164352
692462221696311297
692126158494785536
692105220743155712
692088339600580608
692087922292461568
692087317696110594
692087156320305152
692078408495468546
691858622784094208
691786590813851648
690688024636723200
690270517727739909
689927582930759680
689927542694752256
689890216933482500
689600809143787521
689524029917655040
688143756168531972
687749895688695809
687402603207110660
686646682008813572
686624330680242176
685638439409156098
685602002840195072
685193178740305920
684850772010512384
684530379060043776
682699188916891648
681950699081592832
681608198638419970
681555400915812353
680901226918182912
680469376592687104
679814145815015425
679096610731728898
679042232931000324
677941588266524672
676860410209935360
667073812169678848
666726457008373761
666450237951635456
665303707332972545
665225291594207232
664986122364276737
664956889743003648
664609879265583106
664560361392095232
664270758055534593
664220029324410881
663910433582026752
663910258989928449
663910222382043136
663865767650136064
663834162005168128
663825432618254336
662791325876535297
662733154977845249
662410355642146816
662391723331465216
662020805392338944
661660970473787392
661660541522305024
661660444424204288
661659888414658560
661634921144782848
661589143147810816
661273017616482305
661271419737628672
661255880017469440
661255828612124672
661255777793937408
661255351216435200
661255063738781696
661254638012788736
661254117889675264
661254007155875840
661226296437903360
661051296871395328
660868284082880512
660868121398411264
660867263713513473
660865376054472705
660865116796153856
660864854081691648
660558789100175360
660558598812991488
660540413787303936
660487582959034368
660246893876789248
660195705458290688
660190757672775680
660190020829970432
660174602149097472
660174237626294272
660173973812998144
660173857970520064
660166748566478848
660160471006187520
660160053538779136
660159947221544960
660159301273522176
660159227726446592
660159194016821248
660159129084825600
660159083723395072
660159037867081728
660158484067958784
660148802871889920
660124266013130752
659893917676998656
659888277608992768
659874914481127425
659837326324064256
659818944807628800
659818852998471680
659806917905154048
659804753249984512
659781460241485824
659764091293052929
659759111580463104
659758718423203840
659541203055054849
659508018992648192
659507673222680577
659466785956102145
659466687587024896
659466668817543168
659459794223411200
659452328454426624
659443645569851392
659411933221666816
659406060550123520
659405250042789888
659402173638283265
659376460491173888
659102941173981184
659084390358650880
659069985499648000
659062817853542400
659054094540124160
659036650995998720
658904525068111873
658904470324031488
658801487548551169
658792747491418112
658792716193521664
658792594013421568
658788908084293632
658765320182566913
658756439960219648
658733981785919488
658675400965361664
658314747935240192
657949575194374144
657695533469794304
657685455018860545
657680938445373440
657664243462901760
657661358729596928
657649697230860288
657640189456584704
657632449652850688
657599787617783808
657599762653298688
657587497069707264
657585384449163264
657570314860167169
657555362606743552
657555260286697472
657555111883894784
657555094452371456
657554750641057792
657554040327278592
657553609756798978
657553078367875073
657552087287398400
657551536067735552
657551525288411136
657550714898550784
657550395732967424
657550311003787264
657542646424993792
657542070542798848
657540816618024960
657367420777041920
657364706760331265
657325347994636288
657306794537037824
657290802062712832
657277308621840384
657257080647122945
657257063391694848
657256971318366208
657256931426353152
657254789517025280
657225039855534080
656999532559896576
656916979563954176
656915183462297600
656914977706651651
656914410389114881
656907748093726720
656863575684747264
656633542537928704
656633066765418496
656629128393658369
656626318625234944
656623175757774849
656621883056480256
656620034098266113
656618862851452928
656617178913882113
656615401363603456
656610145909084160
656607073107509248
656563538635464708
656560803919720448
656545205785526272
656537220082368512
656508609539403776
656500101238525952
656475482607583233
656296034302189568
656272720464752641
656193281840148480
656189043571425280
656188048678367232
656186907269828608
656152523133194241
656152112305274880
656137706867568640
655951715259146240
655941563843932160
655941126378000384
655938987798888452
655938759943319552
655938456598659072
655935814099034112
655935462423457793
655934669523849216
655918863729623040
655917950776446976
655917476136382464
655915626804830208
655911574683545600
655911544341946368
655820661982494720
655792358710054912
655792103125970944
655786614921125888
655458258283421696
655413216495841285
655171575579152385
655160361788706816
655160340129312768
655160305803137030
655159058245120000
655100365407326212
655064851132215296
655064778616934400
655064723088535552
655061719413211136
655050751706710020
654809222513758208
654745641864687617
654733276263743488
654688765655453696
654660064125386752
654472609094995968
654455259474079744
654424174576832512
654422083582062592
654377149969793024
654326070410215424
654080990915072001
654069496060121088
654032862723878912
654024580823019520
654008545239691264
653963748596518912
653701138936496128
653648000397344769
653641495803731968
653601394507669505
653580233946173441
653397776483553281
653241756511698944
652922259011563522
652876218962804736
652618772465844224
652585208479354880
652558822729363456
652514464701394944
652514066452185088
652351386072420352
652222350457470977
652216277994352640
652199152906977280
652151004926898176
651864748007530496
651854448503881728
651850264048046080
651847690263896064
651834496317190144
651789120537100289
651786218926010368
651507013885816832
651472130220027904
651453138864500736
651451399750811648
651440693055885312
651426004250984448
651154986278084608
651126481872011264
651126409994240005
651115579877625856
651109668912107520
651064024604348416
651062322165714945
651059231525761025
650796087343640576
650795774578561024
650795366565085184
650708742107885568
650701971796561920
650399969325674496
650384847312023552
650342495428018177
650079535988248576
650076851684007936
650022442346254336
650018078231625728
650018027577065472
650017948661235712
649977416371142656
649705405065486336
649678948167581697
649660843009835008
649645917818097664
649623155103760384
649617673408544768
649370375189479424
649347402659336192
649335629180858368
649302135692095488
649298279906177024
649291432881221632
649252377728413697
649240304659251201
649238854960943104
649238318048145410
649089719700099072
649088480526503937
649087239415181312
649086882152771584
649083328667123712
649082237258825728
649077206086356992
648919946907398144
648893152833597441
648893117605670912
648889289049112577
648761110489731072
648757408534171648
648757291689181184
648656124367925248
648609684983668736
648608610851778560
648608422925996032
648608340315009025
648608304449490944
648608281770856448
648575709988843520
648574813909291009
648528220271173632
648527646180007940
648252645954580480
648211127147491328
648165182544330752
647850735875436545
647824490177564673
647802898928144384
647515931577417728
647513979351265280
647500223665717248
647488055390048256
647440039962476546
647124635536855040
647123837671215104
647078847855222784
646763582189928448
646752178573410304
646726154884222976
646701424085090304
646548674726653952
646526309489729536
646514454243315712
646509044081950720
646442892618174464
646405131622154240
646353939399471104
646028806306709504
645995864096268288
645631211088408577
645269948399403008
644974412807016448
644964940915306498
644913584749744128
644663791079133184
644267419054112768
644229285511753728
643908380822601728
643531696630054912
643508273493184512
643458230945890306
642430216929804288
642107386589671424
641742428706213888
641709669589737472
641350606230155264
641345612005269504
641313059890401280
641312440198819841
641005912757432320
639891246102745088
639496372438216704
639156764546461696
638766479417044992
637348724037955584
636977603430105089
636260605746286592
635895068436533248
634772502196133888
634152879255891969
634048796981223424
633319432601776128
632236056125898752
631970869707862016
631961199194734592
631960868402540544
631934477665595393
631881900961886208
631862410433814529
631861693333663745
631549853886078977
630864538997362688
630864521754640384
629722980939993088
