614512232467034112
614492048972840964
614216331718627328
614216135676837890
613786176722329601
613428662491156480
613423187829755904
613119348475981824
613117187675418624
613117159896563712
613117112769359872
613117074861219840
613117046897819648
613035507006574593
612651298823876608
612288828829646852
611970805778415616
611964745726324736
611592804578390016
611592780054269952
611592750513848320
611586130497015810
611586053099487232
611229613012811776
611229443722362880
610858821980934144
610858746751885312
610858219796365312
610543891461214208
609413717042696192
609060123412004864
609044011446210560
608744056865210369
608743891240558592
608695326115942401
608330265254068224
607966482354466816
607966235200880640
606864231263133698
606525479521263616
606167206813040640
605787370017845248
605425369588457472
604339328215457793
603979111942397952
603624883029995520
603248610625499137
601438925127692288
601134090520166400
600777401564409856
600411894713745408
598978196160163840
598922781800009728
588500783240327168
579749447766151169
579388296628871168
579327003045851136
578994469107679232
578965428141080576
578955443235491841
578662441833349120
578354666288742401
578285075030102016
578236022934372352
577996105226575872
577995883591151618
577901295467683840
577874643509506049
577637840881766400
577637052973383680
577547865922228224
577546357570973696
577288849757462528
577242946761859072
577182571664031744
577156414797398016
577156347449499648
576862975132200960
576857940272893953
576827781327147008
576797466361643009
576770218535612416
576769420787318785
576768307690409985
576518402979676160
576490453064794112
576457921753567232
576415536747167744
576182531235532800
576110315059814400
576081942824681472
576079453664641024
575763183039709184
575744213230297088
575702979115753473
575697984811307008
575460723871981569
575460468187226113
575432798275702784
575410940008517632
575370979892858880
575340549781106689
575068616841789440
575050515194630144
575047280635420672
575039000190189568
575008911276646400
575004916667842561
574985920258117633
574985869330939905
574985340647309312
574977199608061953
574976388576460800
574976172209078272
574976019892957185
574956209792532481
574718854552764419
574698740604231680
574692738299531264
574653165884170240
574646044446695424
574637716228329472
574622343781179392
574619842835189762
574619498134642688
574619445093666818
574433239202316288
574423012474228736
574422670340583425
574420164034220032
574416160701050881
574405508326551552
574401028696596480
574400014031552513
574397294625210368
574396874217537537
574383122948599808
574382903552950272
574374379309522944
574368834515169280
574358957487058944
574351759360970752
574343798827913216
574339721096077312
574338236488683521
574319498494259200
574313386856460288
574311109265465344
574307515569065984
574305206952849408
574297646782750721
574296710924537856
574288336744902656
574280884557213696
574280632718643200
574280281814761472
574275619510341632
574268518197108737
574266628260503553
574261898725564416
574256981818527744
574249224792973312
574132198002941953
574113089907335168
574070768469962752
574063243179724800
574056854441033728
574055215705493504
574050507142131713
574048743873515520
574047422013399040
574043014462636032
574041497839890432
574028517249150977
574026892883292160
574025517751533569
574023587494916097
574022649027809280
574019684867014656
574011880777216000
574007944896970754
574001097397772288
573992000678064130
573991540676239360
573990576791556098
573983386844422144
573972672691990529
573971016558362624
573968728565510144
573968328630345728
573967732082790400
573954492766515200
573953327039315968
573949516224720896
573948419233988608
573942247139336192
573942072169881600
573937544921923584
573921437192351744
573919376891498496
573917727418527745
573914582315458560
573900681905487872
573899113420353536
573886419602702336
573871448852320256
573855767666802688
573708363655176192
573698418972999680
573692618586112000
573692090992975872
573690832353558528
573689506680954881
573688751257468928
573687030816735232
573686987128979456
573685413707145216
573685036249120768
573683396913807360
573683228822765569
573682641142153217
573681508181000192
573680831878721537
573680564710014976
573678935633960962
573678405209579520
573677236613681152
573675757441937409
573673462633472003
573673157460029440
573671331582976000
573671257620758528
573670628559052800
573669936171782144
573669311920881664
573668554014351361
573667672887533569
573667106463612928
573666429473435648
573666350310289408
573664863295164416
573664765102419968
573664702192041985
573662374143606784
573660043272417280
573659539880460288
573658658933964800
573655334637694978
573651808230445057
573648832195600385
573646964937482242
573646742035419136
573643908913102849
573642255485042688
573639233254133761
573632673450717185
573627622766211076
573623508800008192
573623317661380608
573618225549864960
573604285000380419
573602647619543040
573600378861789185
573588866231222272
573584385523478528
573559278310551552
573553221081268224
573553141301407744
573549374581551105
573548778394755072
573548431966343168
573548209101926400
573547884479660032
573547726392131585
573547313534205952
573547032335491072
573546625781534722
573546436522020864
573546229767929856
573545981536563201
573545816511672321
573545546260082688
573545339824771072
573545014992715776
573544689485246464
573544153369477120
573543918601531392
573543781418594305
573543591034781696
573543562958110720
573536922808643584
573536864788963329
573532455191314432
573532355043831808
573515838323621889
573503089501683712
573365127979745280
573345985419735040
573341753790615552
573340107484360704
573332257072537600
573332027283402752
573328763305504769
573327124079222784
573324939840901121
573323239876890627
573319840259293184
573318580831457281
573318013333704705
573317244224217088
573316677561151489
573316174374551552
573310286192635904
573309719361789952
573307703705145344
573307074253348864
573306317147906049
573303735172145153
573301808556187648
573300390160044032
573299611189706752
573299593682804737
573295613607071745
573292967332605952
573291771318423553
573288244487577600
573286037872611328
573285848952778752
573277015798886401
573272083448381440
573270450597330944
573269629667299329
573266415685402625
573265982174707712
573264767739011073
573263211849510912
573261952388083712
573253757024260096
573252533889728512
573251849655984128
573251362554818561
573250668590444544
573250104712421377
573249975817256961
573249073538605056
573248942462222336
573247809526366209
573246169549303809
573242453282717696
573240995430699010
573236766204796929
573226827705024512
573209774956810240
573208982640185344
573208724677926912
573206536769519616
573204881932070912
573203765844557824
573200706519240704
573198038103007233
573197334307217408
573196910166601729
573196014359715840
573194168794652673
573188252171145216
573182965204819970
573182654935220225
573179895804633088
573169014697902080
573148559945670656
573144005539721216
573000640202321920
572999255406739456
572983607851151360
572978870888087553
572965979707314176
572964749157257216
572959920800317440
572956046186188800
572955296286580736
572953336695132161
572952643427049472
572951718180356096
572951269179957249
572950954582007809
572950346898653185
572947621544902656
572947432255983617
572942091837296641
572936682972033024
572935435686694912
572931002118635520
572926967860862976
572926425029726209
572924023140704256
572922764023205888
572919701338267648
572916861500858368
572916798032646144
572914711219597314
572910511811141633
572910142301184000
572906571602268161
572905422174212098
572902623784914944
572902047420313601
572901865895141376
572901424163659776
572901259805507584
572899913446625281
572898715125604352
572897640930779136
572897136456687616
572896962996928512
572896746575040512
572895643858956288
572894998892584960
572894996497485824
572890041921503232
572888492394467328
572886785627443202
572885399858753536
572885022258167808
572883637588262913
572881621432475650
572878536253435904
572876263964086274
572874624318353410
572863991233445888
572860303353905154
572844958392008704
572834587811942400
572829912240943105
572811139421061120
572810254708158464
572808889911123968
572803869127753728
572621171033812992
572618049829908480
572613605075623936
572602299274694656
572599231539744769
572597595228536833
572596083269996546
572595013269504000
572590988717379585
572586880111382529
572583416627138560
572582535512891392
572578645845258240
572578480950415361
572573435727097856
572572239662587904
572570120377126913
572566150338486274
572563441531162625
572562696299798528
572561174983811072
572559575406288899
572553951901564928
572552692628766720
572550237799239680
572549356500488193
572547040988823554
572541568810401793
572539742383955968
572534968230014976
572532334987239425
572530000932573184
572529371552096256
572526536953356288
572526096522084352
572524018714210304
572522507598753792
572520501626736642
572512347899756544
572511970303320064
572511025595080705
572510001362812928
572509706863824896
572509560189136897
572508362983788546
572507291896963072
572498505584918528
572479665534861312
572471967636316160
572458357249867776
572457885734600704
572449778799263744
572258798213177344
572252874278875137
572247730858434560
572239915469148160
572239600762138624
572239221836132352
572238305057751040
572236477402353665
572234963367669760
572232883315875840
572230740655656960
572227478082727936
572226596339355648
572225022535847939
572223700239560704
572223511428771840
572220891741986816
572220385443373056
572219125617049600
572218747349549056
572218306721161216
572216228837781504
572214304243646464
572211468537597953
572211370470465536
572210461191618561
572207021610672129
572205573124567040
572201984654217216
572201355101773825
572199944876101632
572199685290524672
572199378405986305
572197551677550592
572191096895373314
572190404352872448
572188262082715648
572187506994745345
572182058019233792
572181009518764033
572179561716293632
572169593785061377
572168617527283713
572168239586906112
572160672710189057
572132941960093696
572118300987146240
572086673120595968
572082020496633856
572075229280911360
572071427492298752
572068972302114816
572065353963995137
572064692295712771
572064386698899457
572063678293512192
571894133524180992
571881300442931200
571880995923857408
571858397496098816
571854424261316609
571852516582809602
571833904451072000
571829876023427073
571827998950756352
571800182624522240
571761850918051841
571740637814509570
571731644056526848
571534012457611265
571527008213180418
571524110473428992
571522032736866306
571521277690839040
571518529276645376
571515238631264256
571507614246440960
571505851476905984
571505030701846528
571504879337799681
571499641797283840
571496475630444544
571487786479587328
571484495163072512
571478714036310016
571471078633152512
571463994948648961
571440534453166080
571393388043329536
571384658673459200
571361157836976128
571340099398475776
571171631869132800
571160405713793024
571152757358505984
571152442622132225
571151435649458176
571149232008253440
571148475867525121
571147783752851456
571147783694098432
571147594765877248
571145571332952064
571144750612545537
571143926830268417
571143418132471809
571140798856732672
571139918732386304
571138343016247296
571137020627709953
571136266617683969
571132609675317249
571132358012899329
571131188829499393
571130530869186561
571126611132747777
571124330324754432
571124007283646464
571120292325679104
571119850581569536
571119778561007617
571113834661978112
571109212388007936
571106186944221185
571103666171744257
571101881658949632
571097076307791873
571096453784965121
571095697744928770
571093805337747456
571091915451592704
571089771877036032
571086550324408321
571084015425486848
571077989645062144
571073270549753856
571072703656005633
571064967811584001
571061652654858240
571060294157537280
571058753191202816
571049418679431168
571049301163405312
571049273799782400
571049009126576129
571031827554574337
571023053930553344
571009344407539712
571008525897482240
571007455196520449
571005629025939456
570995986107121665
570991565461692416
570990621193871361
570983762244308992
570977460705206272
570787883604434944
570783978401222656
570782970891657216
570775279205031936
570773001194627072
570766069675233282
570764144292577280
570759909685526530
570750645541703680
570749917351714816
570746891555590144
570746355733278720
570712484501270528
570712227440922624
570692492603101186
570691672075587584
570689632960192512
570684253756895235
570683055695900673
570680845792620544
570678068425199617
570676340208349184
570668995495497730
570658897209528320
570655216279928832
570653515909083138
570652192924938240
570651373982879744
570650618878169088
570649422327111680
570648220558368769
570644611795947522
570644482154082304
570639316726231042
570635508898004992
570634437836328960
570634060344795137
570632862870994944
570629307720196098
570626159483994112
570624458882469888
570620909217845249
570617823355146240
570611806395371520
570608454949343232
570442975232131073
570425502617509888
570422607687917568
570419143507382273
570414445840756736
570408929412456448
570405715371810816
570405148708757506
570402997915783168
570401945107742721
570401623748558848
570400098322161664
570397893011607552
570396760067186689
570393652280893440
570383051177508864
570364735465459712
570347208605741056
570343294061785088
570338116654931968
570336165741481984
570330892196950016
570327208285175808
570320836298735619
570300304312442882
570285066212868096
570284184905916417
570283835319042048
570281942744215552
570281662954807296
570280088941559808
570278073662349312
570276245998579714
570274506813673472
570271987064545280
570268894604222464
570267698225143808
570264767501357056
570262310134157312
570259528912130048
570257324398538752
570256443322068993
570254991606349825
570253476569194497
570253095340531712
570251822880956418
570246186839502848
570072348751208448
570063122804953089
570059973713129472
570052574684057600
570049111522549760
570049076248518656
570043569471410179
570038664463577089
570037090450325504
570033403749408768
570031198594064384
570026537065558016
570011232691998720
570007648654925825
570006477341106176
570006321140883456
570001563734962178
569997384765317120
569993418811826176
569988566555746304
569988517901815808
569979434566090752
569972949064814595
569967557706457089
569955504329527298
569952471092764673
569946581883064320
569938897364496384
569935456588193792
569933673073664000
569922994891567104
569920760048971776
569914629339684866
569912110156791808
569910724648165376
569908771243360256
569907825838829568
569905433235873793
569903893259415552
569903515004510208
569903200435892224
569902255765389314
569901499532353536
569899295924748288
569895988325982208
569893027344482304
569890949750513664
569887522463084545
569700696754405376
569694581857652737
569692685696671744
569689398272520192
569670789546573824
569645708858560513
569642996527988736
569639721317609472
569633550556913665
569627996249825281
569624154053464064
569623568327294976
569621949938327552
569620876741775360
569619617167101952
569608040355401728
569603442563555328
569595631876116481
569592382854983681
569587606557745152
569585826931220481
569584619206672384
569584445994500096
569577921725247488
569576535881084929
569575234338033664
569575209830879232
569571168648212481
569566581803470848
569566232116011009
569565786857021440
569561634659631105
569555716614156288
569549086002679808
569541978326573056
569539120973815808
569538103867781120
569536086302715904
569532022177320961
569531329953574913
569530843376414721
569530322188169216
569530005354520576
569529090933272576
569528367764152321
569526443761401856
569525562076758016
569524737224908800
569524358688997376
569523836468604929
569522352960114689
569521601022173184
569520391179382785
569516994858348544
569514957236076544
569512919613841408
569512541539459072
569338294464614400
569334641162899457
569330943661608960
569325208068349953
569311900233809921
569303733034733568
569297331969003520
569295755338506240
569293803800141825
569291599148163072
569284151649685506
569282196109963264
569281500149116930
569280428642869248
569275448397586432
569265544286879745
569262838889324544
569259837944692736
569257317079912448
569255995232407553
569247977845485570
569246150357872640
569244033383604224
569240163160858624
569237455041384448
569233613499326464
569231692604571649
569230306584207361
569223994756489216
569218863025557504
569215397750300672
569211142549209088
569208364678422528
569207669925527553
569206808537112576
569202293121404928
569200528355258368
569191407367421952
569188382754123777
569185352994426880
569182131827679232
569179787274670080
569169165648584704
569160599881564160
568975955219374080
568972931306561536
568969137965441024
568963962500481025
568961632136765440
568959360963092480
568957407726084097
568956650993922048
568953475326988288
568948550501081088
568948020546445312
568944770481057792
568943447253622784
568941935861338112
568940435705458688
568937779628892161
568936202604306433
568934452103135232
568932803288670209
568927879632969728
568925296407269377
568918878304247808
568916296072634368
568911022729392128
568908755020189696
568894201779195904
568889152953053184
568885814551302144
568880528616771584
568878701544398849
568877267402825729
568872929620070400
568871984198782976
568871911700058112
568869777843851265
568869085406203904
568868961284202498
568867888528015360
568867133419094016
568865920896126977
568864851071770624
568863161480122368
568861470211084289
568857817760833537
568853462143913984
568849107319521280
568846382599053312
568604974059536384
568598999847927808
568598883296616449
568598217874542593
568561381441605635
568530798967590913
568522539602808832
568466515189768192
568170804103368704
568139719772516352
568135931351474176
568107361996386304
568102485165891584
568102451519205376
568102298590642176
568101279332896768
567865989662134272
567865104613666816
567805748970840064
567756251376123904
567746142898819072
567523986154586112
567523739810529280
567172978111021056
567172872792072192
567172706701815808
567143664212647936
567077497741668352
566705702274859008
566423452962136064
566420360577306624
566372693172174848
566329497901727744
566315048767729664
566051936978231296
566038613553459200
566017972875976704
566004940649144320
565992623374991360
565707500193083393
565707125557833728
565704967671934976
565681772873388032
565592914303385601
565583762109763585
565573588011728897
565564221916971008
565325233620787202
565321835047571456
565317071421333508
565278957306937344
565269397116583937
565200608576016384
564876466497007617
564851112591634433
564851053670043648
564846988173123584
564499089220706304
564159952261226496
563933545026949120
563897195703709696
563782972881371136
563516953772294145
563456961598193664
563392261820411905
563154075194515458
563132363988021248
563119385834176512
563049755451064325
562804183662100481
562791494877450241
562789607939788803
562748109135302657
562721622738894849
562720023215882241
562427836737527809
562424755865657344
562417743194898432
562394669922156544
562321330582740992
562319940590772224
562080157796933632
562073964588318721
562071336429047808
562070344119648257
562065862069608448
562055001254940672
562052976354033664
562047022203547648
562044444707676160
562040993231273984
562040668390846464
562030801857302528
562022108952162306
562019410857062402
562016678762934272
562013975496249345
562013073951563776
562008181375643648
561993673450082304
561963022542209024
561614976201154560
561575397280972801
561379292379369472
561309978557169664
561247288262410240
561226536645566467
561220154189565952
560960781295304704
560910306071691264
560874758779052032
560870082067197952
560867373125603328
560614051235917825
560522591279271937
560514725445111808
560498567911993344
560498382729269248
560484696258121728
560261593028501505
560166793504129025
559813758231392257
559812044916936704
559772893002072064
559441010284310530
559173807634518017
559048544833650689
558721908108042240
558385425182507008
558381959814971392
558377861652819968
558321590325493760
558308194653851650
558049404071194624
558013445430194177
557955750278877184
557702008472629249
557628903939112962
557224912360722432
556979694755528704
556194676269916160
555917764406157312
555838029051330560
555470165043736576
555444239127949312
555170825108590592
555116722450350080
554729601889751040
554698970564276226
554687071168634880
554456743694987264
554456373786705920
554389963068813312
554035618175410177
553642977504268289
553606594521337856
552588927274475520
552525098474045440
552268492377182208
551167042464645120
551131491925626881
551121004244660224
550404852107718656
550039202629300224
549627378906185729
548937765421723648
547829211419791361
547489393515450370
546424879071776770
545656442423107584
545655428777267200
545280470620315648
544160197120241664
543526028006932480
542771422691483648
542382143671107584
541787966440763392
541025492485545984
540288227652169728
540196080126664704
539173415832125441
538770947977646080
538417118996205569
538364843745894403
538203619183427584
538021161070628865
537984444817104896
537982420939972608
537873126667743232
537869141181337600
537833700713443328
537783245606105088
537759212764684288
537697427432960000
537663391985590272
537662689334804480
537652735903285248
537641138988265472
537641129471406080
537416957088522240
