667404730352558080
667398583050604544
667398472392245249
667398071781732352
667397370682867712
667061258139471872
666324915696496641
665991019591110656
665620280627228672
665575034472165376
665304766344355840
665257900474929152
665212793365200896
664967645108662272
664967560043982848
664948861614489600
664875713703481344
664504647311192064
664493854440099840
664222418227982336
664159634815500288
663808390708129792
663807488827912192
663806848722571264
663787162039508992
663488964926439424
663452507058757632
663067648444362752
663067556811423744
663061133075484672
662766641902587904
662476779240603648
662476758155788288
662476650894917632
662476591197347840
662476554212020224
662451630407680000
662301799659933697
662006577889611776
661752931964710912
661595506984943616
661595289392836608
661595187097944065
661594934424698881
661594706627792896
660124226276323328
660112502898880513
659417536182661120
658710520493555712
657620345533370368
656882979541680128
656596404534509568
656230359630151680
655060108959985664
655060075535585280
637022182275592192
632599078635859968
629690803829407744
629446640126918656
