688073191143571456
687710805446406145
687348434395774977
686986044403654656
686623641358962688
685898915216887810
685596871654440961
685506303477682176
685295274084810752
685295106337812480
685288203650113536
685174105981648896
684891872674725888
684796632278282240
684509746624204801
684481670850871297
684440056291983360
684086938668679168
683724543668563968
683362148043456512
682637424439259136
681912586758045698
681187813203681280
680463058683047936
672477080915828736
669591516902354944
667460623186325504
666691576358289408
652110237118398464
651747781900681216
651516053529493504
651083510208438272
650719723051687936
650357348058439680
649995009505275904
649853859200831488
649709653853474816
649631004794167302
649445008752422912
648952412829560832
648935637882675201
648906088243417088
648543610577788928
648502772673957888
648502733755039744
648502454783447040
648502276991119360
648500581796024320
648308976573153280
648180898538635264
647818569980358656
647480555576102913
647456163936772096
647173890989408256
647097882491928576
647097465775226880
647094460799651840
647060531682131968
646806136675393536
646799059169189888
646062323845697536
646032473873350656
646008558337818624
645987171002904576
645834917012705280
645834892887130112
645380940919906304
645380902315405312
645290423251009536
645288758191984640
645259508374208512
645219794204127233
645036943441571841
645035534528741376
645035478211817472
644986322864762880
644984626784661504
644983047645995008
644966244362395648
644966221507657729
644965523709673472
644957220875169792
644915721076633600
644915284952768512
644897949701566464
644886029950930944
644885857590247425
644885832353095680
644885638446252032
644885624403677184
644885273839566849
644885253824360448
644885182256914432
644885085288812544
644884877419106304
644855966933065728
644743418925711360
644674108635017216
644646197794238464
644646009151188992
644645988188028928
644645964725141504
644645929631379456
644645847901171712
644645703642288130
644645586881220608
644645561316937728
644645527468900352
644645438189006849
644645377010892800
644645327010578433
644645301291081728
644645267350749184
644631125827145729
644630949439873024
644604033387335681
644592283900379136
644564308634898432
644270052947001345
644264404570144768
644242539017564160
644185481496932352
644178959006081024
644164417249247232
643926964399534080
643926672807297025
643882126786568192
643880508338782208
643850751748501504
643849835725127681
643849745274945536
643846522669563904
643799938631995392
643794590722424832
643587799195717632
643564629797507072
643564188682584064
643557869393055744
643556080799358976
643405946547478529
643217189932269568
643216575051472896
643144959898591232
642805538645016576
642710634795302912
642700087227867136
642441375775068161
642405582457171968
642368781768130560
642080896460398596
642028559305965569
642027787352678400
642018859407556608
641727083538980864
641718323273682944
641343730868359170
641275563152424961
641272994669572096
640999448068378624
640772397881249792
640635789479686144
640620062555115520
640268657814282241
639906263128801280
639838183514087424
639826087963426816
639544137876938753
639536604718190592
639181822417575936
639176992529756160
638819460359426048
638783152039849984
638739957411131392
638738568093954048
638738143282262018
638456988414930944
638094385817718784
637732007292837888
637701749218877440
637701630851424256
637701362860589058
637369784565415936
637286899338579968
637286850579824641
637007447375351808
636984533682810880
636984256674197504
636983706826072064
636945610201919488
636917451456933888
636698719811993602
636645225079930880
636603788581859328
636357405677195270
636282715671801856
636217102785998848
636010114818797568
635925943836614656
635557675636539392
635443884781207552
635285339880316934
635195392506916868
634926831397765120
634835526693068800
634833141081968641
634828435022475264
634783553285398528
634778796005171200
634560564765679617
634470793716572160
634365381315031044
634107961460301824
634047609892564992
634047482868068353
633994333373399040
633835789873340416
633745531051741184
633732765314256897
633732626260455424
633732184809992192
633693537813446656
633466354905935872
633383140141203456
633020621774016513
632899620310355968
632748619431608320
632658256788365312
632295951596699649
631977883297259520
631958603553996800
631933583930859520
631812458068336640
631661462293901312
631573445319487488
631571690041028608
631291526094585860
631208831025061888
631140167412260864
631137014864322560
630946330324545536
630846480648171521
630788760775598082
630781760868065280
630484107265486848
630362922712064001
630121635467628544
629759184620421120
629638153423327233
629472035912024064
629414299593617408
629397433429004290
629396870717009921
629392714430222337
629392634218287106
629336036263399424
629034449699753984
628999630504660992
628754810460712960
628672002996486144
628643132150689793
628643018564702208
628309836854337536
628287934005817345
628286127162560512
628285916063272960
628285803651727360
627947286673367040
627826189172801536
627584814925901825
627222708019986433
627214506653913088
627113574322692096
626859948291563521
626846867138043905
626515155145371648
626151061363908608
626136487214473216
625789099388076033
625752479301369856
625752269896593408
625659410396790784
625415593261334528
625070428772507648
624768543758745600
624640057945624576
624638671623319552
624413702662434816
624297848373387265
624288235863318528
624280296498819075
624280070585192448
624279899973550080
624279552068595712
624279442001690624
624279316252205057
624279287038877696
623930704871559168
623585276674183168
623557547585220610
623557485622722560
623326542337150977
623222723724992512
623222656960102400
623222455142776832
623222339946188800
622964155373350912
622610877116608512
622115839458721792
622115653068066816
621869439810572288
621799885956734976
621799801919639553
621799621535207424
621799314084401153
621799244790263812
621799214729728000
621799129354604544
621798912173551616
621798547323682816
621797484210225152
621793485524348929
621792569026973696
621791982445137921
621170513222602752
620427436845498369
619702663765078017
619577857631621120
619577683383488512
619340282560016384
619233264507580416
619218510158426112
619208207156822017
618615494334152704
618176244547481604
618176114083672065
616291439304028160
616291187339583489
615594647117651968
615594325003538432
615354008077733892
614537378867187712
614536464299220992
614536393499344896
614536368291622913
614266843218313216
613461515224485888
613109486622867456
611667425873035264
611530581927571456
611529932703830016
611303135068471296
611212247029927936
611203085168431104
610901481479233537
610864782124687363
610864756665229312
610841419834462208
610841391619403776
606904861796515840
