938810687731716096
935863181712306176
933696667399925760
919913114258329600
905974990444535810
903418072123326464
902606795788754945
897790047579254784
895260939729215489
892474425924243456
892417567372922880
890345345418379265
888933876546113536
884769847359492096
881165533730689024
873352173387620353
873299088414060545
873162793549262848
872897357209366530
872483440217731072
860927031567159297
851422452848746497
831556240698384385
831535089058193411
830235145462505473
828392820662796288
827275289436659712
824995388285448192
824708670650982400
822143772695949313
809434257903026176
807088655512862721
806611755128463360
806499368304017409
805820490757574656
805181988063838208
805121568758177797
804425586282295296
803769271377608704
802557536276742144
801802667949510656
798980422721933312
798623701931532288
797191430913556480
797170544655351808
792005206657667077
791544427395198976
790562161927921664
789463170968645632
789276548570476544
788774453685678086
788759491378552832
788752869440811008
784423061495816192
784170712017887232
784092404622254081
781930066217492480
781539046816419840
781157982910414848
779432252715307008
779425146318696448
779410046211858433
779393572349087745
779108057947209728
777930268246208512
777537717957644288
776919282760417280
776828007726055425
776458069291270144
776428537553313792
776133475380236288
776077702277267456
775714463483891712
775397340949516288
774653741228175362
774366860984852480
774261089735471104
773575582164611073
773234382282764288
773219307673137152
772826638996344832
771747060274036736
771739526947561473
771467815928889344
771384662916603904
771069731734491136
770712711097442304
770343598030106624
770286139559247872
769942759264296960
769263765770473472
768904835521404928
768544106981175296
768206200991322114
768197023275233281
767760751444500480
766747630797983744
766635847861108737
766364051647655936
765699675970232320
765639308959182848
765567548192587776
765261793124057088
764920904614903808
764216651344711680
764084029687672832
763443618342469632
763424726639374337
763397042731421697
763121582826983425
762717520893804550
761939899977175040
761551086675197953
761230224101081088
760935780554604544
760505453386293248
758318054271049728
757666741380063233
756976530304237568
756156798109900800
755923854707531776
755869711951355905
755765460067581952
755058300367044608
754020220474449920
753983043833126912
752611513807040512
752563111782154240
751430245371224064
751077899143356416
750691719004426240
750334843834228737
748969432291090432
748875060262338562
748612846011961344
748503196574818304
748177242350551040
747526452887846912
747429285716164608
746376092139814913
745730594060009476
745658866826887168
744960520118276096
742454249804705794
742391083028615171
740589209011015681
740585436402360320
739834234790150144
738750846884810752
738037395606671362
737297521148563458
733801985489678336
733094941589667841
733020811800502274
732601583633113088
732327035314552833
732284489553039360
731906997101154304
731253943163064320
731152113317777408
730842448444968961
730766881955708932
730517405563289604
730516349911470080
730438570775859200
730193209557692420
730141742075359232
730128672687071232
730128115473764353
730118383316946944
730084214301818880
729815725037244416
729739067722706944
729672453115404292
729460887174692864
729430682582274049
729385387601362944
729340091236294656
729340036928262144
729340036831846401
729340027017142272
729340010755817475
729340007505240065
729340001054400512
729339992791650305
729339992783212545
729339978111541248
729339943911194624
729339931097604096
729339850613129217
729339850592112641
729339845693181952
729339808259051520
729339798435946497
729339787425939456
729339757516324864
729339754894921729
729339736075083777
729339688733921280
729339663832391680
729339659721965569
729339596484411392
729339582081204226
729339563160674304
729339563160666112
729339538061959168
729339497540771840
729339495170990080
729339472110706688
729339472093962240
729339434542338049
729339415055634432
729339404444016640
729339399519883264
729339389759791104
729339385859055616
729339375671119876
729339333656776704
729339319480025090
729339293714374656
729339288853188608
729339284025548800
729339271065165824
729339241705046016
729339216258174976
729339215918419968
729339212344926208
729339212332310528
729339186973581312
729339173849550849
729339159236599808
729339149400956929
729339134737678336
729339104303796224
729339063224782848
729339032702849025
729339020530966528
729339020522573824
729338984648744960
729338976293642241
729338962171453440
729338960980287488
729338948133126144
729338942760194048
729338938318462976
729338913601425408
729338899189796866
729338899059724289
729338874804113409
729338827114864650
729338827110653952
729338825365852160
729338815999971329
729338803052118016
729338803043770368
729338792872542208
729338773406769153
729338766830096384
729338739265142784
729338718058774528
729338713126281220
729338703441580032
729338692507033600
729338692498690048
729338669635538944
729338663851597824
729338630800551936
729338630750117888
729338630313902084
729338630309695489
729338615352852480
729338610441297920
729338610307063808
729338590442872832
729338571392307200
729338528534945792
729338495546707969
729338495542566914
729338485719506944
729338444078440448
729338428358164481
729338398956134400
729338394036215809
729338384657747968
729338360993447940
729338356119654401
729338356094537730
729338341414469632
729338320296108033
729338300624818177
729338298246664196
729338288444579840
729338273760346112
729338254961475584
729338216411627524
729338192688603136
729338178075656192
729338147272724481
729338147260108800
729338134228410370
729338124413767680
729338122736009216
729338103337345024
729338099902205953
729338070407876608
729338070399516672
729338056390541312
729338050585583617
729338008143466496
729337974211497984
729337949679058944
729337939952422912
729337891688615939
729337877679595520
729337871593656320
729337834167898112
729337818611208192
729337799158026241
729337794233950208
729337770921992192
729337761237372928
729337747551313921
729337747207393280
729337736415432704
729337736071503876
729337736042192896
729337728765034496
729337703808966656
729337690357829637
729337632434495488
729337632094703617
729337618069000192
729337618047979521
729337608237502465
729337569905770496
729337564977500161
729337544941260800
729337489173794816
729337450774941697
729337390037245952
729337366234599424
729337337595846656
729337302275653632
729337292477759488
729337284026245121
729337259346919425
729337244809453569
729337177444749312
729337157995794432
729337100252782592
729337099694968832
729337094783410176
729337094783401988
729337085077774338
729337075921604608
729337075791634432
729337075779035136
729337051913461760
729337051561099264
729337046674743297
729337041326989314
729337002189987840
729336973198905346
729336955591262208
729336905762934785
729336904726896640
729336899874099201
729336815593783297
729336812590628864
729336783633145856
729336783079510017
729336755476824064
729336740738048000
729336697318608896
729336659565633536
729336650497597440
729336643858014213
729336633607118848
729336594012864512
729336562354245632
729336562199101444
729336537763090433
729336532767674368
729336527709339652
729336518821617665
729336518821564416
729336468141793280
729336463121207296
729336433824014337
729336428778246144
729336370645245952
729336360868315136
729336346259554304
729336326932160512
729336307005063169
729336297983090688
729336288130650112
729336269289840640
729336269268901888
729336268375515137
729336225580994560
729336220472377344
729336212247302144
729336200478085120
729336200461352962
729336197550460928
729336192659951616
729336187731640321
729336186498519041
729336173789741056
729336167645077504
729336167640915969
729336128894013440
729336125815316480
729336125714632705
729336115996467200
729336115899994112
729336072262443008
729336028696223746
729336009624723456
729336009616285696
729335980830785540
729335975965401088
729335923595350016
729335890527453184
729335867060277248
729335861343490048
729335820012814337
729335819631104000
729335803017498624
729335771530854400
729335732028866564
729335718649069568
729335694959644678
729335685321129984
729335664068599810
729335663737249792
729335663728844801
729335646452486144
729335644602834952
729335641943605252
729335632447705088
729335616047996928
729335615674679300
729335596808699904
729335567029141505
729335559378731008
729335552130998272
729335538780504064
729335521281875968
729335513790865409
729335513786654720
729335490009174016
729335449638965248
729335446694551553
729335434552057856
729335433239236609
729335428361248769
729335414977257473
729335398954999811
729335390377680896
729335380625891328
729335351081193472
729335337109979137
729335327228198913
729335327224004608
729335307791818752
729335302842515456
729335302502785024
729335288103718912
729335278419116032
729335253932761090
729335244084547584
729335239416274944
729335229412876288
729335219417841664
729335204867768320
729335204859404288
729335204851032065
729335195141214208
729335195027918848
729335185792077824
729335180909940737
729335146743140356
729335138325168128
729335123468943360
729335122818797568
729335112731484161
729335102665199616
729335050378973184
729335028652482561
729335012110127111
729335009690066944
729335009631297536
729335004774309888
729334998084374528
729334998067634176
729334950474883072
729334926567342080
729334926546341888
729334916815552513
729334886633381888
729334876814475264
729334872074915840
729334871902953473
729334837526417409
729334832459710464
729334827619483648
729334827602710528
729334808887746560
729334784229408769
729334774452473856
729334769117356033
729334764671393793
729334759608868868
729334716634005504
729334702583119872
729334692734849025
729334663404081152
729334662577840128
729334662523297792
729334644320034816
729334644307431424
729334638166974464
729334629237284864
729334618642489344
729334610358734848
729334595712245762
729334595708018689
729334590783950848
729334590767128576
729334564854751232
729334546966011904
729334512862138368
729334512560132097
729334507518627842
729334463537123328
729334440204230656
729334402367389696
729334387750248448
729334364358631424
729334363993739265
729334362362150912
729334357664489472
729334342774751232
729334339385761792
729334333010411521
729334271794544642
729334265792495616
729334260826394624
729334236386222080
729334217994182656
729334208108204036
729334178978783232
729334169147301888
729334155327119360
729334155167727618
729334140613468161
729334121386774529
729334106769657857
729334092689330176
729334053271298048
729334033411268608
729334020589297664
729333974175129600
729333949533589509
729333948912836608
729333944521347072
729333944475254785
729333929358958592
729333910694289409
729333891782213633
729333887449464832
729333867878883329
729333842322989056
729333833133252609
729333827575816192
729333823276650496
729333812946030592
729333804305776640
729333798366650368
729333790355525632
729333747661705216
729333736924286978
729333722042925056
729333711880081413
729333697091010560
729333678048878592
729333678048862208
729333676039774208
729333646876794881
729333643722645504
729333638744002560
729333618670063616
729333618657517569
729333609656520704
729333608880594944
729333608863834112
729333593974038533
729333593974018048
729333583169474560
729333576571871232
729333568984375297
729333568975962112
729333566404861953
729333563380752384
729333558486016004
729333557034803200
729333547962523648
729333547945746436
729333539414511617
729333520426893312
729333510436093952
729333475518472192
729333475422003200
729333473295532032
729333460968427520
729333460620353536
729333460620337156
729333436599521282
729333426520653824
729333396543930368
729333372523184128
729333362863706112
729333362859515906
729333333105123328
729333328520740864
729333328164225024
729333317774934016
729333312813064194
729333312804675592
729333251853062144
729333222232854528
729333213127053312
729333213089308672
729333174333931520
729333171557269504
729333156663296000
729333144243961856
729333144214605825
729333128553062400
729333115475230720
729333096516976640
729333086681341952
729333067802775552
729333067450490880
729333048907468801
729333029924012032
729333029823348737
729332995597864960
729332976828358656
729332971463835648
729332968020271104
729332967680565248
729332967672143872
729332937221505024
729332919076954112
729332919047585793
729332909279076353
729332909169999872
729332890878640128
729332870834102274
729332832015810560
729332823207763968
729332806984179712
729332806975791105
729332791201009667
729332772964179968
729332739145523200
729332739141328897
729332727762157569
729332722766778369
729332709642764288
729332675463380992
729332666995068928
729332666856710146
729332660481359872
729332614545317889
729332604562870272
729332594601381888
729332589618552832
729332565161566208
729332555359526912
729332491593490433
729332467849568256
729332457225355265
729332448333467649
729332443904282624
729332396013670401
729332396009521152
729332395678130176
729332352749441024
729332352548098048
729332342997688320
729332342985105409
729332314191187968
729332280452206592
729332264899772416
729332252472057857
729332215818002434
729332196339683328
729332195970584580
729332192141180928
729332171719086080
729332168476921856
729332148956626944
729332143969574912
729332071030611968
729332056803581952
729332032459804672
729332019541331968
729331981369020420
729331966793809921
729331965292224512
729331961920020480
729331957067186176
729331946346577920
729331941497933824
729331881318055936
729331857653796864
729331838200598528
729331815803015168
729331805988347904
729331766532526081
729331756734648321
729331742616604674
729331736501354498
729331731724046336
729331717803122688
729331713474629633
729331708617621504
729331707845844993
729331697838252038
729331688073875456
729331678250819584
729331621854203904
729331612148637696
729331602447159297
729331601054670848
729331596214439936
729331586437513222
729331581567913984
729331573934333952
729331560042795008
729331546369351680
729331530460364801
729331530070253569
729331496473886720
729331491474264065
729331490845155330
729331476894916610
729331471723302912
729331462227419136
729331452404322304
729331451930378240
729331408917823488
729331399778406402
729331390076968960
729331389980499968
729331380270686208
729331380262338561
729331331721625602
729331323391741952
729331317301719040
729331313472196613
729331299509407744
729331297714196480
729331278382661632
729331231825895429
729331222007029760
729331205900926976
729331186514825217
729331173340549120
729331173340516352
729331150213144576
729331150200545280
729331138632650753
729331128838987776
729331110014935040
729331088615571456
729331087881560064
729331080906465280
729331073155391489
729331071217631233
729331061570699264
729331056470429697
729331040125247488
729331032839720960
729331021871616000
729330999893446656
729330978481537025
729330975600087040
729330959426813952
729330934885965824
729330910919675905
729330888945733633
729330888937365504
729330886383013888
729330875679133696
729330834944053248
729330806317973504
729330799267315712
729330799237992449
729330781764517888
729330780107735040
729330772671270914
729330763313774592
729330763213066240
729330756741267456
729330736981925888
729330725246242816
729330706355097600
729330693486993408
729330691574366209
729330683684921344
729330681474523140
729330667180281856
729330637589483524
729330601275219968
729330601262600192
729330586167320578
729330571323674624
729330545268690944
729330534967431169
729330534959091714
729330526599847936
729330526595649537
729330524972425217
729330502767779841
729330493754253316
729330483889209344
729330456034869248
729330431875645445
729330417162051584
729330389060182018
729330288464003072
729330245019410434
729330207773990912
729330202820501504
729330197942575104
729330183887421440
729330183858053120
729330183518310400
729330168594976768
729330159384330240
729330145253679104
729330140161843213
729330115830685697
729330107916034049
729330107916017664
729330096348094464
729330088336969730
729330083404521472
729330073556254720
729330068795727872
729330050458210304
729329985400377344
729329922284511233
729329912549515264
729329895046680576
729329860368162816
729329831796604929
729329826734080000
729329825073135618
729329811303194627
729329810942500865
729329767414046720
729329742998966272
729329742298550273
729329709322883072
729329703903854596
729329695334891520
729329675302903808
729329670651412481
729329670630449152
729329660840939520
729329627227820033
729329622282735616
729329616276459520
729329583896416256
729329544247676929
729329544247676928
729329513360850944
729329468204933120
729329455504613377
729329439289413633
729329424701661184
729329409992187904
729329409983815680
729329373338173440
729329330216558592
729329320431259648
729329318157897728
729329318145335296
729329293390536704
729329288336433153
729329263204175872
729329262881165312
729329207608627200
729329195642294272
729329195638104064
729329190793715712
729329178831556612
729329164973547520
729329164877070337
729329154978553856
729329150146678785
729329150121496576
729329135445630977
729329122573361154
729329102704926721
729329102545518592
729329092781219844
729329088855318529
729329088238755840
729329087924199425
729329079053246464
729329060837396480
729329060833202177
729329051148509184
729329048770347010
729329029157806080
729328998199611393
729328988464648192
729328964544528384
729328964204793856
729328962220888064
729328954230759425
729328934152601601
729328896982671360
729328880641708032
729328875717562369
729328851830984708
729328827353071616
729328817114734592
729328812698173440
729328812253548545
729328797997142016
729328788153081857
729328783820357633
729328721593667584
729328712420708353
729328668355354624
729328665427763200
729328648746979328
729328641839005696
729328630417907712
729328601825304580
729328577544523776
729328577540333568
729328558955339778
729328558548471809
729328534146015232
729328531553947648
729328497550761984
729328497550753793
729328492748283908
729328461592956928
729328458480766977
729328458472394752
729328442127179777
729328436947210242
729328427795288065
729328379472715776
729328376725393408
729328360526991360
729328351039479812
729328350687166464
729328345784029184
729328335952576514
729328332953690112
729328327677202434
729328322807627776
729328322786656256
729328298057048065
729328255732305920
729328255187099648
729328228427431936
729328223473930240
729328217161535489
729328208873558016
729328202624073728
729328180851449856
729328154058182657
729328149188640769
729328147288592386
729328084248240128
729328069563928576
729328064014876675
729328015474229249
729327964505018368
729327949682384896
729327920951386112
729327920951361536
729327911723892736
729327901938585601
729327820162228224
729327810301415424
729327810297266176
729327793574576128
729327774175891456
729327767305605120
729327734338428929
729327734300676096
729327721709338624
729327706895048704
729327704890216448
729327693053972481
729327683025281024
729327661500104704
729327661445611521
729327646773927936
729327640960585728
729327583360208900
729327565022765058
729327563953180672
729327551001157632
729327546148356102
729327525877293057
729327498299740160
729327458432901120
729327456214122496
729327423154593792
729327409611177985
729327404775186432
729327404489924612
729327389671497728
729327365902368768
729327346092646401
729327336911343618
729327304623562752
729327270603587585
729327217113600000
729327209064734722
729327204232912897
729327202622279681
729327199258468354
729327192723726336
729327189699661826
729327163489456128
729327099119427584
729327069507641345
729327066592616454
729327054798258177
729327013236854784
729326893590192128
729326891488837632
729326874799710208
729326864896950272
729326855161978880
729326853421342720
729326848572694531
729326838758051840
729326836312743936
729326828993716224
729326811973193729
729326774237036545
729326769317142529
729326750811885572
729326742943338496
729326724161241088
729326715948793856
729326661770977280
729326637343375360
729326618422878209
729326599951130625
729326599674298368
729326594989268997
729326576182034432
729326576173637632
729326570888798209
729326521865764865
729326503054319617
729326455881007104
729326455818047488
729326413069737984
729326412604149761
729326370774339585
729326348536176640
729326319830376448
729326292991021057
729326288150798336
729326276465426433
729326266646560768
729326240667066369
729326178557829121
729326136044355585
729326097431552000
729326092666834944
729326078506860544
729326054632869891
729326053701771265
729326044012908544
729326025344081921
729326015508455425
729325992062291968
729325991613464578
729325972483231745
729325914350182401
729325904648806400
729325860356907010
729325850756190209
729325846045941761
729325816551636992
729325792031690756
729325769348907008
729325767599869952
729325757600669696
729325716056084480
729325704274317313
729325618198781952
729325588863852545
729325583880966145
729325559470116864
729325525034930176
729325510333861888
729325505141350404
729325500460457984
729325491753123841
729325491400769536
729325424770097153
729325408412295168
729325393686056960
729325384370511875
729325381371633668
729325371598897152
729325359724826624
729325345007017987
729325340057690113
729325322710048768
729325306692009985
729325293366697985
729325282260189184
729325268871995392
729325267622072320
729325249070698500
729325228275290112
729325203742842880
729325185698947073
729325179285823488
729325159702618112
729325150613577728
729325150001242112
729325123476430848
729325074524864513
729325074407264256
729325073157394432
729325039250640896
729325007151583236
729325005348081664
729325005335486466
729324981755117570
729324967557353474
729324967213465601
729324967205068800
729324933273161728
729324931863879685
729324892726812672
729324887781691392
729324849223458818
729324845561847808
729324840725798914
729324810728132608
729324790884933632
729324785906278401
729324748899901441
729324746513387520
729324731795529733
729324714821226500
729324686631313411
729324686618689536
729324669065527298
729324664015720449
729324663898152960
729324623414763521
729324614942265345
729324599687553024
729324594532782082
729324580842528769
729324561351593984
729324551297867776
729324549934714880
729324515625345025
729324503273078785
729324481068474368
729324461804003328
729324456888262656
729324449116229634
729324442074013696
729324439444148224
729324390316265472
729324371374800896
729324356761833473
729324356753448961
729324328064417792
729324323140292608
729324313371770880
729324288952565760
729324259579854848
729324215845847040
729324215845822468
729324210997190656
729324206219919360
729324198649192450
729324186552803328
729324184115929088
729324177497329667
729324134304387076
729324133759127552
729324133754888193
729324133402607616
729324073419870208
729324055094923266
729324050250506240
729324030650552324
729324010689814529
729324005795057669
729323986690056192
729323969577263105
729323954758766592
729323939755761665
729323929978863617
729323929978839040
729323894629244929
729323890309128192
729323885364043776
729323885351460864
729323850916237312
729323850912010241
729323836131303424
729323816883617793
729323791612973056
729323791550046209
729323782960119812
729323776828022786
729323763548835840
729323757165117440
729323757160964096
729323748877205504
729323747417587713
729323724101459968
729323700655251456
729323700286160896
729323683034976256
729323659119058945
729323643226849282
729323625422061569
729323620493729793
729323614130999296
729323591368511489
729323581344079872
729323563161821186
729323553267417088
729323551669387264
729323539170365440
729323527208239104
729323514583339009
729323507746668544
729323498091380736
729323466340507648
729323457192697858
729323450653802497
729323443187949568
729323443166969856
729323424296763392
729323407095955456
729323399848165376
729323392814309376
729323366297927681
729323354415489024
729323299696566272
729323296605364225
729323294780837888
729323286685876225
729323265445920768
729323258118463489
729323233237815296
729323232877117444
729323232868737024
729323196185346048
729323183866712064
729323181916356608
729323174140092419
729323157681627136
729323155244748800
729323143249035264
729323143228071937
729323131517607938
729323131496583169
729323123061854208
729323121694498816
729323118255202308
729323118167105538
729323107979165696
729323092363730944
729323089712943105
729323063800528896
729323054862467072
729323044951318529
729323035241545730
729323001771003904
729322987644588032
729322968229142528
729322962776530944
729322962436816896
729322933550600193
729322865602891777
729322852000800769
729322837169741825
729322835315826689
729322818697977856
729322818354061312
729322805766950912
729322784929644549
729322751081644033
729322750750261249
729322742302969856
729322711495806976
729322687546318850
729322682609590272
729322653505310721
729322653480144900
729322643422253056
729322643380281344
729322638783320068
729322638489718788
729322618466148353
729322609574207488
729322593384210433
729322591689838593
729322543983665152
729322532076064768
729322524522074112
729322514795520000
729322489604530177
729322489549979648
729322466703613958
729322456310145024
729322452682088448
729322428434763776
729322417714122753
729322388999962624
729322384130383877
729322374865133568
729322374265344001
729322355307126784
729322345781821440
729322340757049344
729322335786827779
729322331655442432
729322311266893824
729322291604021248
729322288261136384
729322288227618816
729322274407387136
729322274050859009
729322262818488320
729322250223034369
729322234255421440
729322230576898048
729322195688652800
729322190852644868
729322176940118016
729322175996428289
729322166127190017
729322146485280771
729322114151424001
729322113778081793
729322103619518465
729322084149526529
729321993061830657
729321977467408384
729321974141358080
729321924329758720
729321865898958848
729321837763514371
729321826770296832
729321809326133248
729321808978059264
729321789419978752
729321763083935744
729321743572049920
729321724655722496
729321700332949504
729321691038392320
729321691025805312
729321676802949120
729321667101478915
729321662185791490
729321662001209344
729321642397081606
729321623166144512
729321622830616577
729321604262416388
729321593319493632
729321590169591808
729321585115439105
729321580208082944
729321579084021760
729321549631619073
729321544770424833
729321542006374400
729321530249764864
729321521815097344
729321501770420224
729321496829562880
729321495739047937
729321481952354304
729321466429218816
729321461635121154
729321423781519360
729321418941337600
729321381091893249
729321380743766016
729321380609564673
729321346795065344
729321318827450370
729321294672486400
729321294546624512
729321279933669376
729321271444447234
729321266457366529
729321265375256576
729321261566812160
729321247612375042
729321222140395521
729321213730820096
729321206793408513
729321186232934400
729321169170522113
729321166570037248
729321161801240576
729321137201545217
729321135523831808
729321135175651328
729321122471104512
729321121225449472
729321112153116672
729321088899907585
729321055551021057
729321050744311808
729321002455302144
729320974189891586
729320964358438913
729320903914348544
729320889280401408
729320887179051008
729320887061651456
729320878849187840
729320873950216192
729320873891532800
729320853431717889
729320853087739904
729320839045206016
729320834209173504
729320825917034497
729320805121695746
729320791179821056
729320790663913472
729320775807688705
729320757151469570
729320708505886720
729320616398970881
729320613278441473
729320598187311105
729320593351311365
729320559503253504
729320546685456386
729320533456609280
729320510803181568
729320496160907265
729320495099711489
729320481300480000
729320481233379329
729320455203512320
729320455144767493
729320446156410880
729320445862813696
729320436459143168
729320426371846144
729320425876946944
729320421019951104
729320400916598788
729320347573452800
729320342695485441
729320332675321856
729320306121134080
729320303189331968
729320298265223168
729320291499810816
729320237972086784
729320237955305472
729320236218908672
729320204224835584
729320203171958784
729320174986235904
729320140966273024
729320106694615040
729320097471291393
729320062771826688
729320054899113985
729320045860388865
729320003992850432
729319935474728960
729319912833867777
729319892151738370
729319891849777154
729319882731364352
729319863685025792
729319863349432320
729319800770469890
729319785800998914
729319785574498305
729319775784984577
729319766133870592
729319727042977792
729319717295431682
729319717291200512
729319691261333504
729319686370828288
729319676673556480
729319650530467840
729319617001181185
729319605374623745
729319598219137024
729319598122622976
729319572021501952
729319567177064448
729319549842006017
729319499866865665
729319492023541763
729319490152882176
729319439452147712
729319434553163776
729319429641641984
729319428567928833
729319414005293056
729319390483611649
729319375157661700
729319371563143170
729319366081183744
729319356954345472
729319327774572544
729319322905022464
729319303393075201
729319287844839425
729319283038134272
729319256131670017
729319255796146176
729319254328119297
729319197545652224
729319173436801025
729319167015288832
729319163668221954
729319130109607938
729319070965727232
729319051860676608
729319046944972800
729319018222354432
729319017601630208
729319012732014592
729318988887429120
729318983967473664
729318959397265410
729318941567295489
729318935401664512
729318930553012224
729318922483175424
729318915940098048
729318848466313216
729318838655803393
729318833748500481
729318809241194496
729318761895854080
729318711857840130
729318702244487168
729318693759426560
729318682820665344
729318682468311040
729318677510656001
729318672636858369
729318669608607745
729318626365300736
729318582077677568
729318581498839040
729318576780279808
729318572204249088
729318497101053952
729318456831549440
729318456823189508
729318421922381824
729318391035486208
729318372144349185
729318367203459073
729318327886041092
729318287373312000
729318272240209921
729318267785912320
729318267290947584
729318253089021952
729318233577136128
729318229303132160
729318219882766337
729318219526234112
729318196365287426
729318187011952640
729318186965868545
729318171883110404
729318149426814976
729318148076412929
729318140337737728
729318078538878980
729318073539289088
729318054614597633
729318049673662466
729318015183921152
729318008141717504
729317961299730432
729317956417552387
729317946623819776
729317913518170112
729317886519484416
729317866906882048
729317830127067137
729317820790530049
729317820786298880
729317816516509696
729317801484111872
729317797973528576
729317797617008640
729317777471733760
729317774514782209
729317756647038977
729317739517480960
729317711507918848
729317692155396097
729317672979030016
729317672974876672
729317643186933760
729317618595696640
729317616116895749
729317613516390405
729317611163394048
729317611163377664
729317530397859840
729317525545095171
729317509761880064
729317502333820928
729317459497357314
729317361409359872
729317361400958980
729317355034050561
729317336931405824
729317332036648960
729317326374363136
729317311757230080
729317307734884352
729317297953759233
729317282795544576
729317274146906113
729317269281460225
729317255025025024
729317254634962944
729317220279455744
729317204353679360
729317190822858754
729317185231818752
729317165732532224
729317157113225216
729317141158060032
729317112586493952
729317089538793472
729317070614102016
729317060761657345
729317051148308481
729317027651821568
729317012254547968
729316964418490369
729316893408956416
729316887411105796
729316882428231680
729316873808973826
729316867764977664
729316848865398784
729316838887153664
729316838539071489
729316833673646081
729316801872453634
729316792166817796
729316787267899397
729316765805633536
729316719840235520
729316717470449665
729316681957310464
729316672075501568
729316671744135168
729316634108657664
729316614705844224
729316580761329664
729316571252817925
729316557269008384
729316556321083393
729316527602704389
729316483759628288
729316469188616193
729316444844916736
729316420417257472
729316400611753984
729316396941774848
729316396933357568
729316372488978432
729316357758554112
729316357741805569
729316347969032192
729316338632548352
729316338288627713
729316338267623428
729316318759919616
729316289211072513
729316270424739841
729316256281591808
729316241605697536
729316236710969345
729316207933820930
729316185934725121
729316181027356678
729316179307683841
729316165210669057
729316164837343232
729316143760973824
729316109157957633
729316104246468610
729316061430972417
729316042120421376
729316032267976708
729316015876628480
729316001817366528
729315979906285570
729315950676172801
729315926764453888
729315910972899328
729315906065555456
729315886008410112
729315876101443584
729315822162714624
729315811429474304
729315807553949697
729315792878116864
729315763517980672
729315699940687872
729315699940675584
729315690121859072
729315649940430848
729315636405407744
729315636023726080
729315606894280713
729315594168721408
729315593828999169
729315530268545024
729315519107465217
729315505199140865
729315491144065025
729315490649112576
729315438102876160
729315428351123458
729315419266256896
729315409883627520
729315380661882880
729315366493511681
729315322390454272
729315234968543233
729315210482221056
729315186008432642
729315171349336064
729315161589227521
729315156673495040
729315156665061377
729315142618357760
729315128613593088
729315127908958208
729315118765334528
729315118245281792
729315118207488002
729315051409047552
729315040449339392
729315025765081088
729314989903781888
729314965551616000
729314898887352320
729314894458146816
729314894042947584
729314894026170368
729314893287985152
729314869531402241
729314863428730880
729314845074427904
729314845066035200
729314840171282433
729314839043006464
729314824430051328
729314806667173888
729314805027213313
729314801755676672
729314773108555776
729314766062157824
729314724156821504
729314724148477952
729314714384109568
729314704582057984
729314704569442305
729314642623762434
729314618766594053
729314611447533569
729314565998022656
729314525720150025
729314520770846721
729314491813371905
729314491788230656
729314472909623296
729314458305060864
729314458200248320
729314443318812674
729314442849083394
729314390332203008
729314332064944128
729314308279017472
729314296161701889
729314284384047104
729314271058759680
729314261957156864
729314254629666817
729314227870031873
729314215475838976
729314186157645824
729314186153463808
729314174270996480
729314165781725185
729314131484889088
729314102850420736
729314100900028416
729314083208495104
729314076430458880
729314054548824065
729314033745076226
729314020298096640
729314010982551552
729314010542149632
729313999817347072
729313990136897538
729313961607225344
729313902689849345
729313868103573504
729313845110448128
729313840156934144
729313835291529217
729313774914568193
729313774897750016
729313773526253569
729313768686034944
729313759383035904
729313725576974337
729313686561554433
729313681620668416
729313671520755713
729313666676367361
729313613308006401
729313584686104577
729313555808276480
729313550896799744
729313531355484160
729313511801692161
729313434118979585
729313429219987456
729313405404778496
729313405387956224
729313356734029824
729313322852491264
729313308243689472
729313298202517504
729313263968624640
729313226932903937
729313178383843328
729313120494084096
729313115267997697
729313115259609088
729313085563895808
729313037203595264
729313032333971457
729313032329777152
729312985206771712
729312975497003008
729312942156435456
729312878205882368
729312877861965824
729312849965678592
729312806567182336
729312788351307777
729312776909258756
729312772203290625
729312762355056640
729312758810841088
729312749625319424
729312719216644096
729312704603639809
729312687906119680
729312685569892353
729312670554300416
729312651373912068
729312651348615169
729312642095980544
729312642087555072
729312606729609216
729312598768779265
729312560390930437
729312555508760577
729312553478721536
729312535841677312
729312516258463744
729312511405629441
729312486936084480
729312423790841859
729312400118190081
729312390928457729
729312380685975552
729312371399786496
729312356702920705
729312341821554688
729312332040413184
729312312369160194
729312307566632961
729312293947736065
729312263363018753
729312263354507265
729312250947739649
729312152918450176
729312104243597312
729312103882838017
729312102779740160
729312083351740416
729312063848259584
729312031191367680
729312030214094848
729312029849227264
729311992503107585
729311987281240065
729311977076482052
729311943698227201
729311833937432576
729311804917088257
729311735899787264
729311716295610368
729311696687239168
729311666018471938
729311646544367616
729311631365132290
729311617205174275
729311592450396160
729311553971851264
729311509994577920
729311501530497025
729311490369425409
729311433943453696
729311429031911424
729311428193083394
729311359632973825
729311355845500928
729311332600668160
729311331325612032
729311321569681409
729311321548689408
729311298563887104
729311265827364864
729311259401691136
729311234911129600
729311211133620225
729311198420738048
729311197208530944
729311184567078912
729311142783246337
729311142728728576
729311140413480962
729311126303838212
729311117797822465
729311088714473474
729311054103093251
729311049078317058
729311048717598724
729311025099513856
729311019885944832
729311001439404034
729311000298541056
729310985706577932
729310966102401025
729310959039209472
729310946544377856
729310891594768388
729310802218352640
729310797294247936
729310780454096896
729310762796081152
729310760531206144
729310736036433920
729310728415371269
729310723357036544
729310723352879104
729310684274556928
729310638841864192
729310638829244416
729310620567228419
729310620223344640
729310606184964099
729310569015058432
729310563960905728
729310562228699136
729310557312974849
729310554918027264
729310490594140160
729310485665828865
729310447824834560
729310432914120709
729310430145863680
729310415537111040
729310401469415424
729310393160474629
729310352488325120
729310343374110721
729310328576581632
729310318178902017
729310265402003458
729310240609423360
729310240387137536
729310240240340992
729310151983833088
729310143523872768
729310106182029314
729310101488590850
729310071830675456
729309965140172800
729309884936654849
729309866292973568
729309846722355201
729309827206291456
729309813289590785
729309808436744194
729309807635632130
729309784164327424
729309741063671809
729309707635056643
729309678572703744
729309645056024577
729309618732556288
729309611598086148
729309489535406080
729309472720478210
729309460129177601
729309395503357953
729309380219310080
729309352566218752
729309350779453444
729309350364221440
729309324531503104
729309319737450496
729309300628185088
729309300368121856
729309290662526976
729309285725798401
729309267509923840
729309266771779584
729309165886316544
729309129592864769
729309092380958722
729309082612424704
729309029755817985
729309015117717504
729309009870606336
729308962567266305
729308962428854273
729308928870207488
729308861270626305
729308845051281409
729308835244953604
729308792513421315
729308792496644096
729308769939644416
729308769281187840
729308750553571328
729308721080213506
729308717775085570
729308703170564096
729308693473296384
729308667179237376
729308667175034881
729308655200296961
729308653816184833
729308641187102720
729308636283961344
729308636279791616
729308630625878017
729308617002782721
729308606315667456
729308596962369537
729308587520970752
729308587181232128
729308587168665600
729308577433669632
729308568353017856
729308558509019136
729308539269750785
729308524979716096
729308520080805888
729308515173437440
729308515173421057
729308495665717249
729308481639976960
729308467819732992
729308458437107712
729308458059595777
729308452980281344
729308434642800643
729308429827772417
729308410093535236
729308406134149120
729308405928710144
729308382079770627
729308371862495232
729308352866459648
729308352497344512
729308342770749440
729308324030636032
729308304636186625
729308298797678592
729308294930534400
729308285430468609
729308285308833792
729308270729437184
729308251234271234
729308241444757509
729308236411600896
729308236399058948
729308212231471104
729308200168607745
729308185643732992
729308179088056320
729308156312981504
729308120715943936
729308094283452416
729308063220408321
729308060963856385
729308054370451456
729308054127190016
729308025362653184
729308000716918786
729307960346697728
729307955233837056
729307888011743232
729307887646826496
729307883666440193
729307820651216896
729307786476052480
729307778762690560
729307776220962817
729307771326189568
729307766452453376
729307766431481857
729307756272881664
729307726573019136
729307716779315200
729307682390167552
729307651901775872
729307623187603461
729307617428803585
729307608268439552
729307594775396352
729307584792952832
729307569106227200
729307550890401792
729307487900344320
729307478089859073
729307416269987840
729307410465062912
729307386867896321
729307386863722498
729307382044450817
729307377170714624
729307375149060097
729307334455873536
729307334443294721
729307327354933249
729307286548582400
729307268601118724
729307267019907073
729307249902936064
729307242529361921
729307240809697280
729307231041126400
729307183762935809
729307178578808832
729307178243219457
729307154436382720
729307082306949124
729307073238851584
729307067601723392
729307062723739648
729307058646880256
729307038270939136
729307029425168384
729307028510806016
729307019694366721
729306987356299265
729306987121377280
729306986978779141
729306973313720321
729306972961394689
729306944293376001
729306941411844096
729306920436178946
729306896000155648
729306830824869889
729306826341130240
729306816266403840
729306794401533952
729306785249550337
729306781885726721
729306772096176129
729306728378982401
729306699148861440
729306693687877632
729306665653141504
729306632077729793
729306627124252672
729306622216921088
729306560254513152
729306549064060928
729306520949694466
729306506345095168
729306495033081859
729306486917103616
729306441819938816
729306427169243136
729306413827153920
729306413290250244
729306331279024128
729306330922549248
729306316900945920
729306298039205888
729306256926638080
729306237360181248
729306190547537920
729306154606600192
729306149099429888
729306127431688197
729306109207416832
729306101938683904
729306090068791296
729306051598671873
729305992890974208
729305986658279424
729305978189938688
729305971269341184
729305906031132672
729305876557791232
729305866868953088
729305866592096256
729305865153449984
729305856802594817
729305855338782720
729305838146314240
729305832236552192
729305809230778369
729305809214017536
729305784241115137
729305779405099008
729305769955368961
729305764519497733
729305764511125508
729305736577060864
729305736245694464
729305722568069120
729305610768932864
729305573028548608
729305564358934530
729305563914371076
729305561720705024
729305553571217409
729305548701634560
729305534118002689
729305519530237952
729305462533857281
729305401854844929
729305363145576450
729305318652448768
729305313673760769
729305284460433408
729305274641612800
729305269587451904
729305268966719488
729305254307602433
729305244128059393
729305195369234432
729305170090151936
729305080470474752
729305007246352385
729304992180412416
729304945627783168
729304907803598848
729304874597244929
729304849792131073
729304849787981825
729304830833885184
729304666513670144
729304665901273088
729304651128922112
729304642014707713
729304613287960576
729304613233385473
729304599153119232
729304585169338368
729304522552549376
729304426645622784
729304402729689088
729304402708725760
729304390511665156
729304326825332736
729304260647641088
729304217676980224
729304203600875520
729304203596681216
729304125028999169
729304120134246400
729304120121663488
729304111011635200
729304097795362817
729304059912445953
729304026316070912
729304025963757568
729304016065159170
729304001397723136
729303948423630849
729303917167710208
729303868807381001
729303868434096129
729303868434092032
729303863056990211
729303824821686274
729303815048945664
729303801073565702
729303796942184453
729303791317569536
729303772971704322
729303702004105216
729303690633302016
729303687424675840
729303680583749632
729303602158698496
729303601743454208
729303598689964032
729303525532925952
729303515626004480
729303499876409344
729303485905141760
729303462702239745
729303431769292800
729303430229983232
729303421883322368
729303407022854147
729303387196383232
729303359010701312
729303358670934016
729303349175058432
729303339167408128
729303334192996352
729303309706616832
729303295710265344
729303281621569536
729303262449401857
729303219172610048
729303218899943425
729303208959451136
729303208913309696
729303175279190017
729303161203138564
729303127472537601
729303087412715520
729303037848653824
729302996094328832
729302981854695424
729302970400047104
729302936170287105
729302925978148864
729302859980754944
729302793568161792
729302790879649792
729302730120908801
729302712420945920
729302712408379392
729302692779065347
729302672055001088
729302672042426368
729302653247750144
729302652903825408
729302639117115392
729302629021409281
729302614987313152
729302610151231491
729302605139083265
729302585333583872
729302542581010432
729302536910295042
729302523773739009
729302523371126784
729302522712580096
729302503016177665
729302463732273152
729302421168513026
729302364818038784
729302317023911936
729302316671586304
729302306752110592
729302298426413056
729302273491271680
729302258798628864
729302239810969600
729302225537785857
729302211130368001
729302197029117952
729302182449717248
729302177575886848
729302134819151872
729302119858110464
729302119472189440
729302108944498690
729302082591690752
729302040271196160
729302020511784960
729302015667363840
729301958264119300
729301948575293441
729301948478820352
729301943571517445
729301914693722112
729301871718846464
729301871702073344
729301843566727168
729301807931891712
729301793209864192
729301737090093057
729301737073311744
729301717339119617
729301693284769792
729301644756705280
729301591795245057
729301581963792384
729301579828887552
729301572333633536
729301536048750592
729301531208486912
729301514263498752
729301507888140288
729301470089072641
729301450547855360
729301420722114560
729301399029219328
729301390883885056
729301389340377088
729301365835497472
729301361154658304
729301360810696705
729301242623582208
729301164320120832
729301163841966080
729301063329714177
729300979586244608
729300961357783040
729300947298443264
729300944236642305
729300939329298433
729300925370654721
729300896014737408
729300828834521089
729300824057225216
729300799856087041
729300707979853827
729300683669708800
729300683556421632
729300669039968257
729300649645465600
729300639503683584
729300634957029377
729300634940276736
729300610571378688
729300610567135232
729300591315288065
729300571774066689
729300571660812288
729300547740663813
729300547736506369
729300528828555265
729300523296264192
729300519064207360
729300504585502720
729300504585474048
729300490039656448
729300485346222082
729300480493428737
729300447605841920
729300443348656131
729300432439250944
729300418317029381
729300399362953216
729300384477413377
729300384456441856
729300365640802304
729300346619600896
729300331729846272
729300289023397888
729300246170243072
729300236380708864
729300236372299776
729300226553483264
729300221683892226
729300208832503808
729300192126623744
729300184602054656
729300177459105792
729300172564402176
729300143980216321
729300143967604736
729300134895329280
729300131892232193
729300110807425024
729300083477352448
729300083410231300
729300083091505158
729300042847158272
729299998148427776
729299962014523394
729299915499675648
729299877428002816
729299877427978240
729299852673212416
729299847568719873
729299791503491072
729299786596110336
729299736943960064
729299713518755840
729299699266560000
729299670690713601
729299665888272389
729299655880638464
729299641242558465
729299607285440512
729299606828257280
729299602709487616
729299522124288000
729299489832337408
729299456273735681
729299405535219712
729299381208252416
729299364997304320
729299297691279361
729299262886977536
729299260714274817
729299255823732736
729299246109757441
729299233514225668
729299209631895554
729299181551026176
729299169316311040
729299167017754626
729299154581643264
729299149737201664
729299123870928896
729299110923132929
729299105139171330
729299104807800832
729299076789862401
729299053033349120
729299053033316353
729299043453542400
729299029268398081
729298996070486019
729298977158402049
729298966706159617
729298962893541376
729298931822141440
729298923756478464
729298894442536960
729298858652508160
729298858275045378
729298812645216256
729298796581027840
729298795536621568
729298718554382336
729298713630269441
729298712980131841
729298684190449664
729298669439062017
729298626363580416
729298587469762561
729298563067346945
729298510902755329
729298442502082563
729298414656049152
729298414559629312
729298404644245505
729298400076652544
729298385480470529
729298366400598016
729298366148968448
729298366044114944
729298356086824960
729298347207483392
729298327800401920
729298322943397888
729298322586882054
729298312604438528
729298264734859265
729298211580485632
729298208006889472
729298174716698624
729298128306737152
729298126738071552
729298117045035008
729298114226462728
729298078428078080
729298041237168129
729298025508573184
729297927655424002
729297914808311808
729297848441823233
729297833807896576
729297766657101824
729297724420456448
729297712915488769
729297680191512576
729297656531406849
729297646871941120
729297637124366337
729297612696735744
729297598318706688
729297588294291457
729297545696923648
729297516609478656
729297439228747776
729297429405655040
729297321922428929
729297288439332865
729297172009615366
729297123640934400
729297080858992641
729297080439578630
729297024055541762
729296911497240576
729296908808654848
729296897572114432
729296856262451200
729296807142957058
729296778743316480
729296746589773824
729296632844460032
729296604335767552
729296566540902400
729296564670205952
729296551911116800
729296546940887040
729296495296417792
729296475457343488
729296471523106816
729296460815077376
729296458084548608
729296439130480640
729296424312037376
729296398336696326
729296397988560897
729296331936694277
729296307051880448
729296274005082113
729296221949468672
729296203750383616
729296162784583680
729296146095443968
729296136654061568
729296117544845312
729296109919604737
729296107516219392
729296050448523264
729296045516054528
729296040365432832
729295970442215424
729295956433207296
729295946568241153
729295918395064320
729295884794494976
729295827873636354
729295823188598784
729295760391446528
729295709195796480
729295662395707392
729295657207357441
729295638798557185
729295579029721088
729295549384384512
729295547568291840
729295542505721856
729295537413881861
729295493520449536
729295483349303296
729295463657005056
729295409873494021
729295385886236674
729295327350521857
729295286187659265
729295279447375872
729295264742187008
729295254914883584
729295221960245249
729295157535776769
729295117245288448
729295116892966912
729295069547618304
729295061033181184
729295024643416064
729294988077453313
729294958595702787
729294924215025664
729294861568905216
729294789036888065
729294774826471424
729294765120851968
729294740819083264
729294719927214080
729294710859145217
729294631700062208
729294566377984000
729294536816484352
729294449604354048
729294439772905472
729294381048455169
729294381014880256
729294338799239168
729294338799198208
729294319622856706
729294300748468227
729294285921656832
729294280741658625
729294261246550017
729294237431291904
729294145362100224
729294102047510529
729293988084076545
729293976356802560
729293969197142016
729293949634945024
729293949634904065
729293937433661441
729293934925488128
729293918571929601
729293872010944512
729293857691553794
729293857364434944
729293779643957250
729293764749971456
729293735658283008
729293692637306880
729293629701775360
729293609569112064
729293580116725760
729293547287908352
729293537435488256
729293516333944832
729293503423913985
729293488609591296
729293479126269952
729293478794911744
729293472956481536
729293453176111104
729293438613475333
729293399463858176
729293391112994816
729293351107710977
729293329305735170
729293324490657792
729293309923889152
729293293037608960
729293286267969536
729293216571269122
729293172539432960
729293128482480128
729293100355493890
729293085117583360
729293075923668992
729293061876940800
729293056298516480
729293010593185796
729292984055832577
729292972764733440
729292951193423872
729292929114636288
729292904598888448
729292866736955392
729292846193254400
729292845845078016
729292741574688768
729292724478709760
729292698692157443
729292661597704192
729292656673611777
729292628575969281
729292613795250176
729292554106064896
729292540705263618
729292520086110212
729292424934100992
729292390108798976
729292375550353409
729292371918131200
729292324040151040
729292314678427649
729292299788652544
729292231580864512
729292193349799936
729292186911580160
729292135036375040
729292120977104896
729292112605237248
729292102073356288
729292088068579329
729291983416524800
729291983412297728
729291978483994624
729291911236739073
729291906107117568
729291848569651200
729291805053747200
729291787538309120
729291780768702464
729291732756533254
729291714117017600
729291714108657664
729291694487699457
729291693476843520
729291650896257025
729291650569150464
729291640595087360
729291625994682368
729291597498572800
729291587553927168
729291569182826496
729291554876104704
729291521095127040
729291511288897540
729291488216023043
729291459090743296
729291414727626754
729291358280654848
729291299988209664
729291295068327936
729291295059894272
729291294875353088
729291294535606272
729291261056704514
729291247060328448
729291204081295361
729291203724742656
729291163316838400
729291102583332864
729291097583718401
729291075781713920
729291020286853120
729290933699649537
729290927823458304
729290798609498112
729290785334513664
729290778158080000
729290739511795712
729290729663565824
729290700156608512
729290644364009472
729290637355327489
729290617419784192
729290559378972673
729290537396670464
729290535597301760
729290517326925824
729290498666430464
729290491720704001
729290458166231040
729290448250888192
729290401425723392
729290387320279040
729290329317199876
729290260480319491
729290207355281412
729290159645069312
729290096394964992
729290031139950592
729290011825217536
729289952463179776
729289937577644032
729289937212727296
729289914567696386
729289909672910850
729289894078513152
729289845718159360
729289845403582464
729289789581623298
729289675840495617
729289670987632641
729289618303000577
729289585054777345
729289552821510144
729289528377147392
729289499222548480
729289433384521729
729289388589338624
729289375155036160
729289331571990528
729289308587220992
729289235937681408
729289179134222336
729289149056835586
729289106937683968
729289062746497024
729289023768829952
729288934140710912
729288857263300608
729288847268450304
729288832265281536
729288812367466497
729288798425604097
729288763214467072
729288723188211712
729288650014367745
729288625578352640
729288619765071872
729288581647204353
729288548034039809
729288547119685633
729288514588676096
729288513305239553
729288509685563392
729288502785908736
729288457227374592
729288447505006592
729288442614415361
729288422930534400
729288408464416768
729288334409768960
729288314809819136
729288301199261697
729288253325475840
729288246786588672
729288246778167296
729288241824694272
729288181003096064
729288141538926592
729288118625411073
729288099218350080
729288089844088832
729288057657008129
729288048203071488
729288047838167040
729288012505317377
729287968603525120
729287917743407104
729287833022652418
729287808540508160
729287755247706112
729287741972713472
729287741561700352
729287702177193984
729287667699961858
729287602902171648
729287586150125569
729287548237815808
729287456755834880
729287455292035072
729287451814989824
729287450334396416
729287441878671360
729287436941987840
729287413135081472
729287412275253248
729287392918568960
729287379064750080
729287316162813952
729287203600273408
729287193856905217
729287150856871936
729287106674073600
729287062357053444
729287019231248384
729286950142631936
729286935290613761
729286918827970560
729286884753473536
729286884065607680
729286827031453696
729286817351000064
729286812607250432
729286792378077184
729286743543795712
729286681874956288
729286641848737792
729286622601060356
729286608533393408
729286603663810560
729286585611526144
729286555685113856
729286551302082562
729286502086115330
729286401187946496
729286315087302656
729286295709622273
729286248318132225
729286243633111041
729286227505991680
729286227434692608
729286194597498880
729286165149323264
729286160325836801
729286127421546496
729286059658379265
729286011428044800
729285924962455552
729285924958281733
729285906004205569
729285829613363200
729285824559222786
729285776349929472
729285766648500224
729285752102625281
729285673736278017
729285640462868480
729285579234385920
729285578869465088
729285502877110272
729285427996172288
729285396597637120
729285270093193216
729285261524279296
729285204775305217
729285194948075520
729285078946177024
729285036155899904
729285026370625536
729285002521796608
729284959798624257
729284926764285952
729284914420457472
729284902986768384
729284890089246720
729284846434951168
729284733742370817
729284719691452416
729284691115675648
729284676121038849
729284676070694913
729284662724452352
729284571095650306
729284528720601088
729284523871997952
729284398550376448
729284348977909761
729284348537536512
729284345207267332
729284343621816320
729284270749966336
729284238902595585
729284152906784769
729284131582926850
729284124385509376
729284112586956800
729284098640859140
729284095948120064
729284076557864960
729284035516633088
729283962460250112
729283939072757760
729283879131996160
729283589058142208
729283560230686721
729283550290190336
729283537031987201
729283522997805056
729283498079457280
729283497051885568
729283445449367552
729283445101240320
729283433369718784
729283391929999360
729283353514414080
729283351455014912
729283343771009024
729283308341760000
729283304604631041
729283222148808708
729283160979050497
729283108843872257
729283079513088001
729282973065838594
729282955806281729
729282934692184064
729282917650735104
729282905327865857
729282894066110465
729282793465782272
729282755251437569
729282711618134016
729282653313081344
729282648414130176
729282594546683904
729282473905954821
729282445871194112
729282435473510400
729282373007740928
729282329932275712
729282315575173120
729282277977395200
729282267466506240
729282264035512323
729282158242582528
729282107940343808
729282099555934208
729282098243080193
729282035181748224
729282006262022144
729281963043889152
729281942948995072
729281918508802048
729281914989744128
729281909021245440
729281886548201472
729281875831742464
729281786824425472
729281777211056128
729281769376079872
729281728091561984
729281718604038145
729281718226550784
729281698429444096
729281675230728193
729281652065587200
729281565642006528
729281536256663552
729281523657023488
729281521740177409
729281508054212608
729281473723817984
729281468229296130
729281458313924608
729281368589516800
729281129908346880
729281075285884928
729280858306142208
729280819005669377
729280818896461824
729280775200219137
729280746452455424
729280569192812544
729280554621788162
729280544941334529
729280539836829696
729280539501289472
729280530244456448
729280467422187520
729280451353812993
729280441635610625
729280438116585472
729280412736839680
729280393128517632
729280362287800320
729280359452418048
729280311360552960
729280302179192832
729280297234112512
729280253584023552
729280194746286081
729280186554798080
729280053364723712
729280052991381504
729280029213876224
729279893603651584
729279873626177537
729279833906118656
729279815862226945
729279648610164736
729279546118184960
729279535917604864
729279511435452416
729279496746983424
729279467399446528
729279365872128000
729279334788124673
729279240395333633
729279131599314944
729279032475287554
729279018449575936
729279015509331968
729278977047584769
729278966339543040
729278956281569280
729278952607391746
729278889806069760
729278841789669378
729278832071479296
729278808281350145
729278784516411392
729278750076997632
729278734503546882
729278729566855168
729278691830734848
729278676781572096
729278625019658240
729278554735714304
729278542156992512
729278541771104257
729278460540030978
729278362888212480
729278336849960960
729278288347037696
729278275021770753
