931346647665164288
928672908993368065
821939904187744256
806283283134713856
781533082985766912
780882994626039808
780803227583324160
780521693181718528
780448869565865984
779350487116095488
778987942895202305
778632671979196416
778266959829839873
777904633041649664
776818160683003904
776457869357035520
776176059263819777
776103184032870400
776084991239270400
775771197145427968
775730675383046145
775369428498198528
773917535267803140
773203102493138945
771385736327077888
770698900483158016
770294018840272896
768482339215126530
767755759199203328
766674951160016897
766307540036530176
765945322547752960
765587122275229697
765221670646710272
763843635620159488
754014206685425665
753276711479816192
752546310075461632
752176326149222401
751815458685202432
751466256033673216
751097249283780608
750765875972567040
750394542138880000
750347893521813510
750347832066838528
750006169456881665
750006070320312320
750005973805256705
749990731326959616
749646415685570560
749646346290733058
749646316972576768
749646286828122112
749315013827932160
749096573884198913
749096499997396993
749096429352685570
749096335811366913
748996360523751424
748996297797935104
748958954747604992
748958924582170625
748911482356641792
748897560190816257
748897467064676352
748897436051968000
748897391223287808
748897325540532224
748624308956631040
748577014924214272
748576994636357632
748576970393292800
748534152371154946
748326838095646720
748326775747276800
748209908395323392
747928599102033922
747860811167653888
747803525845921792
747548473017270272
747548070326349825
747547826192670721
747547463037313024
747547211173486592
747483770945572864
747113970918522880
746875099177844736
746874731811377152
746874684583485441
746874667340750848
746874657765097472
746737392959119360
746718946691186688
746718657019940865
746718633112440832
746718617509625857
746454582004355072
746393005137920000
746386788374085632
746386572623306752
746386446647320576
746357337267417089
746123182881542144
746093895767883777
746085672688115713
746085638835838976
746085460594745344
746085446128570368
746085260937437184
745737121298735105
745731801469984768
745731712982777857
745439230948610048
745398175557517312
745398141680181249
745397373820559361
745397265955577857
745360578416246787
745266081133006848
745266045166845952
745072339641991168
745057062980182017
745032795341234176
745032381640257536
745031979058364416
745029246146338816
744992601447632896
744990095128698880
744989287272243200
744947313055916033
744670666926895105
744670432771465216
744668784342892546
744607442428792832
744602841633828864
744596169871876096
744556881222504448
744555434502197248
744555368257363968
744555200799711237
744555169115955200
744530786158682112
744279791797342208
744279692467855360
744279478155698176
744258025850974208
744230733795885056
744202472802025472
744196612847636480
744039673689935872
744024777048858625
744024715656839168
744024496236036096
744024120246083584
744005140089167872
744005096715911168
743991110972760064
743951443871174657
743951328662040576
743946922298245120
743946899976163328
743946886927679489
743946812751413251
743946767985577984
743946750273064962
743928677897932800
743923458929635328
743917538703114242
743917489612955648
743913352829644801
743891647008669697
743889796901253120
743889300975161344
743889200005554176
743886992136609792
743885227412459520
743885219699163136
743885097619755008
743884996331507712
743879291767709696
743851419782909952
743849588235206656
743841663773081601
743835727088095233
743814885507686400
743814825805914112
743813668689715200
743813654848516096
743813610384723968
743662241182953472
743660759838662660
743660722370969600
743660663524909056
743660484029624320
743639160544628737
743626261608595456
743625032153210882
743624892164116481
743614808684003329
743600899537309696
743598247554387968
743598010446159873
743597379769622530
743591332774449152
743591311622561792
743591298351800320
743591284909039616
743575586673549312
743575571267911684
743548350427893761
743547199997411332
743523371921481729
743516588796575744
743512409625681920
743510200338898944
743504069575094273
743487692650905600
743487663710208001
743486351320899585
743484662027161600
743477006453510144
743459399109251072
743459341907333121
743459137082654720
743258962066214912
743250102429483009
743250072725397504
743217142103867392
743213521723265024
743202586291896321
743186425722478593
743160053201408000
743159840260788224
743079498636087296
743079484392230913
743079434123513857
742931953389862913
742931657552986112
742931616813744128
742931391856431104
742931366338301952
742875603502649344
742843690201161728
742811007400087552
742793173483683842
742784540943355904
742784518034051074
742736301154140161
742736178793713664
742718393980059648
742564102791274496
742564075054366720
742564068758675456
742551152693149696
742503304266027009
742487320360669184
742484250193068036
742484206870110208
742484172430675968
742484144375005185
741793528406286336
741793486882656256
741793407853592576
741775342109634560
741775329224761344
741775279656423424
741656403593465856
741655467504500740
741477776172032002
741476507239862273
741474339187367936
741473467116068864
741469824711163906
741468361695977475
741466207597907968
741465628368723973
741464282693402624
741464194139054080
741463102059745281
741461965051035653
741460955159138304
741460908996595713
741459351626354689
741458085596659714
741458037710327808
741457825004544000
741457773771120640
741456694190833665
741456518579511296
741456277188923393
741456219848642561
741454589086433281
741454259980357633
741453303955869696
741450103773241345
741449214576590848
741448636760870912
741446765249863680
741446083264446464
741445428139327489
741445359180746753
741444966124134400
741444920271998976
741441502056833024
741440849729359872
741440520778481664
741440417166561280
741440295502381057
741437988765204480
741436430849712129
741416198668161024
741407266662944768
741384309240516608
741384235714371588
741384142319816704
741253793187135490
741066294506594307
741057457602977799
741056283705368577
741001425988292608
741001405415198724
740997000598937600
740957715602800640
740921128638631936
740921084132896768
740920684877107200
740920654795530240
740920598218604544
740920503397912576
740778443915300865
740778284456247297
740778060631441408
740777841575530497
740777790878961665
740777367283609605
740776945303031808
740776330099363840
740775808655097856
740775590584848385
740775557944729601
740769297727934465
740768126288158720
740696537248845826
740683765568180225
740683714972291073
740676450488061953
740669847961473025
740657853359357952
740657841682452481
740655598216302593
740655364715253761
740654988297396224
740654757166129152
740654723691335684
740654447098003457
740654424192876544
740654184463241216
740654168654909440
740654146907410432
740653863494123522
740653849325801473
740653824906563584
740652820181995521
740648693678919684
740646956532420608
740638384293564416
740624935404642304
740592319313776640
740592294806454273
740548682106294272
740548130312093696
740530355900452865
740526090691743744
740526049281380353
740383278775951360
740383211742584832
740283748873175040
740262084634611713
740197197375889408
740195107240960000
740183803230969860
740180875921395713
740180836784431104
739986827050811392
739872242566205441
739861400604925952
739856568754180096
739829993933398016
739586966400827392
739534404536520705
739534366150295552
739534272629870592
739483671900475394
739483587091668992
739471997776760833
739249999305834496
739249687480258564
739249579292397568
739230601979514880
739137975842283521
738993967648247808
738993943342252034
738894192865218560
738894152729956352
738877555684442113
738823041237409792
738763313266360320
738755311498985473
738514033918148608
738512473628647425
738502589931606016
738502572403613696
738460258427752448
738421755652411396
738415847039864832
738415833806839809
738415822130024448
738415804245508096
738165645796216832
738100025348104192
738055307130114048
738055258052517888
738055186749366272
738055080939687936
737790305290706944
737708899092959232
737662092812025857
737661992807211013
737661986880688128
737333468971945984
737328916671565824
737044641111908353
737040881673347073
736935256729624576
736622943610904576
736615231699357696
736565435445874688
736268421373952001
736236213913292800
736021659732213760
735979989863010308
735969253585649664
735941793594773504
735881982781972481
735589884845379584
735575797390442496
735524717524713472
735326363851337728
735300951624425472
735300737559711744
735177379320987648
735163039515705345
734956619977498624
734956236815241216
734817516636143616
734816331959177216
734524792640921600
734524774076940288
734491869388771329
734469430357286912
734414260470722560
734414197635747841
734414171291295744
734132790824865792
734127074894438400
734126899958419456
734088375024517124
734044720020611072
734044702224220160
734044682884239360
733730319182925824
733721190334763008
733707101646651392
733414215713591298
733414093218947073
733409420386828291
733385604449214464
733358605391429632
733030194676555776
732693884229156864
732626033594130432
732622599780360192
732267331292827648
732266520789704704
731280126256648192
731264717742694401
730847696320270336
730460417202388996
730436767099183104
729807532634439682
728368914967625729
727931746910539776
727620096177250304
727249263931969536
726093714964140033
725746721762869248
724654356260216833
723283703837773824
721080987862614016
720031245745463296
719347314083520513
719194121441714176
719023486564306944
718847710338494465
717483434243784704
713047854718160896
712785904448905216
710306678034423808
710209078975279104
710123372223463427
710122080839151617
710119567679311872
709799978382729216
709799963128045568
707989478212706304
705097882714697728
701828833821855744
701120544792379392
701119587488665600
701119553233793024
701115281289031680
701107330516017152
701107155777167361
701107091033841666
700756772865208320
700715388284174336
700715304985300992
700715128925237248
699684110411759616
698900106666377217
695673353714028544
692805380250832896
686458027990384641
680084874535948288
671791424434667521
667830649458290689
667813913581346816
667782838083719168
667762341270851584
667756500094291968
667756313426837505
667755765701087232
667755615922483200
667755538495606784
667751047880835073
667749772351041536
667749726146527232
667743462960140288
667732721179865088
667491375491870721
667484279505469440
667480047138181120
667477976473141248
