704850496138260480
685611484395782144
685594330686459905
618861963582443520
618133580116422656
617373581731696641
616723027829469184
616670033985568768
615907655861710848
614880387735535616
614183557288693760
614095257085460481
613805098276388864
613370763568148480
613119062110023680
613041738278641664
612967866699157506
612642644829679616
611978008266588161
611970489314099201
611628523464355840
611615533419511809
611246720253562880
611228203928039424
611002104631537664
610916659868602368
610823287342501888
610820380396097536
610551622331019264
610452223244562433
610452179506343936
609789874745446400
609518069652688898
609437700983132160
609020035328163841
608719052320571392
608391377731198976
607962518376452096
607632344011317248
606524596855013376
606113746394546177
605841725588766720
605825731742924803
605824169612156930
605824050519142402
605819760136187905
605450966423367681
605022946386518016
604724340844724224
604456861098635264
604450135012032512
604304969886400512
604053307930234880
603234349668913152
603203712123871232
602621626874630145
601767419254800384
601488848380628992
601488819792273408
601488315230060544
601441091682897920
600762361138413568
599601463078195201
598974848614838272
598219868521934848
597400725874872320
597049642757398528
596051324313047040
595257848222748672
593836814185684995
593105897368461313
592054983027068929
591356654551179265
588092262824943617
580116339857104896
579356823985098753
578352033255690240
578269786720714752
578235584214249472
577908675043463168
577635475403374592
577611372625666048
577544881238773760
577182483076120577
576548344828289024
576457825456513025
576141687837192192
576129194377158656
576125574843793408
576095379835334656
575823538487214080
575793485665566720
575751236881813504
575733045833003008
575461145827409922
575450221259288576
575439359861633025
575403721963655168
575370726800105474
575353832063946752
575340529686200320
575334852091768832
575098755151626240
575076996264284161
575038374999801856
575019448609824769
575008258412294146
574980853157076996
574767314136010753
574723378692497408
574723315186601984
574723146529398784
574706167265423360
574691061542445056
574645776770453504
574615896578260992
574615766798049280
574615051807670272
574452727964524544
574452618405109760
574448422452785152
574448153346203648
574420905394225153
574369108201857024
574358890625679360
574343774584750080
574327684618141696
574323014835306496
574298482430734338
574273061500878848
574264761363271681
574224922844622849
574223854844817408
574085621582442496
574064350639489024
574064254640254976
574026723211153411
574019637572055040
574014684589772800
574011601721761793
574010991874207746
574004036929646592
574003613174919168
574001777542053888
573996737641123840
573993511076372480
573986441816117248
573984528303177730
573981396621860864
573965286937858049
573964438602018816
573960883975553024
573936292083331072
573936137082896385
573935493668167680
573934085179072513
573926230929485824
573922831693565952
573922655146921984
573921637638148096
573910668648251392
573903202539601920
573896100530155520
573884942750388225
573884594413395971
573882599430492160
573879138269798400
573875748496273411
573864502740975617
573853541279920128
573838193067319297
573706571781402624
573702489188364288
573701965139443712
573701928602861568
573694508497399809
573666560293933056
573664302004989955
573660324101947392
573658776303177728
573649405892427776
573648714264395776
573641648963350528
573634143642251264
573626853790912513
573623801549885441
573619034987499520
573606184764096512
573605722161815553
573603663987351552
573598619170897920
573588899424919552
573582254288596992
573572187476615168
573558850793533440
573548301670346752
573537484656635904
573515134066360322
573498253515231237
573483112878903296
573332108292194304
573317007954870272
573301983471263744
573287395249938433
573283063314059264
573282218530873344
573282056588808192
573280175644917760
573279860833030144
573279511476871171
573279249811017729
573278652273692672
573277515180994560
573276772185214976
573275776381927424
573274291271172096
573270654075580417
573263167192743936
573262354961473537
573260501087494144
573254740080926720
573211324093607937
573185331660394496
573160243019952129
573135832833343488
572993372866125824
572969727049408514
572959089677844480
572949337661173760
572941462389719040
572939520024317952
572923700837666817
572900055666970625
572894292022185984
572879143462834176
572836402330791937
572816042176606208
572793886952669185
572789096789123072
572627216061865984
572609135923097601
572592231804100608
572586995286974464
572559297541902337
572535018083385344
572527136809996289
572518917077245955
572500406451875840
572480290779623424
572447274443280384
572244943541911553
572231098672943104
572214749397581824
572207064837169152
572201858242105344
572201845990539264
572200845565165569
572200703315341313
572200682222178304
572200351404859392
572200163198029828
572199925720621057
572199884826140672
572199832741388289
572199816526221312
572199600548917249
572199576775622659
572199459334967296
572198313941852160
572198226595590145
572197220835065856
572197176211873795
572195444253708288
572195215802433536
572195130951802880
572195119115329536
572194002147024896
572190298656411648
572189003002343425
572188951353688064
572187564347531264
572185653464580096
572185600511508480
572183353656418304
572180601400262656
572177966781751296
572177469458923520
572176655315161089
572176239928090624
572175357597523969
572173993987325952
572173201494552577
572173133026762752
572171065956278272
572171021538623488
572169476386369536
572168626385506304
572168594324234240
572159828467953664
572157961218347010
572157169107255296
572147828480471040
572119684276858880
572114974266425344
572114909841899520
572109296797810690
572109261104279552
572106023068037121
571912756208656384
571822661921185792
571746426440425472
571732512264740864
571732495642726400
571703234965843968
571689775335272448
571688490582188032
571688437541031936
571499818541027329
571495364504641536
571474871043031040
571462284221927424
571453244553240576
571435718389604352
571435708340002816
571402229459988480
571363031109599232
571356880473235456
571132188042731520
571076675628216321
571039498718420992
571037093075353602
570981869673586688
570761067946647553
570704918274822144
570690272184672256
570689695170072576
570689432216588291
570686795710664704
570684254922924033
570675553348521985
570674925398175744
570674154325864449
570666540405788674
570661624014508032
570658919032365056
570652549856010241
570651997646548993
570651815357894656
570648445607911426
570647748556541952
570647292203700224
570647031871643648
570646644477333504
570641919212007424
570611980735639552
570610159703040002
570596871263145984
570402351015546880
570375603846664192
570351341471535105
570324085453901824
570323471315529729
570312229863759875
570296921228759040
570055521400549378
570040429975965696
570023704308027393
569995124572233728
569957854284685312
569949475671711744
569678036297084928
569587448277110784
569567584674148352
569567406458155008
569523691639320576
569368500831002624
569240567093161984
569235184899330048
569232313843781634
569225058687660034
569218292310630400
568939059042582528
568930990229311488
568892879730450432
568873820003504128
568849818409246720
568590881806106624
568586783782342657
568586586490675200
568586153265209344
568585221714501632
568560692510396416
568499187043737600
568497818698186752
568483845496016896
568483836524433409
568476772703936512
568476753561194496
568476316128780288
568474888257667072
568474873758162944
568473939581612032
568473778709086208
568473501499150336
568473488740102144
568473478715678723
568473471153360896
568473462223667200
568473454468399104
568473433337503745
568473423606714368
568473414639288321
568473405650923520
568473396243099648
568473376060096512
568473366589366272
568473359165427712
568473344443486208
568473312927444992
568473303553159168
568473289577750529
568473276827041793
568473160321888256
568472254100549632
568466938772369408
568233280761241600
568215785488785409
568183214767878144
568166701763727360
567826252981133312
567775545262215168
567745531921711104
567413122567118849
567061106271600640
566687629320544256
566343570794102784
566343485595197441
566326039639375872
566310841100685312
566296118414155776
566280642174791680
566074786606903297
566052892264521728
566033514621976576
566016699858571264
566010115849859072
565978652064485377
565968661693755393
565952552462606336
565948453335740416
565942220105064448
565688239747768320
565678536359686144
565647274597163008
565327674696925184
565302468306014209
565294677763837954
565282064845783041
565276992300679170
565243546744016896
565238931843600384
565232366373715968
565229758036721664
565182667197399040
564952160173973504
564910553273880576
564882439835635713
564227125616459776
564151659266195457
563864748974821377
563827554373468160
563816302356082688
563789331316211712
563512151768190977
563469757714681857
563438079751356416
563407842795745280
563144149860233216
563105452368879617
563034553821175808
562777687975284736
562759620008349697
562714383567306752
562693909860847617
561644535348871168
561281996672864256
561268363750408192
560905362086166528
560890202973958144
560872884151668737
560619126129823745
560603710477185024
560557858106785792
559809429512527872
557674262346362880
556987352296341504
556987202840719360
556986305909776385
556945832440655875
556935200513335296
556934857339592705
556934804248084481
556924395503878144
556922838687297536
556922827949895680
556922777702117376
556922710245138432
556921720779468802
556921570115866624
555186366598754304
554830802475692032
554061157841915904
554055776029798401
554033052158922752
554019943981654016
553942862790811648
553751484605554688
553750914339581952
553750832961691648
553750230839988225
553742177537245184
553678170600120320
553671001112715264
553670828475170816
553639330904686592
553637795890085888
553633174178119680
553631232794193920
553628959502397440
553604831793778689
553598432456110081
553322947608195072
553250876727390209
553008639070728193
547195529264779264
545700067517030402
545382965530750977
544583665200545792
542861342265204736
542030880118562816
541034304717848576
532691825006350338
529790981348929539
529706530866606080
529705016794173440
529691002202640384
529685961626484736
529367393953263616
529321902796718080
492377793947127809
492100193739755520
