594520473783775232
593705332368605184
593705208292712448
593705010539671552
593704808726536192
593008686102138880
593008620025032704
593008205929779200
592346147479367680
591583624262062082
591226345205600258
590843799896600578
590458224807141376
590458121497223168
590458016476094464
589824558221234176
589778210239475712
589778075937832960
589778014529019905
589741287877713923
589391690508537857
589326986755051521
589194961234591744
589194938425991168
589180336346529793
589137563199213568
589094475550445569
589063146008141824
589053963640512512
589019843011149824
588985823200210944
588982777585999872
588981562647117824
588953395731509248
588953202206322688
588807086060003328
588806934784036864
588806813279199232
588806763056603136
588806723856637952
588686481344036864
588686446384570368
588665097800691712
588665039525060608
588660608121212928
588650861380796416
588650784578883584
588633136650522625
588633116920545280
588632901073252352
588311312976842752
588012230349848577
588012168198680576
587948601202122753
587948582730395648
587914094054899712
587913565996187649
587913556131246081
587603456015343616
587603409177542656
587283647088197632
586561150776672256
586560680796487680
586508882601705472
586508825609535488
586508802507276288
586508758957875200
585114245974491136
583904073944010752
583894254658854912
583311674402152448
582508873568759808
581511426977697792
581444073958998017
581162570159128576
581160098535477248
581159986207674368
581159892825870337
580747764075753473
580746482556530689
580442746646765568
580318103848022016
580317346847408128
579249886580756481
578253015758540800
578252885709991936
577903516116594688
577505118960103424
577505076169822208
577505018443628545
577504996541001728
577504977016524800
577504955680071680
577504348000890880
577504283563827200
577451490232692736
567721346076254208
567721282192805889
567720927589588994
566956373938683904
565850030511489024
565133706579689472
563719331067207680
563719317825781760
563718934202155008
563718874898890753
561143506040016896
560794100652589058
560794013176180736
560793976283070464
560790222104195072
560790150893277184
560789772864847872
560789666035949568
560789519575052288
560789488650420224
560485996236918784
560485760730951680
560422204416876545
560399629649723392
560399397549514752
560399349159841792
560399188970979328
560399116212400129
560399088186036224
560380751301328896
560380528856403968
560137555883360258
560137097764696064
560134629844611073
540079504384077824
