687634936883380228
665212569607610368
664850147168358401
664567531638755328
663762998025199616
662675833929261056
661954320657686528
661588672790339584
660863888125247488
659761668734525440
659039814549962752
658674476205391872
654705303682871296
653990667463606272
652151480250560512
651154919051792384
650339564222083072
649633265192714240
648907927437217792
648616084552028160
648616063085645824
647817944525836289
647470656246927361
647193297061081088
647082802610085889
646715676279877632
646356586802245632
645990925169217536
645628514981560320
645379330609057792
645010071651487744
644908374975508480
644540573240696832
644183600066334720
643915768011190272
643817078915403776
643574261274288128
643506473633509376
643456170242523136
643198041915154432
642729404574117888
642004631896375296
641656786517299200
641352324024168449
641279856077090817
640917474876235777
640567676192985089
640192707529449472
639830302844682240
639467905726418944
639229252525682691
639133356567891968
638743167806906368
638381882913107973
638124479969820672
637642775157043201
637293599441481728
636967922137739264
636677732881960960
636677302827421696
636211219918032896
635861370211184640
635490278330073088
635146664026619904
634847418102607872
634764808898801664
634394495065440257
633670076613328896
632678191056850944
632600546411589632
632270758622826496
632241736400551936
630053360545198081
627871514738749440
626529848425472000
624247629325684736
623522856341774336
622088438666395648
619551672843530240
614466977030017024
614301307055116289
614115863680172032
613457612160438273
610581516146442240
609759653703106562
609407180354142208
587299177840779265
586921705232142336
586664215156371456
586631996803121152
585893456121176064
585476282286272513
584747402642362369
584400083463999488
584022613686484992
583660235304206336
583047099241000960
582938536061464576
582599453527318528
582579290715246592
582210661880496128
581863379939160064
581493449976782848
581320378527543297
581134159835344897
580829707056201728
580788942913417216
580582775318843392
580582660671688704
580582581932068864
580582412868067328
580087920117215232
580087496718950401
580084346272382977
580045689373085696
579844937430126593
579844623381635072
579844133264588800
579844019812839424
579673943226740737
579574191659171840
579425438432247808
579425319062372353
579424794552111104
579323558930722816
579322597520764928
579320809027559425
579320672133885952
579320580463165440
579311570909450240
579309924116627456
579309363237494784
579309033019994112
579306903454507009
579054898177662976
578966517749977089
578951789854072833
578777030893826048
578776505242681344
578776422866493441
578714015330742273
578691491427565568
578663649700614144
578646729072967680
578569326539595776
578393442985766912
578393260852256768
578392061776252928
578242660336603136
578241532286754816
577883813025443840
577660896266203137
577660563582414848
577660247944237056
577594255843069952
577594059935481856
577556747147091968
577521656601546752
577515055962451968
577514873359196160
577498425333145600
577320600810569728
577228034496819200
577218045636050944
577217986768949248
577217151943061504
577216823088664576
577216543622197248
577188717351202816
577188183437279232
577167001115750401
577137227483852800
577003246293643265
576997058189529088
576958028332679168
576911631516467201
576911589862875136
576911500842967042
576850367595446272
576818843357581312
576818764479537152
576818501257560064
576818424615047168
576806353303285760
576802364427894784
576523709436936192
576508848195801088
576504701379690496
576504629011165184
576504608484278272
576488048927510528
576481605318897664
576470172929675265
576450397256097792
576449591794536449
576446840708558848
576438817764216834
576421081952624640
576389827601412096
576377517256249344
576375102326992896
576240693422616577
576240381907472385
576240243168301056
576226497276440576
576224599844655105
576224286333005824
576220618707763200
576219211988541440
576218108794314754
576217165692432384
576217011795075072
576209714725289984
576209663017902080
576177252427137024
576168650882691072
576163111788396546
576162592982376448
576162560728133632
576153105668050944
576117150391242752
576109227262894080
576091378133786624
576036350895398912
576036139594690560
576035926935138304
576034997443788800
575879795986190336
575879308234772480
575879216031395840
575879083336146947
575878690539630592
575878411505139712
575824472797671424
575821600362135552
575769369701036032
575748918455050241
575743491583561728
575733095808155649
575718412296396800
575716412519403521
575711811506307072
575704734511714304
575703159475040257
575692037510443008
575692031558725632
575645795191382016
575645762450628609
575551490586185729
575551380691251200
575547735757221888
575443758549880832
575442406838947840
575420612618792960
575400261859995648
575381603888705536
575380096330027008
575349187031629824
575317731639095296
575309259988062208
575295150345183235
575276248710033408
575269877537107968
575257361205436416
575180685347942400
575180492833599488
575180435677843456
575180112343121921
575141421688057856
575136347142275072
575136239789084672
575136158826426369
575135815602298880
575131768497442816
575121425985499136
575107726306504704
575106886992683008
575061127488348160
575026867138265088
575024870112694272
575024846779772928
575016499607310336
575016136892243969
575008967794929664
575008951227412480
575002576229269506
575001632930316289
574999396464467968
574990117925847040
574987963982946305
574987800073756672
574962225556774912
574940666595180547
574932835884134400
574921676061700096
574812075949588481
574794997179899904
574790631324680192
574790283419738113
574779084846198786
574778898258374656
574778655206830080
574660945881907200
574630947154321408
574628196580110337
574615570110226433
574607700115378178
574607678166581249
574603654084231171
574441885386715136
574439002587066370
574438886480343040
574438809514864640
574421105970057216
574391848535371777
574341137097363456
574339068969885697
574339000300756992
574298738149060608
574298556984467456
574268683364651008
574258318169894913
574257939361361920
574257796029358080
574257588222566400
574257493842362369
574257341337460738
574113324784222209
574061848741306369
574047153175183360
573982964305932289
573981500711964673
573951914062127104
573897267637325824
573669915007156226
573587858725826560
573539050717454337
573368816169697281
573356283018919936
573353691438166016
573353438127386625
573347190174715904
573261233337450497
573246660639260673
573223133324263424
573215971323727874
573166069252112384
573124920764338176
573124852934000640
573098095648497666
573016731062427648
573016143293632512
573015212086837248
572939743190630400
572939576672579586
572906010131632128
572891511693570049
572891393728774144
572891281455644673
572840192593268738
572828612237365248
572819163657326592
572811178713337856
572619755682578432
572615762268962816
572593732949688320
572593709688102913
572592808416059393
572572054806925312
572571366269972480
572571209587544064
572528531994906625
572526606121504769
572526249890824192
572507151115022336
572503427361599488
572503365327847424
572490809070776320
572489430683947008
572489219077062656
572468526159556608
572454913059385344
572454082926923776
572451286064365568
572444857731444736
572278412976373760
572261182897201153
572254933807853568
572254630337368064
572233646154760192
572226472150097922
572219627389894656
572213552355905537
572213241725775872
572212412256026624
572211110021074944
572210710882729984
572209728522231808
572209348102864896
572209324694503425
572209295271579648
572209267215884288
572208932397178880
572208530821910529
572208200566640640
572208012049268736
572207748420661248
572207737007960064
572207472494186497
572206867499204608
572206397007507456
572204709508980736
572204149430865920
572203375913279488
572203239015378944
572202622603685888
572202312090959873
572202011204169729
572201975514677248
572200475002593281
572200176275865600
572199801103781888
572199385783767040
572198687352463360
572197667822051328
572196833289764864
572196533787107328
572196014775517187
572196011881459712
572195591654125568
572191008546549762
572190784239362049
572190030845878273
572189925514190848
572187431983706112
572185097585094656
572183733043900416
572178705293959168
572142287339167744
572127203762171904
572120941813088256
572119597102460929
572092352036122625
572080114290184193
572075061240184833
571946920228220930
571906365146308608
571878335778668544
571866189187563520
571865884282626048
571865778888179712
571753843656036352
571711151362334720
571575519843520512
571574989675106304
571556163214422016
571529417551290368
571526339095736324
571455095444885505
571454285868765185
571432980968710144
571374401083408384
571353729569464321
571333499690418178
571315586833080321
571205671074406400
571194816240885760
571190096650637312
571189221580414977
571102111070445568
571099783185633280
571003687155273730
570662637463150592
570653211289198593
570629343191257088
570611070034796544
570610252778876928
570610109572714496
570470535680946176
570469981705654272
570400928827748352
570367408054992898
570366645534724096
570330521047166976
570270657306431488
569942920305905664
569666011479150592
569643501362634752
569557284113620993
569260238643134464
568940590252953601
568862767429521409
568818170728878081
568789862318370816
568634685309337601
568541714383634432
568499406166749185
568466811705929728
568424419099418624
568422736290119681
568422642421604352
568192315056979968
567769321117609984
567747286680084480
567367847265828865
567184228865961984
567006737060724736
566862090988580864
566760666946494464
566760549405298688
566673343214923778
566628067385151489
566392796198617089
566392694344138753
566390197344927744
566314656264769536
566309928088784896
566292452458237952
566288324541689856
566283217896894464
566265606387679233
566025974873985025
566005738774863872
565963651064942593
565956863196266497
565949936068337664
565945983079432192
565701100549181440
565420179018895360
565325313430003714
565239142020165632
565219982909272064
564908782749097984
564883990734073857
564875694769860609
564860127400828928
564664793819131904
564663664037216256
564469021265780738
564121489645903872
563846717255061504
563560143091027968
563449066135105537
563408126972424193
563407749170466817
563107315872956417
562996007521501187
562657630137901057
562318358264049664
560992945810071552
560611457990008832
560082685024952320
559919747777576962
559906511283974144
559782099968729088
559757722493521922
559395347034689536
558691728840863744
558072842294919169
555174832875511808
553664003444981760
551156588665266176
551060970118709248
550743310378086400
550724497116905472
550701492118630400
550576442174476288
550576058311794688
550549802631434240
550529163195469824
550526811528892416
550526696579813377
550516770969100288
550471511455191040
550435840833241088
550435011782901760
550426295457177600
550388466156982272
550387730694156288
550384388181995521
550381516144914432
550335704597684224
550305428144271361
550060426759651329
549735117036335104
546067016252006400
544987940284157952
540225006442405888
540204066618347520
540191453712891904
539853455146643457
539834084290473984
539482804598603778
539482770494717952
537031458398167042
535160651153301504
535132060508520448
535117417589264384
535117134616346625
535070067789025280
535066025411084288
534750619521646592
534749779964596224
534749387440676864
