935571288852070400
917912501420830720
719327641296248834
719327073311952896
708021906394447872
702554952598618112
695851031419162626
695827625600688128
695827505953964032
695827276479406080
694943482578735104
694324677196447744
693618455753326592
693618183027052544
693270869389512704
693230710807605248
693197898100510721
692868404965814272
692486781447483392
692130146891882496
691761596511617024
690675266549448704
690592366323888128
690281677797494784
690219176766484480
689953112698818561
689945536309305344
689943057232322561
689943026177683456
689943006808436736
689940728689000449
689854983282405377
689585230454259712
689502143963791360
689483863806967808
689354061678669825
689250992785731586
689163790600941568
688858319746805761
688782689910919168
688485590837284864
688179547242496001
688147083505741824
688075277411340288
687800079139250176
687713737424277504
687633513701457920
687630949480173568
687472554374594565
687407184003469316
687347108953722881
686711257643130880
685644974608617472
685323924280750081
685257139833712642
684852862686384128
684534243200905217
684487765262598144
684479523912429568
684433460056883201
684123553302581249
683722335258456064
683029971275649024
682667585259700225
682654924375724033
682305201382895616
681942801102147587
681580408945811456
680493267431985152
680130889867603968
679774040026775552
679111333565104128
678029224071032833
678025215054585856
677921786130903040
677715678896484352
677237860416684034
676858761550553088
676518965644935168
676441327224115200
675770642961063937
675412154514669568
675015247309111296
674680025065504768
674640171162177537
674639835412324352
674634675575386112
674408229741330433
674323366422044680
674024023362146304
673991616676257793
672841079830409216
672213852541444097
670758856994066432
670316206318972928
667774964330729472
667070970813804546
664186898743562240
662343753802231809
661630604660752384
659791833728286720
658738549584363520
657289238824640512
656239055764459520
654737883534749697
653993704177315840
640906040465227776
640234415654748161
639874280692408320
639519251653484544
639241366132752384
638471384029659136
638406730250977280
638402911601463296
638196465035116544
638189313281277952
638062404828397568
637840135107645440
637701325996716032
637484201634193408
637398559009017856
637365819110895616
637341631268519936
637337550332432384
636968101368627204
636952852787650560
636683922974216192
636594982900502528
636579978029727744
636382295893540864
636261493558763520
636223800925818880
636210620791066625
636012819872280576
635869913639354368
635527149949071360
635297617790898177
634895374222667778
634772235404750849
634756927885570049
634565640624312320
634546974461530112
634539788503261194
634517102506995712
634487418108936193
634463489843556352
634428618362388480
634180962306232320
634105840673296384
634058129408290817
634056452085149696
634027043282284544
633789837682831360
633788515386458113
633776332472610816
633764739458314240
633743979763253250
633707529474846720
633687684943208448
633431287890595840
633405539062448128
633383604022743040
633328174948966400
633025855631917056
632991261478121472
632963792595357696
632658342008107008
632625202640236544
632619922795835392
632424526417006592
632294985048547328
632280121349541888
632268814256766976
632257292663042050
632248459383472128
632232784715603968
632229636949176320
631945353713987584
631936323872423937
631929401370804224
631928603194826752
631907241696694272
631894610457948160
631881142963040256
631881095399628800
631873953036767232
631668764937818112
631640839811297280
631632519360745472
631604073725227012
631602841346555904
631599799729565698
631595465922908160
631578411136217089
631575469175889920
631549433625227264
631527053867651073
631497163307003904
631304060977549312
631250502282379264
631215929880281088
631213343030640641
631213066990911488
631212675612016640
631211121366581248
631209669160099840
631208854307508224
631208357450371072
631208003547475969
631207402759524352
631206820476891137
631206179222335488
631205702443233280
631204838584365056
631203658177232896
631203241313722368
631203002032898048
631201086229999618
631163762267942913
631149383426256897
631140601426087936
630969091163947008
630959994830106624
630944607870676992
630935218522714113
630933770313437185
630931999016923136
630931192238374916
630930834984321026
630930212989964289
630928577450504192
630927673351516160
630927146664374272
630926676495437824
630925853753356288
630923549100740608
630922438285529088
630922253023088640
630920046768820224
630919469355798529
630918820211748864
630914952455307264
630912394080878592
630912150135910400
630888260928040960
630877944458539008
630851965417750528
630821135819538433
630811883126173696
630774009538306048
630469232799559680
630410202437672960
630146358771494912
630045947309920257
629814045336428544
629774575513907200
629713801684750336
629694480573050881
629684139680235520
629457052050460672
629444172982808576
629411287756222464
629390193154396160
629366863747784704
629336793851101184
629176584092565505
629100510625140736
628687183562420225
628655796096663552
628645649743917056
628603150849564672
628600732078354432
628346070104276992
628313984580616192
628311651645698048
628300126570704896
628260912772714496
628249173364752384
627655901541855232
627643644686635008
627535528716472320
627249602635300864
627184183421480960
627095635217420288
626836910057492480
626817800963690496
626501063672082432
626463763495960576
626457430277263360
626447781738192896
626423633208979457
626208071082119172
626196396840882176
626185089207021568
626130908785971200
626101764085825536
626097018230829056
626077782284435456
626070778157494272
625874550195027968
625833332903784448
625361049353490432
625344053115092992
624961555302449152
624959130357248000
624643186925830144
624636765350006784
624346347303534592
624338084587532288
624338020272091136
624298354999214081
624281724445413377
624272014451281924
623940521237483520
623908108457353216
623897391457026048
623889405527359488
623623016832872448
623582716617822208
623531416521936896
623503477583405061
622091844151709696
621393856722923520
621362232824217600
621092386253357057
620695918396899328
619939790650150912
619587206626177024
618898361043845120
618534809007075328
618149419867770881
617046838311432192
616348329849401344
616006254247284736
615650816339218432
615320299676958721
615224302577713152
614870809794887680
614222434292531200
613137799571636224
612036392156172288
609064778749874178
608771680144494592
608653464613208064
608403851725651969
607960609947197441
606868307417796608
604038372114341889
603279881586147328
603276037812690944
600126168109481985
599226793535627265
593822832674537473
593787885922492416
593442497667473408
591775760152539136
591775576471379968
590152500579270658
588370806025146368
587659414418644992
586557754799693824
586196783296094208
586196574906294273
585835941518016512
585471063246688260
584029975092862977
583660352648384514
583397746121449472
583301019804684288
583294095499534336
582983030958092289
582982656226390016
582965749515460608
582961744869502976
582951554182963200
582936109849579521
582921348608999424
581242938258264064
581174543223558145
580752819088678912
580033690106986497
576061344702582784
573289694491885568
571480432493006848
571352553776160768
571352135230754817
569903816608518144
568147517046566912
567734381750796289
566280556296798209
565204460285464576
564663348440997888
564633737371996160
564627025437028352
564589669505978369
563375543031451648
555455474813136896
524930050794455041
524209519300476928
524209410038824960
519933215109562368
519646483549679621
519200301413580800
519133942885396480
514064587055181825
514064580738560000
512001402025963521
510594139998519296
509719217793298432
509719209413074945
507540851556225025
506884545686155265
504943196577619968
502702962724962305
502209576842698753
499612159232339969
479323538893991937
479323408644071424
