748597028582793220
725489445525413888
720774901804769281
719306480785231874
718959179441029120
718551512390221824
717864478952525824
717842070170374144
717494529163665408
716407370734297088
715697695202152448
715323979553239042
714980470623244294
714949987457601536
714947845124546560
714610526987399168
713870653632417792
713515822237556743
713157204631797761
712781925534969856
712421100160995328
712039161318879232
710589360870178816
710229168772894721
709786763338711040
709549299382808576
709151300546654209
708765889009741825
707736483520782337
707381646392238080
706656871365648384
706286934109380608
705079899581784064
704825287410884609
699725497719091201
694247914126704641
693221364145246208
685241301067907072
684065548871839744
682667647004061698
682638382497968128
682284156588408832
681981689577381888
681912616411770881
681588094336827392
681218052894019585
681181336531406848
681142618609192960
681139536475336704
680908272703041541
680903319108349952
680894279691165696
680893325491204096
680828286629494785
680821979616788480
680806017043677184
680519023814029313
680475327844384768
680475229676675072
680475167554797569
680474951242002432
680464046236106752
680463295870963713
680460413729771520
680143392571965440
680143331582582784
680101801706700800
679887122027909120
679811397400674305
679768505051267072
679755021668364288
679738311531864067
679498077997264896
679494119534804993
679492572608344064
679479776135000064
679469744991408129
679468408853934080
679466448784326657
679465585344950273
679462335627538432
679454194525442048
679451867643035649
679447431218630656
679436372646621184
679367926772834304
679365296826675200
679343470880948226
679315576016113665
679136311907778560
679103086275796992
679013548744290305
678696228436099072
678696181619290112
678332578995159040
678316768444547072
678030169488035840
677974648328294400
677953096580857856
677923417786421248
677913193381933057
677913120640118785
677674081748164608
677552743586762753
677337484800344065
677322384370622464
677302450999590912
677248732287643650
677012319965024256
677010796820480000
677009847846481920
676997980952637441
676997903961976832
676947311583469570
676840748671627264
676597711752138755
676586404181225472
676583845366382594
676568955255820289
676565085234421760
676488269710811136
676474990422724608
676243362391851010
676158765838688256
676152986125504512
675960517492649984
675960134611419136
675857714375823362
675746759377719296
675706757537095681
675496010295054336
675478297409486848
675475449535852544
675461327238725632
674994090736410624
674773463601549312
674652723048910848
674652325080731648
674639297778085889
674419323927072768
674415176477634561
674413756873506821
674397545083232256
674320825470746624
674037516626825217
673974549428350976
673938833075867648
673934138211102720
673714255162568704
673600092322959360
672957339910062080
672903901113257985
672866763579637761
672853089255198720
672595519479287811
672503522848411649
672218864982339584
672111733360582656
672111639928303616
671851034331844608
671811944135847936
671786436052385792
671762034187362304
671521854578814976
671494281677303809
671489403915771904
671432096058097665
671425404234764288
671412928717971456
671411643591606273
671411586259644418
671411483599851520
671411320412090369
671411186177613824
671410582185254916
671136705299087360
671114803952279554
671096250826031104
671091111176232960
670723862401671168
670406990095515648
670406788412387328
670283485517492224
669711011813834755
669698407389270016
669652311472500736
669651133170778112
669651083120082950
669610150395686912
669604411451113472
669597154596405248
669589497563054080
669585635905146880
669585060740251648
669584896495476738
669584784297857024
669344554089209856
669342426943754240
669337199498821632
669335053219033088
669304574893670400
669225466645970944
669224899567730688
669224779879051265
668993520670126080
668970241574092800
668970100762931201
668970064377344001
668970001626349568
668969958810869762
668969493591289856
668969200606511104
668969069366800384
668968609549385728
668881982386929664
668474080199184387
668264082990985218
668263525698027521
668203898725765121
668187186538287106
668171054121029632
668126802464780288
667939921999499264
667917305515405312
667915825429377024
667911337045983232
667842815909457920
667793602349694976
667771396852879360
667766856476811264
667557584270786560
667549379088093184
667502499645882368
667224035948802049
667162188830773249
667131959089303552
666731837213962240
666303668367429632
666053597549858816
666014242579963904
665233722166243328
665232338679283712
664964310968365057
664934454779969537
664930503766577152
664926373861986307
664925871803797508
664614963961434113
664589217645768704
664328375159291904
664308632767479809
664287893737701376
664286006099611649
664285975128858626
664285396163891200
664278703816462337
664278260058996736
664231218993491968
662496799853166592
662449358017728512
662379257201430528
662348116146806784
662282970254852096
662268210025107456
661354672892964864
660878998147215360
660238137889681408
659822622746611712
659793007588184064
659489903844069376
658709761911685120
657339228787904512
656163574197305345
655443569864372225
655443279664709632
654800151387607046
654432538027360256
654402758599032832
654395796775813120
653720633130397696
647514578377572352
647234293354246144
647206313143873536
645038997975101440
644669364159905794
643213172338393089
639945108893233152
639510504998764545
639164948153806849
639164663670927360
638898681228300288
638498716089905154
638468679873630208
638468618150264833
638468141413105664
638380811184504832
638276367830749184
