829767399654043648
713035001177092100
712666399328509952
712304945588867075
711944216197238784
711594682447298561
711220826779951109
710546225490100224
710501889100554240
709769939943436288
709409725981466624
709061535457419264
708699199399825408
708335358195281920
707982779661701120
707727997583773696
707255770715262977
706905163965988864
706564696606814208
706252298306002944
705813538258812928
705579848828203008
705464195391758336
705085104092098560
704786852708921344
704738687976808448
704482565000814592
704482326005178368
704362677489893376
704176802416033792
703343900237238272
703279836035309568
703008821812146176
702551590834573313
702399367504912384
702312118264070144
702248337542553603
701889611484651520
701511552252260352
700756469038190592
700469353251106816
700390145296445441
700016661068316672
699737366378876928
699651809439195136
699406590898638848
699297785259012096
699026164736593920
698979590312603648
698573521593610241
698325325562777600
698248589911420930
697868930468020224
697848467599679488
697477554022645760
697295116478734337
697181786342707200
697160225187454976
697111621152313344
696750023199961088
696468528522596352
696332688777568256
696158606119424000
696107665580097537
696009783137021953
695828788685307904
695701854718562304
695654943022186496
695338032262545408
695278110145531904
695278017774358529
695277905253806082
695107110468603904
694984908070989828
694919332657106946
694571094095704065
694302094010880000
693910084586487808
693525195575918593
693134219363643393
692739670564687873
692424853090099200
692132774866731009
690027716574343168
690027527264403456
690027473166340096
688937100113084416
687706152935620608
687647909597200384
687636112668426240
687633238500589568
687158140056420352
687153822725095424
687153773446213632
687153604034052096
687153011936722944
687152889467252737
687001197337681921
686679006712840192
686386939419725826
686381212848517120
686381145068417025
686381096028647424
686372316238987264
686237727314976768
686235003705937920
686233889531011072
686233736266952704
685205365181542400
684947194890174465
684610203409465344
684609882163556353
684609490579132417
684545358366552065
684488264003141632
684164763304103936
684074030354173952
683867181839331329
683862916433444864
683862861064437760
683862653593190401
683860816458678272
683386895670312961
682758251113385984
682671351048450048
680495115719184385
680200457990574080
679882157741977600
679336329180782592
679318753490960388
679061235304919040
678273571983114240
677663206538653696
676872866462310401
676617648873041920
675535159957950464
675533651300495360
675427529042345985
675364599873544192
675095228844519424
675048725945950208
675046723471990784
675014882731958272
675014692318928896
675013780946972672
675013060168441858
675012079225540609
675009804046331904
674717054075691008
674696959865802752
674661295929475072
674660272884178944
674348754439446529
673997605320421376
673910376661172225
673910331534626816
673910132993073153
673907475444273152
673564481104949248
673563934641623041
673562548256419840
673561768413626369
673216825463808001
673216716386734080
673216416921853952
673216180371464196
673045404758372352
673045198193057792
673044840909692928
673044688778035201
672962713232936961
672932907741134848
672891742136483840
672670327118233601
672669473577439233
672669275740508160
672663583788916736
672663552654639104
672577336642961408
672574795532210176
672558027157934080
672471061473050624
672470885010300928
672469511673528321
672430050558410752
672429969176322048
672429667052228608
672429609200189440
672429503566639108
672429059989569537
672428731688869888
672428592995827713
672428532002254848
672273424916451328
672272952709091328
672227480351059972
672226780669870081
672226410358960128
672226126484267009
672211438815973376
672211379105873920
672211288211124225
672210833657622528
672209850865070080
672189572378439681
672154949417984001
672135498350002176
672135396042518528
672129809674166272
672129614169300992
672112393800040449
672112165764145152
672111626779164672
671965745669009409
671965672071520256
671964676310220800
671964361565454336
671787401560231936
671787215219851264
671580307498409984
671580298220580864
671504180331155457
671344191067176966
671343920115150848
671206256628011009
671206250177126401
671123943017680896
671123772838010881
671123728386756608
671123526393303040
671116482424664065
671082476484202496
671025946309165056
670828135215210496
670827470728335360
670827244663791617
670752385828937729
670751714497179648
670751408493166592
670750323309326336
670748914484699137
670742353402044416
670742151588945920
670742088783372288
670683937589567488
670644701318545409
670644656754044928
670644541087686656
670644481474080769
670644436087513091
670470382336344068
670469567404113920
670443362072338432
670443314857013248
670443256212275200
670443210599178240
670424452082049024
670414233897603072
670414124791152640
670414059167027200
670376996397031424
670344088273596416
670343912880410624
670342413777408000
670342374103478272
670324620252200960
670324462470828032
670300049419534336
670283715939971072
670122275308310528
670122140784439297
670121975008722945
670121705457647616
670121576923164672
670121394387025920
670060706948083713
670060554728423425
670060487271391233
670030454821646336
670018278505345024
669986639658250241
669986591398625281
669986435584364544
669986188825075712
669957620644626433
669953230000910336
669952873191505920
669952838156447745
669952749681831937
669952577430155264
669939370326102020
669778170241904640
669777892507709440
669777563229622272
669777498138263556
669702972746674177
669659511582404608
669651617302507521
669642022748196864
669623548390998016
669607147777331200
669603099896471553
669597503524761600
669585245637734402
669582528504721408
669562890605764609
669411270517465088
669410582790078466
669410249670066176
669410159412838400
669401630757027840
669401545771978752
669398838927613952
669398498392088576
669398235652452355
669398108279803908
669396203239555077
669357041299795969
669356931228700672
669356843257360384
669350714582274048
669349747950403584
669304829143969792
669290043916333056
669275096704528386
669268640370262016
669166491485388801
669166322077401089
669166112374820864
669164617587752960
669050265798971393
669016543208980480
668994207147757569
668988108487196672
668971932411277312
668959292448313344
668952453853790208
668951200906129408
668951074192015362
668949722413985792
668949499583197184
668937268074180608
668894230383865856
668886503347519488
668881732469309440
668628831461355520
668628799614025728
668534805236158465
668509944384237568
668496325873377281
668298620677070849
668271235332182017
668223781970665472
668215525022031873
668213734775615488
668212219734282242
668207168324247554
668206773556391936
668173722101137408
668131699520335872
668049815582806016
667930683780665344
667923742996082689
667923631796674560
667923397058277376
667872695237783552
667847877692153856
667846635511148544
667838081433636864
667832709960470530
667760725671043072
667753337186623489
667608415145824256
667606651147386880
667598933888110592
667598818574139392
667598690643607552
667568942055985152
667564569464827904
667564496152588288
667563490085736448
667559898243297280
667559824771694593
667559319919955968
667559216622759936
667559029649088513
667554863996207104
667552433543901184
667550913226141696
667550224395603968
667549434041860097
667548904490045441
667548539946270722
667548118863351808
667547956703305728
667547611209973760
667547096187146240
667546792142082048
667545893185429504
667544053488054274
667543761430249476
667542558633922560
667542378778116096
667542333823590401
667541210538479622
667540635964977153
667540532239945732
667537679391653888
667536751401897985
667536516575457281
667535969185308672
667535175941644288
667531440041492480
667528427336048640
667526814076674049
667246141797363712
667243351607939073
667242733883428865
667241991286099968
667241447309967360
667185612420571136
667155919348760577
667155911304069120
667148310881415168
667071708088696832
667065106128236544
666988657333706752
666819578446479361
666809942116974592
666793850636251136
666769281523294209
666769188585938944
666755475510329344
666753860879458304
666753719267143680
666723348525789186
666626862295212032
666496254352867328
666488327751602176
666463632746676224
666460032351932416
666434702551617536
666430364647227392
666422954939387904
666382332580855808
666378103283781632
666377339190706176
666376897819885568
666366367063371776
666359102369460224
666324203356991492
666260991764631552
666157185647284224
666130834852704256
666130782595866624
666130566354333696
666128905372237824
665938124690710528
665782423485984770
665370817732063233
665287474239905792
665287081191673856
665247281793208321
665212856250400768
665171407161196544
665166633799806976
665014881414967296
665014167481491458
665013818553188352
664970099959267330
664968414742642688
664966663033352192
664953048586915841
664948586426335232
664945781791571968
664930466101760000
664884357882994688
664879237610901504
664548265812037632
664491197843578880
664338485906575360
664331407133552640
664314194280382464
664302860314677248
664302804287156224
664296406010564608
664293708519464960
664281462158417920
664281450477301760
664275069204430848
664261316794671104
664214957240659968
664143508513525760
664070301794238464
664055766173638656
663975565456617472
663954402386907136
663876644541591552
663876607413633025
663748965058420736
663728639498780673
663728502542237698
663727198642176000
663726443357057025
663725054866288644
663536423895760896
663480367513513985
663435875922124800
663435491237371904
663433118548893696
663353914138468356
663353880328183808
663174593495048192
663173681242329088
663130674409422848
663104511964291077
663050093805895680
662846497172533249
662841351164268544
662828621179023360
662823840804917248
662823726816346116
662817288626634752
662779032958803968
662760782023794688
662753857852846080
662715829037895680
662710500774559744
662700483962892288
662700427587268609
662699827197845505
662689777783840768
662688162792214530
662683651302400000
662681891343114240
662679208611696642
662675483943952387
662672399184355329
662667883156283392
662666633413050368
662493107003478016
662481551557591044
662465744156905472
662437832267575296
662435847258644480
662435578378629120
662416078388228096
662415948771663872
662087787261386752
661994432758026240
661946488784855040
661665960760340480
661557988113575940
661264146055303168
660979546590543872
660979405011849216
660978887103352833
660978588200497152
660978529337667584
660915958454743041
660594832641945602
660549076912578560
660284601865076736
660237173103288320
660177700112306176
660107758113587200
660107355816722432
660107227080949764
660100402558300160
659955177215037440
659912172131106816
659868033255677952
659740889963741184
659552667971117056
659542275651969024
659197456131887104
659197354638094336
659195030469414912
659194052487725056
659193697855229952
659193363502002176
659012056931172352
659011305861353473
658857328427466752
658856272813395969
658856196212846592
658854777283973120
658854719201214465
658775098174906369
658726503681667072
658665492152844289
658504331398778880
658492184648220673
658485549733277696
658485291167035392
658485148673900544
658479099170557953
658468147293392897
658467902446637056
658467342406430720
658464155125481472
658464089748865024
658463764144984064
658418122014134273
658414241032962048
658413858072072192
658406249134821376
658386362517749760
658378839316439041
658370092120584192
658369965402267651
658369868333514752
658369781272326144
658369504582348801
658369403751374848
658369310990180352
658369140319744001
658368931665715200
658368500407390208
658368190695800834
658367997103489024
658367603031842816
658367476854607872
658367366682775553
658367255277907968
658367188001247234
658366974716702721
658366862791692288
658366826179637248
658366503348236288
658363705730596864
658360149489250304
658352367759441922
658352152994299904
658346939944013825
658341432642531328
658337253882630144
658335675654283264
658334266909204480
658333039211233280
658332634800652288
658332505016246273
658329886096928769
658280374905237504
658063776533512192
658059376716943360
657793105039462400
657791475346833408
657776119572131840
657715605978484736
657670642066702336
657579136433655808
657301348006891521
657280515700051972
656887781428297728
656592561415561217
656561192979312640
656537403096588288
656535046765940736
656533836969283584
656533379031019520
656532682197766144
656532186670084096
656531474968018944
656530731124944896
656530290102284288
656529756456775680
656529370878611456
656528662431330304
656526374123892736
656524824735383552
656516836431806464
656503358371446784
656348691612045312
656304149898792960
655845009061646336
655623833479573504
655456762011582464
655456314139643904
655196139415818240
655125710466510848
655033909474914304
654801486048727040
654361769515704320
653687620489363460
653647060948918272
652606356495708161
652135579170136064
651788357329100800
651788349150265344
651511479708057600
651426003449999361
649312897785593857
648553283892715520
648549115316600836
648549064536162304
647499095398088704
646872651365912576
646836600480002048
646443337281601536
645730580915691520
644249018264981504
644206434222276608
644206244920709121
644013531604455424
643805693665935360
643660832434360320
643604750462664704
643603773667958784
643603719142043648
643603463306285057
643591804588294145
643581588727422976
643567435342196736
643218056844455936
643217933846474752
642356816068898816
642137883239927808
639902824940371969
638489895527432192
637384221372186624
637031827316809728
636589387770392576
636345820980228096
636220293208477696
635641482926510080
634801774583521280
634444689979142144
634147920627920896
633400137650409472
633306426744700928
632317144571641856
631994005660823552
631134849986904064
629819373717360642
629780102059008000
629361069090324480
628603523291156480
628253563660181504
628042886731448326
627168158902829056
626843194920148992
623611942750568449
623145228644564992
622887130679934976
622790795972739072
622580880188526592
622422248905904128
622076864924925952
621817284533833728
621693428896768000
621453179465674752
619609060376211456
619278668771295232
619261147431112704
618241699941363712
618237150505639936
618225625824894976
618218013758738432
616767680578777088
616767061621108736
616676252456456192
616456114721452033
616397869382242304
616374322198876160
616339845875658752
616311793011552257
616129155545985028
616117461952245760
616048783638433792
616038062892580864
616037614060068864
616026105946857472
