939132478165475328
937774486073491457
936663842616066048
936011637089120261
933748476852051968
933334264548126721
932291937901481984
931935118767284224
931927486824292352
931622483375013888
931233899140624390
931205254003113985
930894147430395904
930566450141528064
930557750211252224
930557534640861184
930557386049196032
929796853268324352
929796528239022080
929795667882516480
929795178398748672
929794825838194688
929794677435392000
929788242173476864
929755692856045570
929438323919044608
929390658791530496
929135996305776646
929107236697251841
929082301698338816
929081389454000128
929076241071607810
929047000888238080
929039375693881344
928806683135979520
928806589275955202
928801299486748672
928789128858058754
928677848579170304
928639494001008641
928446270192082944
928441799265329153
928397997871792129
928396892454625280
928347779788718081
928347454914813952
928338629713207296
928330874344546304
928279184601952256
928011591534235649
927952910675095552
927943177796853760
927929853176717312
927929804506120192
927702154206310401
927676332506431488
927607949320626176
927346569061552130
927346074175594496
927345312812892160
927345304415895552
927344225632636929
927343898036449281
927343722412601345
927342367031652352
927341846510137345
927341762498256896
927341129552494592
927340731013980160
927339684958756864
927339449763205120
927339383451213824
927338812405141504
927337956335120384
927336679140143104
927336443478978560
927336234556542976
927335336119816193
927334646970544128
927334429550415873
927333943002705920
927333308266147841
927333140963713024
927331192948580352
927330806011482114
927330776697524224
927330656417349632
927329291993575426
927328800744058881
927328507012763655
927328129609322496
927327886356381701
927326942134788097
927326882957332481
927326787788472320
927326253664886784
927326228935213056
927325859370946560
927325784280326144
927325541522341888
927325255512809473
927324076183638019
927322725064028161
927322179590656000
927321591658229762
927321390541426688
927321306659540992
927320634912321538
927320294729113600
927320240106688513
927319501263245312
927319107564986370
927317931062677504
927317889614536704
927317847113641984
927317784207511558
927317730696597504
927317306270736386
927317104893878272
927316152036003840
927315926206304256
927315707427205120
927315556436504576
927315355839713280
927315078122295297
927315024120598529
927314587296428032
927314528974659589
927314193266741249
927313655699574785
927313640251953154
927313320306147328
927313122293174272
927313014151434240
927312653046951936
927312036106788864
927311901368967169
927311783878168576
927311507330928646
927311200987344899
927310999639724033
927310831506935808
927310780902592512
927310655094513667
927310550291435520
927310042122084353
927309963248177152
927308707632992256
927308333819842560
927308308427476992
927308296020791296
927308132627505154
927308082648174592
927307695702597632
927307688551309313
927307159267872773
927307067567820801
927306886495563776
927306563588624384
927306463386750976
927306429647740928
927306273678331904
927306202463309828
927306202022891520
927306029926354945
927305837688901634
927305551138250754
927305480279642112
927305211730907136
927305085729869828
927304992909697024
927304922013544449
927304435734319104
927304033064357889
927303755313438721
927303570067808262
927303533346607104
927303335518130177
927303318564720641
927303134656917504
927302777881219072
927301795285753857
927301635394678785
927301551667974144
927301376664883200
927300830054813696
927300763285671937
927300460247216128
927300453020430343
927300268793978880
927300247461810182
927300011385327618
927299945060880390
927299651518136320
927299462040518656
927299419640385539
927299419585830912
927299398924726275
927299164714782720
927299021919674368
927298727244713984
927298706851991553
927298475536060418
927298467650854912
927298244467666949
927298231981215745
927298168915726336
927298148174790661
927298068256522253
927297963453534209
927297719890251776
927297605452759041
927297602147749888
927297581700567040
927297340679081985
927297245577433090
927297132834512897
927297069169209345
927297040127848448
927296934989258752
927296863266656256
927296855163195392
927296834699218945
927296830689435648
927296654625132546
927296334721355776
927296330812350464
927296184858959880
927295865928208384
927295679902441472
927295675787874309
927295655453839361
927295525384269832
927295492341620736
927295181166084096
927295129836249088
927295125889388546
927295122076774403
927294891562029059
927294803527815168
927294668819361793
927294560878977031
927294156770291713
927294107873136640
927293893237985280
927293826124976128
927293674731593729
927293645367029760
927293540333387777
927293296719859712
927293296677937152
927293267389173760
927293221520203776
927293133502763008
927293048790376453
927293041148342274
927292839830138880
927292839779819520
927292624775598082
927292603741212672
927292591795826688
927292503455346689
927292491535134721
927292416272601088
927292290166677504
927292247904800772
927292142774640640
927291848405733377
927291781812760577
927291727370772482
927291690095906816
927291635397935104
927291579664142336
927291449691000833
927291437670166528
927291404149280768
927291353024860160
927291206190673921
927291156303699969
927291144135884800
927290916729249798
927290904318304256
927290875251699713
927290791193653250
927290690416939008
927290640521711621
927290606765867008
927290590538080257
927290489178591232
927290375966019584
927290290964254721
927290261725736961
927290127663190017
927289846376300544
927289821642526720
927289750167457792
927289556457713664
927289548505313281
927289498861436935
927289485670326272
927289393135616003
927289346675355650
927289342606888960
927289297635594241
927289212612890624
927289204186537984
927289196699582465
927289157931683841
927289150662955009
927288765235675136
927288755630821376
927288713889177600
927288541364748289
927288503402221569
927288490567655424
927288398498451457
927288390323703816
927288348326137856
927288298602672131
927288054301282304
927287974710128640
927287894850592768
927287865901535237
927287752726601728
927287693851185154
927287622237589504
927287604977991680
927287467421655042
927287182330662912
927287097190383618
927287097119203329
927287095332188160
927287089993015296
927287088906678278
927286913597362177
927286614660919303
927286602216476672
927286564425781251
927286463842091008
927286463653441537
927286422473670657
927286363162075136
927286148585721857
927285964325744640
927285964149534722
927285947942801408
927285628139638785
927285616026537985
927285452515827712
927285313508134912
927285225415172097
927285200144433152
927285141227130881
927285137351610368
927285074634182657
927285074256678915
927285037346762752
927285028534571008
927284810166558720
927284769297174528
927284747168043008
927284524484038661
927284521489321986
927284407286853634
927284293575086081
927284243390230528
927284201602338816
927284201598148609
927284092823105536
927283928800661506
927283912027631616
927283886396190722
927283849750556672
927283710013136896
927283677406683136
927283491905130497
927283479762604033
927283417670184961
927283265857343488
927283140816703488
927282795654864903
927282788306444289
927282745562337281
927282711705870336
927282612040880129
927282556906672129
927282518994423808
927282514594430976
927282435150229504
927282346730119168
927282296457256962
927282237455904768
927282220968108032
927282186872590337
927282179436175360
927282156115673088
927282153892798464
927282098737729536
927282079087366144
927281974246563840
927281863806341121
927281826267320322
927281813864812545
927281771674259457
927281742075047937
927281722709835776
927281721472700416
927281696109625344
927281583022895104
927281553344000000
927281545076989952
927281440190025728
927281410976690181
927281403670224896
927281398062501890
927281365091078144
927281284627554306
927281272640163841
927281252050391042
927281108206669825
927281100237438976
927281070541885440
927281024593289216
927280991118520321
927280953680113666
927280932435976198
927280932435963904
927280899095441409
927280895198982146
927280823220473856
927280722909462528
927280693251641344
927280605292875776
927280584283623425
927280471477817344
927280223145660416
927280192955002880
927280181600858113
927280063506272257
927279966651371521
927279882647883777
927279874427047936
927279852796948481
927279845435994113
927279773629538306
927279602225033216
927279584701304833
927279552468017152
927279526257790976
927279501247205377
927279328840347649
927279257528819712
927279194328961027
927279169490374656
927279021968281600
927279014213021697
927278921745301505
927278917890781184
927278782792327169
927278779260653571
927278729193316360
927278691268382720
927278632229396480
927278619348566018
927278585756471296
927278569201586179
927278535135330304
927278489258135552
927278447113760768
927278342029676549
927278325428613126
927278308521336832
927278241492144129
927278225134379009
927278145169915911
927278120469745665
927278120444530688
927278053130166279
927278006971850754
927277956111781889
927277952189988869
927277915137630208
927277726196695041
927277692218638338
927277633611665408
927277595472941057
927277553462718465
927277486504923137
927277469140504583
927277465436909569
927277452908482560
927277435900526593
927277431836303360
927277394649669632
927277393882112000
927277377281028098
927277259513389057
927277225497554944
927277183869030400
927277166936674306
927277104215019522
927277087316160513
927277079749648384
927277054088957957
927276932160540672
927276903106580481
927276865135529984
927276819384020993
927276785691217922
927276680623935488
927276596519686144
927276547203051520
927276487610458114
927276450352332800
927276424532242434
927276420241518593
927276269603053570
927276261927473153
927276244126916613
927276228347867136
927276218352918528
927276211377721346
927276181854085120
927276134953299970
927276084739047424
927276038798888961
927276038283038720
927276026320867328
927275967424409600
927275967307018241
927275955047092225
927275930095095810
927275803452297216
927275794904371205
927275786855440384
927275685814599683
927275669041700864
927275661273849856
927275475319259136
927275467660562432
927275429140008960
927275388518191104
927275369064947717
927275333187002368
927275303575150592
927275274689007616
927275177892876294
927275169307070464
927275123794685953
927275010032635904
927274968521592832
927274921893482498
927274888389414917
927274863177453568
927274850485522437
927274846274203649
927274834853335040
927274787977809920
927274787763781634
927274745476866049
927274707904270336
927274690653097986
927274682864361474
927274611049488384
927274552295608320
927274548831145985
927274460566056960
927274451871334400
927274451640700928
927274439796027392
927274364222963714
927274342760828928
927274334145646595
927274330194698240
927274271558291458
927274266990731264
927274246979629058
927274099516280833
927274045007106048
927274015667949568
927274015437262848
927274010710302720
927274002393026562
927273960630292481
927273956465348609
927273953172901889
927273885430665217
927273835459735553
927273822335782914
927273819013812227
927273801649401856
927273798071734273
927273798029709312
927273777100181510
927273768132775936
927273691955781633
927273679691616257
927273643540996097
927273621659189249
927273482739691520
927273444525465602
927273432219377665
927273377651445760
927273369686495233
927273369313120256
927273364598808578
927273361104953345
927273361050304512
927273277327921152
927273235393236996
927273214425927680
927273142304870401
927273130690826240
927272929192300545
927272865635893248
927272857444474880
927272811550388226
927272718134898688
927272714095734785
927272706323730433
927272685159186432
927272668507918336
927272634982846464
927272634668249088
927272508948180992
927272508650291202
927272478900178944
927272471010652160
927272445391921153
927272432817311747
927272424223264776
927272412252688384
927272358116814848
927272315515219968
927272311610363906
927272210951299072
927272168345436160
927272164201463811
927272152029679617
927272151970910211
927272101203136513
927272067728363526
927272034429784064
927272013366022145
927272013286211586
927271959427239936
927271900119740416
927271871124508672
927271740228734979
927271674000691202
927271664701919237
927271660851466240
927271648276992007
927271614743568385
927271576655073280
927271565439496194
927271530203029504
927271500889165825
927271488721444869
927271454843994112
927271446212169734
927271438054195201
927271413962166273
927271413299466241
927271391816310785
927271333368664064
927271274669363201
927271257967661057
927271191596994560
927271182805688320
927271157077823489
927271153147707392
927271103491379200
927271098890309632
927271062764535808
927271055961526272
927271047904268288
927271027998158848
927271027322818561
927271014316331009
927271006233866241
927270993516576768
927270980522831872
927270968648663043
927270888814333953
927270871466725377
927270830022774790
927270817813159936
927270741577555971
927270699550593024
927270662120591360
927270633221885957
927270582609174528
927270549407043585
927270460747862019
927270418460880898
927270405974392832
927270376849199104
927270360113995776
927270335082389504
927270297023238144
927270225527148544
927270204635336705
927270175203880960
927270171072442369
927270112721285120
927270112419336195
927270071399043076
927270070593753089
927270062029000704
927270057520128000
927270049345343488
927270016508194816
927269983188586497
927269885855649794
927269839982551041
927269735154307074
927269700593217537
927269693722890242
927269675561562112
927269671715426304
927269664048271360
927269651062681601
927269633798868992
927269633647931398
927269629667495936
927269629566898176
927269612592431104
927269600294785024
927269575552651265
927269575464452097
927269521316110336
927269449488531461
927269432828858368
927269415565123584
927269411374993408
927269331989299200
927269306446073858
927269234698309633
927269226720702465
927269205384118272
927269197075402753
927269179954204678
927269163810344960
927269159825756160
927269067546820609
927269067173527553
927269042016215040
927269012488237056
927269004284227586
927268950345478145
927268798285172736
927268790357970944
927268769986162688
927268765661908993
927268701908463616
927268661370523653
927268658354601984
927268627291803648
927268596895617025
927268575664115715
927268509268275200
927268509054324738
927268501047398401
927268421674389504
927268399713079296
927268399591419904
927268371263053825
927268370847846406
927268211174903809
927268174571204608
927268122712858626
927268084863336453
927268080778203136
927268076931993600
927268064588156928
927268017939058688
927268000952209410
927267996539785217
927267992664199169
927267984422432768
927267946854014977
927267929758031872
927267921444958214
927267908757188608
927267901043806208
927267900498509825
927267879267028994
927267875324350465
927267870714859520
927267858840727552
927267833695883264
927267808362233856
927267779589402624
927267758966001664
927267674085904384
927267674069061633
927267602539466752
927267560927776768
927267552321048582
927267522654720000
927267515419545600
927267497543335937
927267465071157248
927267372326703105
927267346049327104
927267342190555136
927267325325250561
927267312587206656
927267279288410112
927267275241082881
927267266437230593
927267262536540160
927267258157674497
927267199512989696
927267128205545473
927267119649185794
927267111612895233
927267094604939264
927267082345074688
927267057070198784
927267027328360449
927267019082403840
927267019036164096
927266976954830848
927266930930716675
927266918087712805
927266906029084673
927266868750102529
927266817156046848
927266813016268801
927266784260116486
927266745844424704
927266741838843905
927266729230815233
927266725539741696
927266653938831360
927266646137417729
927266634258976768
927266616903127040
927266482458910723
927266457720840192
927266456924024833
927266456613670912
927266448451436549
927266415014567937
927266389773242369
927266360153034755
927266339143766024
927266331174539264
927266280381599744
927266252099346432
927266228955222016
927266212756811776
927266204485644298
927266187788128259
927266179156193283
927266145614352385
927266138249154560
927266138169409539
927266116883316738
927266100953444353
927266097543499776
927266074504122368
927266066186817537
927266061929590784
927266053608148992
927266045244657664
927266025095221248
927266020129214464
927265995043098624
927265994824933376
927265986553810944
927265982330163200
927265957353009153
927265906744610816
927265902902562817
927265881373249536
927265878932045824
927265873689235456
927265865095106562
927265843624456192
927265839677628416
927265828843675648
927265823445614593
927265801719164929
927265797499752450
927265789216018433
927265764352159748
927265751253299202
927265743082786821
927265688787587072
927265676426915843
927265659289063425
927265659209355265
927265659024789516
927265651277869057
927265643019284480
927265634169315329
927265630562279431
927265630193160192
927265622232268801
927265584760475649
927265575352590339
927265575054790659
927265558181089280
927265554855063552
927265524853170176
927265520914714626
927265512702251008
927265508591849473
927265462043529218
927265445111042048
927265437037088768
927265400504668160
927265399258931200
927265382020378624
927265370011992070
927265344716230656
927265344506531841
927265308599029761
927265308301320192
927265289808629760
927265285857513472
927265285605875712
927265272884617217
927265264655372289
927265263896137728
927265256400879616
927265252189798403
927265243557965824
927265240072499202
927265235853107201
927265176826667008
927265168131874816
927265164696670210
927265151589474304
927265140202000390
927265118030827525
927265097092870144
927265092776886272
927265080596750336
927265076809265152
927265068127019009
927265063131545602
927265055216988161
927265051362365441
927265042848010240
927265034438369280
927265026221707264
927265000875544576
927264971611889664
927264946588614657
927264916855312384
927264912547696640
927264904918323202
927264900702982145
927264815986421760
927264812895211520
927264786835963909
927264750576259077
927264736265293824
927264711162384384
927264672981704705
927264672738414592
927264668959301632
927264656405729280
927264651792076801
927264647929004034
927264639548907520
927264635421626369
927264615196712960
927264585555611648
927264576881741825
927264576445603843
927264572565786624
927264568916799488
927264564458278912
927264555645972481
927264551996968960
927264551753707520
927264551376211968
927264514084671489
927264502231511047
927264501602439168
927264489015308288
927264429594554368
927264417305251841
927264414876749827
927264412892827649
927264412796375040
927264408769826821
927264404856561664
927264404487507968
927264384900100097
927264367346929664
927264358949941248
927264354185220097
927264349969944580
927264345918144512
927264341715451905
927264337265295361
927264333188476928
927264325043093504
927264303769636866
927264303648002049
927264300095410177
927264291471757312
927264279115583489
927264274203934724
927264270722748417
927264253387706368
927264249059176448
927264241501048832
927264240880189441
927264236673421312
927264232105807872
927264215953477635
927264207715864577
927264194755551233
927264186396266496
927264182449377285
927264169862291456
927264165839982597
927264148920197121
927264136131678208
927264135804522496
927264131920646144
927264131710930944
927264123326517252
927264110538117121
927264110462500865
927264102963122176
927264102094917634
927264085439340545
927264081337290752
927264081333182466
927264077109518336
927264069081550848
927264060604928000
927264052300181504
927264043521445888
927264031433424897
927264031228022786
927264019223863296
927264018829627393
927264010403307520
927264001599426560
927263998000730112
927263985333829633
927263972386070529
927263964433666055
927263964177862657
927263964161028096
927263960944009219
927263947320954880
927263942992453632
927263938844209153
927263934696034305
927263934595379200
927263930367598592
927263921592991744
927263904941658114
927263896599191552
927263888047001602
927263879771631616
927263876055486465
927263855025250304
927263854480052225
927263851120398336
927263851107770369
927263846800281603
927263834011824129
927263833827274752
927263830085947394
927263829939183616
927263829796556800
927263829750439937
927263817725300736
927263792106496003
927263783281745920
927263778919649281
927263770782654464
927263767116832768
927263766915493890
927263741602942976
927263737383448576
927263732857786372
927263732748701696
927263729225555968
927263729053466625
927263724741824513
927263724649533440
927263720576815104
927263712465088514
927263712133689344
927263708132331522
927263691627794437
927263691111849984
927263687525707777
927263687357935616
927263683553714176
927263670027079681
927263665740533763
927263657767026688
927263653409193990
927263645503033344
927263620324610048
927263615534714882
927263611319439360
927263610979614720
927263606865002496
927263602532388864
927263586082283520
927263582202540032
927263581908946944
927263577765040128
927263577546874880
927263573340033030
927263565140111362
927263556835389441
927263552448139264
927263544873291778
927263544147632128
927263543753404416
927263539886219264
927263535532568577
927263531879280640
927263527491993601
927263523209609216
927263502401667073
927263493878841344
927263489894375425
927263472613838853
927263468255895552
927263464405585920
927263464393003008
927263456490872834
927263455987556354
927263447598891008
927263439076110336
927263435171291136
927263430788214785
927263423477501954
927263422848389124
927263421501968384
927263415181152256
927263414061338624
927263408440905733
927263401059016704
927263398013952006
927263387230310402
927263377935749121
927263377658916867
927263376744558592
927263375419150337
927263372491575296
927263367697457154
927263352090513413
927263351469731840
927263348554690560
927263344402235392
927263342879748097
927263340321050624
927263337934655488
927263336588247042
927263334809956353
927263334721839105
927263334424043522
927263326324822016
927263313418956800
927263309111418881
927263305462247424
927263304954863617
927263301871992835
927263286772555778
927263284394385410
927263283198996503
927263280435007488
927263280384618496
927263280158175232
927263275980640257
927263268133097472
927263255222919169
927263254883205121
927263254656757763
927263253121642496
927263250819047424
927263242254258176
927263238198382592
927263230023651328
927263229847441408
927263225300865031
927263217000296453
927263212638277632
927263209165410305
927263200571207681
927263191691943936
927263187665289216
927263187409522689
927263183353544704
927263181885624320
927263181378150403
927263176114294784
927263171261423617
927263171093594112
927263171034959872
927263166958129153
927263164202389504
927263161232871424
927263149807595520
927263145554599943
927263141435764737
927263141397975040
927263137379823617
927263133906939904
927263132845735936
927263128466919425
927263124318760961
927263120581636097
927263115854696448
927263112151040000
927263108179156992
927263103468953600
927263096086900736
927263087815725056
927263086712643584
927263086536544257
927263082828783616
927263074960240640
927263074674933761
927263072716247040
927263071286059008
927263067876052992
927263067469156357
927263066064080897
927263063958589441
927263062968688645
927263062939316224
927263062658306048
927263061655851008
927263050389958656
927263049517617153
927263047470714880
927263040495644675
927263033616986112
927263032484429825
927263032253800448
927263028151750656
927263024267841536
927263020593577984
927263018496479233
927263018089680897
927263017766547456
927263017682776069
927263014977449984
927263003564703744
927263003053084672
927262997348745217
927262996644204544
927262994802860032
927262994509254656
927262988935008257
927262987160875010
927262986535829504
927262984749158401
927262979099381760
927262977497206786
927262973525155840
927262969620201477
927262965354631172
927262963450499072
927262961076404225
927262960195723264
927262956735336449
927262953094688774
927262948900376576
927262944605495297
927262944563482624
927262941027753985
927262940385959936
927262937177260032
927262935797428230
927262932156780546
927262930919411712
927262927421366273
927262926939086848
927262926930677760
927262925890506752
927262924535685121
927262920635011072
927262919666143232
927262910832836608
927262902691749889
927262890037579776
927262887823003648
927262885583179776
927262882500349958
927262880453578752
927262874950565888
927262874485035008
927262868717867009
927262864867553280
927262864745947139
927262860547362818
927262856235618304
927262856126652417
927262853081464832
927262848069390336
927262847075258369
927262846559424512
927262846379089921
927262844923580416
927262843803721728
927262843220656128
927262828406493185
927262827953426432
927262824727920640
927262824572882944
927262822777655297
927262820152078337
927262818356944898
927262816695922688
927262815907405825
927262812057071616
927262811314585602
927262810089967616
927262801479065600
927262798593318913
927262793245609985
927262791706214409
927262791114940416
927262790221524992
927262785955860480
927262780796952576
927262774660665346
927262772970344449
927262768071434243
927262767446396929
927262753525338112
927262739520684040
927262737952133120
927262734827315200
927262734705676289
927262734449864704
927262730356183040
927262730331000832
927262729798406153
927262728296771584
927262725855735808
927262725671129088
927262724140273666
927262722118553600
927262721871110144
927262719572697088
927262714166173697
927262710244564993
927262709581828101
927262709124657152
927262705962160128
927262705198747649
927262701046378496
927262692808757248
927262689432399874
927262686789939200
927262684256591872
927262684126511105
927262676509741056
927262673863151616
927262673267458049
927262671551987713
927262669895237635
927262665952677890
927262663415091201
927262658717417474
927262646596001793
927262646151319556
927262637770936320
927262634847719427
927262633019002881
927262630707974144
927262630108192769
927262628229058561
927262621732098049
927262617126744064
927262614354321409
927262613561663488
927262604413865984
927262602769633287
927262600521449473
927262596868333568
927262596713140224
927262596406837248
927262596142649344
927262592346853377
927262579847782400
927262578748870656
927262576559509505
927262575326384128
927262571387936768
927262570951659520
927262565926883328
927262565553631234
927262563053768705
927262562894401536
927262562726629377
927262561250304000
927262558591078402
927262550810595330
927262549845905409
927262546171658240
927262544762408960
927262542208040961
927262529881083904
927262527809040387
927262526273925120
927262525707767811
927262525346938880
927262517826646016
927262517696585728
927262517369466882
927262516962578432
927262516421496832
927262513246371840
927262512424345601
927262512311128064
927262510096535552
927262506665611264
927262500982284290
927262500101459968
927262500067905537
927262499661066240
927262498218180608
927262498054721539
927262490597167106
927262488592310272
927262487522762753
927262483328401410
927262482758094852
927262482602881024
927262478769250304
927262478341373958
927262474205884416
927262474075869184
927262470628134918
927262466085740544
927262465955688449
927262460935069697
927262458561089537
927262457986461704
927262455033729025
927262449815969793
927262449518239746
927262442706612224
927262441876213761
927262441582546944
927262437841231872
927262434120880129
927262433672159232
927262432812322816
927262432648671234
927262432367665153
927262430668967937
927262421034651650
927262417461174272
927262416852914177
927262415842095104
927262415615643648
927262414239920129
927262412151164928
927262411509420033
927262410787958784
927262407084466176
927262403800203266
927262403527675912
927262403234009089
927262402370048004
927262401979912192
927262401912860673
927262401807945733
927262400600006659
927262396535771136
927262390831452160
927262390248460288
927262390005239808
927262386372870146
927262382237372416
927262380299575296
927262378097561601
927262377015422978
927262376977682432
927262372422733824
927262370472349703
927262370396860417
927262369142755328
927262365413986304
927262363912429568
927262363396558851
927262360699572226
927262359906934784
927262352415887360
927262347231682560
927262342555062272
927262340155936771
927262338243350528
927262337442172936
927262337395982338
927262333973553157
927262331909832704
927262331788255235
927262331733766145
927262327598133248
927262320371347456
927262319536693253
927262318777511937
927262316474888196
927262311424946176
927262307004055552
927262306752520193
927262306656051200
927262306584662017
927262298724618240
927262298246467584
927262289899741185
927262273428738048
927262268865343489
927262258937389056
927262256324382722
927262256282390528
927262256001441792
927262253073797120
927262252696244224
927262251941335040
927262251932880899
927262250515169283
927262246899765248
927262234845351943
927262231242428416
927262230873329665
927262218672058370
927262217812275202
927262216117805057
927262214087741442
927262210019287040
927262205812260864
927262202129731584
927262202125537281
927262201223802881
927262197566320640
927262193195896833
927262192730365952
927262188984832003
927262186870902789
927262184647938049
927262181292462081
927262180801728512
927262180747239427
927262175101620231
927262172874461184
927262172861825024
927262168227176448
927262168176840704
927262156948692992
927262152548868102
927262152355958784
927262151143763969
927262151101894661
927262150640504833
927262147750629376
927262147570294784
927262139282329601
927262134735724544
927262134442119168
927262134362308609
927262130478469120
927262129786322944
927262129576665089
927262129534767104
927262129534722049
927262129400565762
927262129174007809
927262128020615168
927262121641037825
927262120911278083
927262120198238208
927262119871033344
927262119799787520
927262119590023170
927262118319132672
927262117933342720
927262117786419202
927262117627138050
927262114661756928
927262113235718145
927262109368504321
927262108475121666
927262099595722752
927262099281252353
927262096986865664
927262096852733957
927262096831721479
927262096475197440
927262092809461760
927262090435362817
927262088409571328
927262086853513217
927262085633007616
927262084039094273
927262080096456706
927262067006017536
927262058634149888
927262057778548743
927262056901939201
927262054716706816
927262041915691008
927262040183451651
927262039478820867
927262037943693312
927262026019360774
927262022848466945
927262019484618753
927262016779247618
927262016326242305
927262016246566912
927262004708020224
927262004452184064
927262004414382080
927261996906631169
927261996814422017
927261991487594497
927261988744499201
927261987813363712
927261986819334144
927261982830379008
927261979496022022
927261979315712006
927261975410823168
927261974173503493
927261967366152192
927261966619602945
927261958046396417
927261954107899904
927261951302012929
927261950907691010
927261947824934912
927261947359367168
927261944570175489
927261942141603841
927261932171812864
927261924865335296
927261924764602370
927261924634562560
927261908201361408
927261901624573956
927261895526174726
927261895081553921
927261887892459521
927261887686955009
927261884461539330
927261883031281665
927261875234013184
927261870343491584
927261867764076544
927261866946170885
927261866694463488
927261866170224640
927261865897537537
927261858058383360
927261853843099648
927261852769415169
927261849401294849
927261848952623107
927261839943139330
927261838869434368
927261836671700992
927261836545806336
927261835526631424
927261832791851010
927261830837407752
927261826227884033
927261826068467712
927261822314598400
927261813200379905
927261808691380225
927261803599618050
927261799472394240
927261799048712192
927261790693679106
927261789158563848
927261786310676480
927261785912172544
927261783504678912
927261783047442433
927261774147149830
927261767901818881
927261761358696448
927261761161584642
927261757453807616
927261748935176192
927261748884893699
927261746703884289
927261744870973440
927261744413708288
927261743281262592
927261743205769218
927261739934208000
927261739070173186
927261739061784576
927261737006649345
927261730962640898
927261727863005187
927261727607095296
927261727271636992
927261726269149185
927261723463180293
927261718404792320
927261716664193025
927261716404166656
927261715988959232
927261715284332544
927261715166883840
927261715036852229
927261711404617730
927261709894635520
927261706157424641
927261701937999872
927261701921214465
927261701346680838
927261700449079297
927261698813300736
927261693905985536
927261690026225664
927261689950736384
927261689409568768
927261685999652864
927261685500522501
927261685496369153
927261673257361409
927261660540268544
927261652885655553
927261651426004995
927261649064558592
927261643683319809
927261643658100738
927261639203844096
927261637068943362
927261631435956224
927261628151816198
927261621176684544
927261606370783233
927261606177902593
927261605892706306
927261601668980741
927261598003224576
927261593192288257
927261585462169600
927261584824655872
927261581712510978
927261581183979520
927261577904119808
927261577799184386
927261576490561536
927261574817042433
927261571218329602
927261569146347522
927261568345264128
927261565358764032
927261564146733057
927261561915396096
927261560556408832
927261555980455936
927261552692092931
927261547264643073
927261547122036742
927261543506563072
927261530659475457
927261516163878915
927261513982906368
927261513794060288
927261513483800576
927261509629169665
927261505548115968
927261493510529024
927261492851937281
927261492742893568
927261488808677379
927261488334635008
927261484819853313
927261476154433536
927261467795181568
927261466675286018
927261456147664897
927261455191298049
927261453840801792
927261451072557056
927261446551072768
927261446425149440
927261441295638528
927261434425282561
927261433401880576
927261425369788416
927261417165721601
927261417123733504
927261408844238848
927261408127082496
927261408022188033
927261404800962561
927261404725379073
927261399084142594
927261398303936513
927261396370448384
927261396210987008
927261396081037312
927261392188657664
927261391693729793
927261388468314112
927261385121255424
927261372869693440
927261367207366656
927261366829842433
927261356922990593
927261349599735808
927261339516628992
927261338929434625
927261337662738432
927261337331396608
927261336068874241
927261333732573184
927261328779116545
927261326686203904
927261325071388672
927261324949770241
927261324790427648
927261323330772994
927261323313975296
927261322827456513
927261316275949568
927261306843000834
927261302338310144
927261299226087425
927261295908413441
927261295488970752
927261292213211139
927261291856752641
927261287016517639
927261282448928768
927261278648848384
927261270658764800
927261268402147330
927261266254680065
927261265889816576
927261260525264897
927261260059697153
927261254904885250
927261251524268032
927261240954687489
927261236886155264
927261232557690880
927261229009207297
927261224781471744
927261222478770176
927261211271618560
927261207714848768
927261206804598784
927261204090949633
927261203185000448
927261191315116032
927261190283284480
927261190136397829
927261187699560450
927261184729939968
927261169588625408
927261166740692995
927261166136590337
927261166090498049
927261160751104000
927261159354458114
927261158616297472
927261157362208770
927261156514951168
927261154468081664
927261149585920000
927261147170000896
927261145249075202
927261136608743425
927261127595167745
927261118879490049
927261118678077440
927261116601896960
927261114601213955
927261113548525571
927261111631712256
927261106829189120
927261106716008448
927261106502021120
927261105948372994
927261098692304897
927261094615437312
927261090232328194
927261086214230017
927261082170912768
927261080786817024
927261077611610114
927261077582372864
927261074272980995
927261073979342848
927261072855363584
927261068552007680
927261068073865216
927261065272004608
927261062885531660
927261062608687104
927261060465389568
927261059861372928
927261059160961026
927261052663975936
927261052374540288
927261047307849735
927261043788787712
927261036264280064
927261034670448641
927261033911201792
927261032447344640
927261031856005120
927261027464556549
927261025182863360
927261024641798144
927261024385945605
927261023899410432
927261022943145990
927261022880223232
927261015728906241
927261015166857216
927261014965542912
927261014655229954
927261014390968321
927261008418263040
927261006337896449
927261002147749890
927261001778630657
927260998079262721
927260996602875908
927260995986382849
927260993511673856
927260993494962177
927260983214727168
927260981574725632
927260981155176448
927260978001137664
927260976860336129
927260973928460288
927260969017004032
927260968375201793
927260968232587264
927260967846797312
927260963178536960
927260959479037957
927260955519614976
927260949056311296
927260947789615106
927260947399499776
927260947256836100
927260947231793155
927260943893057536
927260938641858562
927260935009554432
927260934669774848
927260934598512640
927260928831303682
927260926084075520
927260922317598724
927260921998856193
927260917469007873
927260909323669505
927260905267761152
927260904630243328
927260901274718208
927260896497455104
927260895662788609
927260893934649344
927260893511077888
927260893024579584
927260888473665537
927260882979184641
927260879816622081
927260875655929858
927260867485491201
927260867170914311
927260867145682944
927260864515837954
927260862754316288
927260861542039562
927260859503607809
927260858765467648
927260858199273472
927260854562811904
927260848996929536
927260847273074688
927260842713845765
927260842076332033
927260838045634560
927260836141453314
927260834962735106
927260831842230272
927260823285792768
927260823210389504
927260819825577991
927260819045470209
927260816998531074
927260816776318977
927260816675622913
927260813567643649
927260813425086464
927260804776415232
927260803220299778
927260800229822464
927260795691503620
927260788728922114
927260787663691776
927260787076366336
927260785864257537
927260785272938496
927260783267991552
927260783255355393
927260777387610113
927260775084969987
927260774933901313
927260774774509568
927260771154890752
927260771037442048
927260770987102208
927260770735415296
927260766331461633
927260762925682693
927260762518810624
927260760367091714
927260760367083520
927260758316023809
927260757993062400
927260756889997314
927260750674104320
927260749558411264
927260745833861121
927260745536036864
927260742864207873
927260737633955840
927260734718963712
927260732936171520
927260731208294400
927260727865430022
927260721473351685
927260710681313280
927260706050846720
927260703475617792
927260702917693440
927260699553824768
927260699507687425
927260696022220803
927260694919172096
927260691387637760
927260687742709760
927260686207668224
927260682701197314
927260682680225792
927260679136010242
927260662270701569
927260661817794562
927260657556377607
927260650149154817
927260649717104641
927260649398456321
927260645950664705
927260636752633856
927260636404436993
927260632558301185
927260628074532864
927260628020023304
927260623687307264
927260620327661573
927260619446865922
927260617701982211
927260615927877632
927260611041472512
927260607463780354
927260600450904071
927260598429212673
927260597112197120
927260594243362816
927260590351044608
927260587742121984
927260586278301696
927260582016843776
927260579487735808
927260577977815041
927260573817065472
927260570860081153
927260569912168449
927260569912082432
927260568481869824
927260566565085191
927260566128873472
927260565151633409
927260561645195266
927260561322250244
927260557337616384
927260552451289089
927260552317063168
927260549091610627
927260548605075459
927260547720073217
927260546579271680
927260541214740482
927260531714555905
927260531299364865
927260527289651201
927260518460592128
927260515042234368
927260514975174662
927260514928988162
927260510734684162
927260507391832069
927260506087477250
927260502241226752
927260500253167617
927260498999037952
927260494032965632
927260493596844032
927260481773072386
927260481613713409
927260480946823169
927260476681216001
927260472956653568
927260472914661382
927260469135634432
927260468623888385
927260468590399488
927260463150387201
927260461732630530
927260447929257989
927260447060955136
927260439259557888
927260436436832257
927260426534031360
927260426513125376
927260423656759296
927260422364942342
927260422344007681
927260420435595266
927260418267144195
927260416836763648
927260410042114048
927260409706483713
927260405633871875
927260405487099904
927260402093838337
927260401418596352
927260401406005248
927260398960693249
927260398545489920
927260397433966593
927260397303947264
927260395265503234
927260389674487808
927260389552902146
927260389284499456
927260384666497025
927260379151060993
927260378232446978
927260377188061185
927260376189800448
927260376022048768
927260374193397761
927260373916573697
927260372364558337
927260370481410048
927260368690405377
927260367281098753
927260366966546437
927260365813055489
927260363028090881
927260350818471937
927260347500810242
927260344606740480
927260344124432385
927260343625273344
927260340764758021
927260338764046341
927260331545686017
927260330979397632
927260327770812417
927260322808958976
927260317649965059
927260301736726529
927260296175083520
927260288235261952
927260287669014528
927260284196139011
927260277556510721
927260275774054400
927260275635572736
927260274264027136
927260271642587136
927260271491649536
927260271399309312
927260271390941186
927260267414736896
927260263795052544
927260257360990208
927260255439990785
927260254768943105
927260254689251328
927260251262476288
927260250406838272
927260246376099840
927260244434186242
927260242886438914
927260241372368896
927260237920440321
927260235596746752
927260228072169477
927260227258454016
927260225471746049
927260225270419456
927260213736067073
927260201719422977
927260201081823239
927260200041623552
927260196832993280
927260196363296769
927260192806498304
927260189786628097
927260189165867010
927260187387457537
927260184946335745
927260183948087298
927260181926436864
927260181032992768
927260179988656128
927260178218668032
927260169540718593
927260167410012162
927260166373937153
927260162284576769
927260161303031808
927260155569459205
927260154151800832
927260154134978565
927260154088902657
927260154017480704
927260149718302720
927260149512916992
927260136875413504
927260136208551936
927260134186934273
927260133528408068
927260130621698050
927260128713302019
927260126096121856
927260125060108288
927260117015425025
927260116000428034
927260116000403459
927260113005662208
927260112007331840
927260111365603328
927260108203216901
927260107968274432
927260097121804288
927260096027136000
927260095238590464
927260094873722881
927260092419969024
927260086233419779
927260074996912128
927260074468368386
927260070110429184
927260069246521344
927260067900067840
927260066503450624
927260059532439552
927260055099068416
927260053220020224
927260053085806594
927260045406097409
927260044986523650
927260044768501760
927260043606675458
927260040523808769
927260039781539840
927260038850367488
927260034836389888
927260034316238849
927260033934594049
927260032529510400
927260027278127104
927260023952236544
927260023658635268
927260023406948353
927260021083262976
927260014871490560
927260011721641992
927260011595694080
927260011566379008
927260011490922499
927260008470994945
927260006772330497
927260000107618304
927259995036626945
927259985419137025
927259982030147585
927259981862375424
927259972165144576
927259965034827778
927259961889120256
927259959858999296
927259956675530753
927259956579094528
927259954884603904
927259953856962560
927259952443461633
927259948773502976
927259939671887872
927259938094764033
927259937369198592
927259935783743488
927259931673333760
927259917492346881
927259913700741121
927259910584270857
927259910475341824
927259910093537285
927259908596256768
927259907363164160
927259906356498432
927259906167762945
927259899024769024
927259895019266048
927259892762726400
927259891919618048
927259890137161729
927259889436684290
927259885422678016
927259881765326848
927259879127027712
927259877277347840
927259876190978055
927259876069396481
927259875499040768
927259874592948224
927259874140016640
927259873678643203
927259872814682113
927259866015719425
927259864287596544
927259861255114752
927259860152045569
927259860043001859
927259854158393344
927259853382352897
927259846860312576
927259844754706432
927259835728650242
927259834789105665
927259832708751360
927259831949553664
927259823669989378
927259822927630336
927259816652926976
927259814526443520
927259806074920960
927259796948094976
927259796293734400
927259794209165312
927259793017987073
927259792959332352
927259789666680832
927259784709013504
927259777310306305
927259776370737155
927259772847558657
927259772306550786
927259766870675457
927259759669121024
927259759568408578
927259755290284034
927259750160584706
927259743634247680
927259742816362497
927259738416517120
927259738332647425
927259736734621697
927259733278457856
927259727565860864
927259723254108160
927259721995898880
927259716627107846
927259714953601025
927259709232513024
927259708087554048
927259705449295874
927259705008943104
927259702320357377
927259701280231425
927259696876179457
927259696670629890
927259695353647104
927259692769927169
927259689246691328
927259688852426758
927259688709869568
927259686142988288
927259684247044096
927259681449537536
927259677079097344
927259674038161408
927259673337782272
927259669898330112
927259669260849153
927259666421288962
927259663107874816
927259663015563264
927259662419759104
927259662403227649
927259660595486725
927259658833813504
927259658473091072
927259653284745216
927259651955154950
927259649904177152
927259649547620355
927259646762594309
927259645680504832
927259644262866945
927259642656444417
927259642547396610
927259641888886785
927259634213285889
927259631461773314
927259626332180481
927259626206388225
927259622649597952
927259621437386755
927259621378744326
927259621269606402
927259621013835776
927259620888006658
927259617675051008
927259615468965888
927259613807996928
927259612860043264
927259610330869760
927259608359555077
927259604391735297
927259603968167936
927259601946533888
927259595772489728
927259592278585345
927259589111959553
927259588864413698
927259585282486276
927259584682741761
927259583688663040
927259582568812544
927259579460792320
927259578974302208
927259572942893056
927259572242407424
927259572145938432
927259571063750657
927259570338222080
927259565363814400
927259562352283649
927259562142552071
927259561920221185
927259559571451905
927259558451580935
927259558220914688
927259558111797249
927259556153118720
927259556056567808
927259547210846208
927259546145435648
927259541787545610
927259537572270081
927259533805785088
927259533109579776
927259530731442176
927259526532861954
927259516722405377
927259516231671809
927259509675974657
927259507826229248
927259504525348864
927259500024942594
927259499848699904
927259495465615362
927259495293693952
927259491342671872
927259491158188032
927259490294083584
927259488800903169
927259486984785921
927259478436798469
927259478386409472
927259476893331456
927259473604997120
927259471746826240
927259471553990658
927259469763022848
927259465363214337
927259461819002880
927259460065742849
927259460023799808
927259457435860993
927259456995561473
927259453640138753
927259450343329793
927259450087559175
927259446610448384
927259444764921856
927259444156788737
927259443083010048
927259443074621442
927259440226668546
927259436216971264
927259433574522880
927259433243201537
927259428226846721
927259428004466690
927259427643772928
927259423583686656
927259421402714112
927259419464912898
927259419074793472
927259417594269696
927259414809149441
927259413165027328
927259399139315712
927259399047073792
927259397197361155
927259396513714178
927259396173959174
927259395360256000
927259395058294785
927259394454294528
927259391308550145
927259391224696833
927259391023296514
927259390192832513
927259386552246272
927259386149564417
927259385977589761
927259382584434688
927259373759541256
927259371213656064
927259366201405446
927259365916184578
927259361524805633
927259360421703683
927259358060310528
927259353631125506
927259353035440128
927259352544743426
927259348098830336
927259344126832641
927259343262711808
927259341744427010
927259339705995265
927259339643064321
927259339617947648
927259336170196996
927259335754944514
927259331464237056
927259328750465024
927259327118938113
927259326313582592
927259315165106176
927259314607312896
927259314263347201
927259312623374336
927259310845030402
927259302317969410
927259299121913856
927259298585071617
927259297590980614
927259294034165766
927259289571483650
927259288317386753
927259286643924993
927259282772504576
927259276925702144
927259273314426882
927259268335767552
927259261536817152
927259260999950336
927259256398794752
927259256059056130
927259252300926977
927259245837471745
927259243815763970
927259242427568130
927259242008076289
927259237411164162
927259236412817408
927259235158814720
927259234034741249
927259227424423936
927259227147718656
927259227135074306
927259226937929740
927259226816303104
927259226367504386
927259221938393090
927259221825122308
927259221615370240
927259217999917057
927259213956608007
927259213776252928
927259209804152832
927259207077912583
927259205412769795
927259205299572737
927259205073031169
927259201390481408
927259201302401030
927259195212288000
927259194297864193
927259193773645827
927259193077325824
927259192771129344
927259190665637888
927259189726113793
927259189247905793
927259187528327169
927259184659402752
927259180880318464
927259173632475136
927259169962561537
927259159812300800
927259158889598979
927259155941003267
927259151595646976
927259151394328576
927259148135337984
927259146767958017
927259146759606272
927259145186799616
927259142607253504
927259137234358279
927259135678263306
927259125733646337
927259123204452353
927259123003150336
927259122705272832
927259122495578112
927259122415874048
927259122063601665
927259122013298688
927259120897527814
927259120763375616
927259104795594752
927259100714622976
927259086269435904
927259084306485250
927259084000321536
927259083958378502
927259083656359941
927259072059138048
927259067080376322
927259066711334913
927259063771193346
927259063318085632
927259054912737280
927259054430474241
927259054367563776
927259050290614274
927259050164871168
927259046352211970
927259042904510464
927259042195570688
927259041721700352
927259039922257929
927259037401600000
927259037393215494
927259036352950272
927259033874157569
927259033647697921
927259032682934274
927259029742768130
927259029558218752
927259029407174656
927259025829490690
927259025368117249
927259020695613440
927259020544630789
927259015578517504
927259013045243905
927259012311257088
927259008041283585
927259006606938113
927259003742314497
927259002915966979
927259002504966145
927258996075003909
927258994137337863
927258984872103936
927258983764779009
927258983475437570
927258982984617984
927258979645972480
927258979549503488
927258975636254721
927258975065788418
927258968556232705
927258967323144192
927258966274592769
927258961476308992
927258953905594368
927258953674842112
927258952362090497
927258949468020743
927258949086334978
927258947270168577
927258945483362305
927258945231773698
927258941293244417
927258941108686849
927258937656791041
927258937602211841
927258937044406272
927258936935354368
927258934230110211
927258933772931073
927258933240238081
927258932749524994
927258930182582272
927258926516785152
927258924847419397
927258924486717440
927258920669851649
927258919881371648
927258917385666560
927258916819554311
927258911899553792
927258910884614144
927258908590264326
927258907650809856
927258904408612864
927258904236507136
927258903674486786
927258899258003457
927258896581963778
927258895487291392
927258890881953794
927258890848358401
927258890554703873
927258888105287681
927258887262294021
927258878890381313
927258878751989761
927258878617817089
927258873798504451
927258871231590400
927258869893619719
927258865879658496
927258865808367616
927258858267009026
927258856081805313
927258853024124928
927258852789227522
927258848955715585
927258848670486528
927258836402139136
927258832866304002
927258832815972352
927258830672683011
927258821013229570
927258820820291585
927258820304408577
927258819952037889
927258819230687232
927258819230617600
927258812402290689
927258809554350082
927258807683731457
927258807016796160
927258802868629506
927258798607265792
927258794391941121
927258786036899841
927258785776852999
927258782207496194
927258782161391618
927258781951709185
927258781632876544
927258769301569540
927258761206562817
927258756634828806
927258756576108544
927258755628240897
927258753493340165
927258752255975424
927258750024548353
927258748829274112
927258747344482304
927258744295165952
927258744022618112
927258743884181504
927258739773714434
927258737882161152
927258735868895232
927258732513374209
927258731590701057
927258731552808960
927258731372535808
927258731351543808
927258728868573184
927258719255252992
927258718881943554
927258716717633537
927258714930925568
927258711369842688
927258709851623424
927258706915586048
927258702901596160
927258702901587969
927258702658326528
927258699218997248
927258689429561344
927258689328861187
927258684715040771
927258681921687552
927258681313505280
927258681254825985
927258679350628362
927258678457139200
927258677454745600
927258674866900993
927258671326924800
927258668453826561
927258664611794945
927258664091705346
927258663294787590
927258656021909504
927258655635931136
927258653832437760
927258653828222977
927258651437469696
927258645913628672
927258644223352833
927258641631150085
927258637097226240
927258632248537090
927258631850156033
927258630507958278
927258627597045762
927258624082182144
927258618860376069
927258618042507265
927258615282651136
927258613877526529
927258613168648192
927258612606660608
927258611440594944
927258610673029120
927258605891522565
927258602196406274
927258601521143814
927258597205200897
927258597037432833
927258596806680576
927258593094750208
927258592759242753
927258590846636032
927258588766195712
927258588644552705
927258586316771328
927258585557544961
927258584706142208
927258584597061634
927258576703369217
927258576204259328
927258575583502336
927258573792600064
927258572332896257
927258571808690179
927258571712155649
927258570911043586
927258568847446016
927258564720250880
927258564502138881
927258559431217152
927258559179567107
927258557782904833
927258555467620352
927258552204447745
927258551747268608
927258551445262336
927258550472183808
927258547708186624
927258546940579841
927258545413873667
927258543706857472
927258542255628295
927258539013308418
927258538413568001
927258536639426562
927258535767035904
927258534382850048
927258534286430208
927258533913071616
927258521946730497
927258521724444672
927258521644814337
927258521388843011
927258517110755328
927258517031063553
927258513285505024
927258512924856321
927258508822794242
927258507333787649
927258504955678720
927258501432467457
927258500769681410
927258500660629504
927258496835424258
927258493131816961
927258492884447233
927258490153897987
927258488857923584
927258488597876741
927258483115937792
927258482474147841
927258481622646785
927258480486084608
927258480016351232
927258477457821696
927258475801055233
927258474173562882
927258471875084288
927258467869577216
927258466678427649
927258464249839617
927258463952089089
927258458075881472
927258455467085830
927258450123481088
927258446155649025
927258445669072896
927258443567812608
927258441797787648
927258441692991488
927258439482531840
927258425670688768
927258425263783936
927258425045737479
927258422839562241
927258420893442049
927258418515185664
927258416787132425
927258415344373760
927258412332789760
927258411120693249
927258410445410305
927258410021740544
927258408507539456
927258408453013505
927258408360796160
927258406880251904
927258404699111425
927258404451749894
927258404401410048
927258404015493121
927258402748878848
927258392011395074
927258391373893633
927258390170087427
927258383639629824
927258383392169985
927258383052353538
927258381185843200
927258379839508480
927258376463179781
927258372629516289
927258372625362946
927258370670841856
927258368816898048
927258368338726913
927258363758567426
927258363309764609
927258363167113217
927258362965839872
927258359774023685
927258359648145408
927258358872268800
927258358247194624
927258358117208070
927258357861412864
927258354933817346
927258353390309377
927258351788052480
927258350747865095
927258349720276997
927258349510496263
927258348969431040
927258347581136896
927258345165246464
927258340606070784
927258338051678208
927258336717869056
927258336667500544
927258336470491136
927258333588934656
927258333169487872
927258327163252736
927258325691060226
927258322197254144
927258319995195393
927258319882014721
927258319676375045
927258316119662592
927258315964534784
927258315935055875
927258315779952641
927258315750592512
927258315607957504
927258315490512896
927258312122527745
927258311937986567
927258311862509571
927258308758687761
927258307911438336
927258303255728132
927258294028206080
927258293449515014
927258292170166272
927258288667979778
927258288080769025
927258286117842946
927258282514894849
927258282351263746
927258282133204992
927258275824926720
927258269474873344
927258266744377345
927258265939054592
927258259362320384
927258257239965697
927258256296300545
927258255809794054
927258254085902336
927258253016387584
927258245319872512
927258244799713281
927258240903270401
927258240680898562
927258240483840001
927258240378920960
927258240374788096
927258240102039555
927258237912649729
927258236104867841
927258223379386374
927258219034103809
927258202386976768
927258199752888321
927258195965472770
927258194526834688
927258194359005184
927258191368421379
927258188419862528
927258188134658048
927258186591227905
927258182791127041
927258182405312513
927258179959971845
927258179729272832
927258179163119616
927258168278872065
927258165187698688
927258165086949381
927258164529188865
927258164457811968
927258160808824832
927258156480200704
927258156220276739
927258154106281984
927258147852640256
927258147634450433
927258139413614593
927258137454960640
927258135017992192
927258122858745857
927258119838879744
927258118609829893
927258116483317761
927258114675691520
927258114340122629
927258110712074242
927258106152792066
927258106001870848
927258105930543104
927258105813110784
927258105754406912
927258105745936384
927258102092705793
927258102080172034
927258101899808771
927258097843924992
927258097323794433
927258093662162944
927258093444042752
927258089253953537
927258088700350467
927258086808674305
927258085000957954
927258084837330949
927258080987045894
927258076432031744
927258072829095937
927258072619409410
927258072564797442
927258069469487104
927258068508921857
927258064608288769
927258060430639104
927258059705143297
927258059646341120
927258059457654784
927258056420941831
927258056106364928
927258055460388866
927258053875064834
927258053132595202
927258052625096706
927258048682393600
927258048032313345
927258047986262021
927258047831044102
927258047508025345
927258043770957824
927258042407751680
927258039685664769
927258038519697408
927258036011446278
927258034681737216
927258031439712256
927258026620354561
927258021033644035
927258020110913536
927258013626519555
927258013496463361
927258013248913408
927258009310515200
927258009000083456
927258001286844417
927258001265889280
927258001169420288
927258001018359808
927258000921907200
927257999873372161
927257997826551808
927257993837768704
927257992902389762
927257989161119746
927257988599033856
927257986447347712
927257980923449345
927257980428529664
927257980126547972
927257976095887362
927257976083243008
927257975886147584
927257969716350978
927257967262621696
927257967220674561
927257965979193344
927257965593333761
927257964666413056
927257964565680129
927257964024561664
927257963353567234
927257962112016384
927257961189212161
927257955686404097
927257955640205312
927257952284741632
927257951726862336
927257950510616578
927257946073059328
927257945821405184
927257943363522565
927257942734319616
927257942642122752
927257942084251649
927257940679102466
927257937462153216
927257935599816705
927257935050395648
927257934584786945
927257934383460352
927257934274400256
927257934068899841
927257933766905856
927257929765588993
927257925441245184
927257925357330434
927257925302849536
927257923193049094
927257915504898048
927257912690561024
927257910236901376
927257909901385728
927257907321810945
927257907078582274
927257906583654400
927257900225048577
927257899872727040
927257897444274183
927257893627363329
927257890871808000
927257887923146753
927257887398879233
927257887134666752
927257884051804161
927257882021847040
927257878800621568
927257876183355393
927257875751333893
927257874643943425
927257873519964160
927257864904871936
927257864569327617
927257863919144961
927257862807617537
927257862686040064
927257862459609089
927257862040145926
927257861201285121
927257860085514240
927257851432665089
927257850371608577
927257848719044608
927257845589999617
927257841576169472
