938105971825676288
938044321714065408
930797717181423616
929096492509487104
928715291760066560
904735235266318336
894590703690326016
894580446167576576
892049364809641988
888067566589009920
884578349871276032
838136372254777344
824010504154648576
820004399820873729
819652367138197504
819297013745319938
817445917364097024
817170277159223296
814184729868058624
811988427084136448
811299853192069126
809140330830278656
808769698204483584
808399495578779648
808158886939148289
807038687510790145
804815856832167936
804487346666098688
788434906271522817
771417792662806528
764854175515627521
760535276968026113
760513020531384321
757730101962297345
757311265429565440
757306165051072512
757301351223132162
757293584793997312
757292411177406464
757292354118176769
757015124515303424
756978779398942720
756974327623327744
756958990492250112
756950251173322752
756948118625595393
756947195081830400
756939511691489284
756938137780129792
756933629700214784
756566459178950657
756529825716670468
756293254497185792
756171522356621313
755478579152945152
755069835390746624
748968371903881216
740223029066661888
738438137030934528
738425382592905216
735567010495488000
735227780049162240
734811283636117504
732978782068342785
732725166858375168
732616356051308544
732345424279822337
731276290892828672
731183357971697664
730457121360216064
730437799472570369
730222598299095041
730197331736334336
730197209086484480
730197187120881665
730196901874651136
730196650371620864
730196487259332608
730171216066011137
730127993083858944
730125792101859329
730123125011009540
730121075233693696
730120974155153408
730105502219243520
730105472351543299
730053980827623424
730048791538098177
729929046784495616
729913920463364096
729898823061938177
729883732769832961
729868629743796226
729853539762114560
729752335333777408
729725014530924544
729317664477224961
729053285366140928
728673175198793729
728639002014670848
728311601468608512
728223054334070784
727964716878831616
727923226181959681
727905289102483456
727550385741688834
727220596656889856
727180443573841921
726758169481859076
726441135065853952
726190112090902528
726153618567487488
725761087182790656
725761008392761344
725760916579450880
725760849831292928
725760699708772352
725760565222612992
725760374281134080
725756823463055360
725756793402486784
725671010838536192
725369598577643520
725368550295232517
725070322492411907
725064167644876800
725055331877949440
725049650508644352
725044948752568320
725037754703204352
724999586188693504
724976436767940608
724387542867415040
723660732491931648
723529235537633280
722892197129900034
722771896702373889
722200579972313089
722137790792601601
722123415113506816
721777905689231360
721476463224958976
721116526133190656
721035741413842944
720733517924028417
720366261692026880
719929778237607938
719578515096473600
719578169083187200
719576624992096256
719576389716877312
719574782220455936
719572261615771648
719570631398821888
719570223683076096
719569955507687424
719569554846789632
719568355267465216
719540552543252481
719378844084363264
719349500347715585
719344186382635008
719343570683977728
719335774869557249
719330974257917953
719330656128372737
719328861201178624
719258586686234628
719193288696160257
718951066352484353
718830952215027713
718576599243751424
718525581105598464
718161983082606592
717784875571351553
717124324994355200
716671622841638912
716294247868071936
715982624674684928
715965241675419648
715672634076233730
714896735202443264
714608212872302592
714272648352563200
712698254903775232
712362965417140224
708781155458285568
708780347945713664
708415555074568192
708335495881695232
708332497889656833
708332287637598208
708329976269897728
708329019184250880
708328294479896576
708328263530119168
708328122169430016
708325840522575872
708325754400976898
708325325667610624
708325281845501953
708324961761386497
708324497028329472
708324260972920832
708324231151378432
708324050297171968
708296419816288257
707982162910253056
704096609550753792
702862487012581378
702234483928371200
701496648212434945
701451366976204801
701134273525342208
701101366500990976
700863212061786112
700498512593575936
700063373820440576
700032447480659968
700009287662178304
699764149807525888
699758753957040130
699700183018278913
699664282573623296
699337555460931584
699008265456201728
698975063958106113
698944827979755521
698914650155384832
698675691714285568
698645399037284352
698619307899523074
698618669442543616
698618124048814081
698614851543764993
698613774375235584
698611905644986369
698576444172009476
698558192708521984
698558076576600064
698378829539078144
698378308736581632
698377872432455680
698375907417858049
698357056730824704
698354595693629441
698354355674619905
698292854876024833
698283219528105985
698265574728671232
698246090655604736
698223891177697285
698184397753683968
698178509739577344
698175507431563264
698175069781127168
698167290886492160
698122071663058944
698038713570316288
698014587593986048
697992392662581248
697966446207307776
697957663129231360
697951647540998144
697946685595475968
697945288363761664
697942468700995584
697941518175186944
697940696032935937
697939111164837888
697938402587516928
697937562296410113
697936760244797440
697933070050000896
697932374361792512
697931869237616640
697929780864258048
697925649277693952
697885866576912384
697858861479305216
697849325032898560
697824989496500224
697822509958172673
697820975149125632
697553860257140736
697548466600316928
697478677479567360
697187049552482304
697166113449218048
696898191795494912
696871881828204544
696825099626766336
696809152174120961
696808313187487744
696803624010194944
696689979158712320
696544186208661504
696539123616604160
696536855894839298
696495240094416897
696493919412948992
696472741843566593
696440434193600512
696410726898872320
696397881444425728
696367285573779457
696215675749052420
696046582228123648
695785911095660544
695736623770660864
695732112368861184
695696139069161472
695675494369394689
695674136350208000
695673768144863232
695654881688842241
695631373638316032
695445559914553344
695360405107965953
695358159272046593
695355798659051523
695314496567377922
695292987681611776
695288884968591360
695119094601756672
695053117558226944
694947909721141249
694716921485197312
694641672974536704
694630388983926784
694596697872142337
694572497358860288
694294459194867712
694285367982182401
694264321170231296
694222601829294080
693984614159912960
693952366551240704
693901618325118977
693856610175827968
693841402795552768
693552391614910465
693524010370338816
693246794050842624
693207086822350848
693191961331703808
693177249902628865
693161925186686976
693130603873464320
692766285432684545
692081593771372545
692026308654559232
691855589941624833
691706423000961025
691666877358043136
691455459677466625
691451751782707205
691447929970688000
691380927562289152
691349845727166465
690957805612707840
690677406424666112
690580398833729537
690543382565822464
690534370399027200
689929049288740865
689320833660010496
689315647331803136
689315086972751873
689314752271536128
689274320842047488
689221690765651968
688865681694044160
688813111051091969
688534200572448768
688532833640435712
688532537094750208
688531371443093504
688500529744445442
688446725279715330
688426123831595008
687324472609615872
687084214898954240
687079392674091010
687061120264175617
686729318844600323
686721976702873602
686707336514162689
686700043085058048
686605637661229056
686354899269861377
686349518762184705
684204123969880064
684203139197603840
684198077532487680
684196778237771777
684196133594247168
684193551396110336
684190164340441088
684187363963109376
684186181114843136
684185905167335424
684184034713337856
684181109341458433
684177699703668737
684137708009078784
681558149288058880
681539516792963072
680387544287150080
680297090799423488
680044796828725249
680037748200222722
680037680437006336
679709457031376897
679377332575076352
679374940450111488
679349369007665152
679346757201993728
679025094899974144
679023464733401089
679022316383305729
679019734009032704
679019636181045248
679019186685927424
679018693037326336
679018567736696832
679018433737003009
679018339772014593
679018133320015873
679018002336112642
679017669174145024
679017428249112576
679016999553540096
679016807194370049
679016662079815680
679016446605807616
679016296529436672
679015762388983808
679015589810163716
679015363221331968
679015261400338433
679015139991937024
679015019946844161
679014389526196225
679013885064650752
679013813941870592
679013739996254208
679013671478145025
679013576749785090
679013454322208768
679013341961052160
679013226391171072
679013038805147649
679012964851187713
679012891534729216
679012792586870784
679012623833255936
679012448175788032
679012323802091520
679012152821313537
679011940790837248
679011773010345984
679011465274216449
679011139192233985
679010991846375424
679010906865606656
679010731514269696
679010466253926403
679010356077948928
679010124145512449
679007857342177281
678997251063021568
678682294178086912
678288874871754753
678288731862798336
678260712712437760
678037559688093696
677928726940618752
677913907155959808
677905492656586752
677564538271633409
677539682196959232
677539600781336577
677539174249967616
677202085792747520
677196323444023297
677189386195210240
676854320030195713
676462013506187264
676428931591856128
674000628914368512
671757952240381952
669882773981630464
669248426308071425
667067024476995584
661967824290615296
661713866481471489
660511153148182528
660141124800024576
657721875594784768
650768446171430912
650727900681932800
643526423437811712
643523513509376001
643460066067111936
641428643365781504
633436966634127360
631575407599337474
630483810665127937
630094958536425472
629838252829073408
628959599517831169
628774094985539584
628764573022076929
628762429678186496
628632997038665728
628349964372946944
628321210900869121
628218770981437441
626073189437681664
622215081015640064
621432476611776512
620105494284251136
620086567894323202
620070728285564928
620049253423910913
620048799205974017
620047280108744704
620046962490904580
620046775336873984
620046483170066433
620046275770085376
620046129581813760
620045945242152960
620045513388220416
620025218728226816
620023958478282752
620014320114495488
620013824066740224
620012726740365312
620005205464080384
619996947269599232
619992026335985664
619976674826805248
619931209460678656
619926720779390977
619921198537838592
619206970432724994
618810951886725120
618810797544726529
618810620004032512
618810503062687744
618810406627229696
618796324025008128
616999088723136512
616669647123947521
604340113154285568
597415172320329730
595657660466356224
592718932978573312
586979813874741250
585919885957398528
585493770436751361
583796176119439360
583381063038177280
581487111351631872
581486236054876162
