671766929187573760
671766884237238273
671766789882175488
671766775478935552
671766730218180608
671766678443724800
671766650035699712
671766604611391488
671766518250659840
669219996241780737
669219843074211840
669219813768585216
669219724325076993
669219167233380352
636976353376604160
635887357149999104
633724918316834816
633343722143502336
632277613109751808
632265891808444416
631146443957501952
630760505607651328
629762822424104960
629755034465632256
629740701887164420
629731811279683584
629731726328266753
629683737379401728
629681894519652352
629681562435616768
629681503090442240
629396576062943232
629374523322855425
629371414898978816
629363931895734273
629363851511902208
629363757035163649
629313588763709441
629313534925647873
629050293863514112
629050128226217984
628682095121055744
628655810093182977
628649166533754884
628285801009426432
626483073706782720
626154971071909888
626118403477082112
625785347063066625
625748964994891776
624657019610513409
624656669839126528
624320153291849731
624319952506347522
623941415396093952
623584326412840960
623221277046784001
622138355900395520
622072986825322496
621779344650842112
621417005955051520
621039203325976576
620684263088889856
619604983533674496
618879855858425856
618149504961933312
616326814080700417
614484613264617472
614161358720897024
613860735853031424
613766098534531072
613765681469718528
613765532072808448
613765503694180353
613765429652094977
613765408642850816
613765315109847040
613026567308992512
613026503144529920
613026408441339904
611674650376953856
611674552725147648
611673779920502784
610872114585931776
610515004219994112
610514979964391425
610514957130534912
610514800221618176
610514746060582913
610514619396784129
608712639212994560
607996505417347072
607995710554832898
606546272300843008
606159050053545986
606158999109566465
606158973327147009
606158950438821888
606158874022801408
606158818003664896
605441512134950912
605441435605692416
605441327765950465
605441272707321856
605441240495067136
605441164955652096
604327992001581056
603257755579719680
603257691146878976
603257602290528257
603257579901362177
603257518597410816
603256746921037824
601447571211485184
601439430864285697
601439323167162368
601124775520374784
601093676706582528
601092770409775104
600795562732957696
598618473548226561
598618313804021760
598575456611278849
598575425107824641
596730435343765504
596730339717853184
596730312169623552
596371067976884224
595642223787642880
594279860010295296
593892382505963520
593892185608622080
593857822892249088
593537091495014402
593175660991905792
590602531572752384
589163999343718401
589117902168559616
588102117551972352
588043442690875394
585159436316053504
585159193881116673
583400007711109120
583393117342040064
580420464222298112
578998496809721856
578697443501420544
578644059331256320
578643946185756672
578633945689935872
578633819416199168
578628369916399616
578628348928077824
578628310298554368
578628284520370176
578628249925783552
578366265720340480
578342549619781632
578342435815698432
578326495820537856
578326414904025089
578326264181694464
578326016982052864
578317677120241664
578245726687244288
578245425406201856
578245275677945856
577917311631294464
575352568882204672
575352551777812480
575349628431810560
573185611923775488
569957825700503552
569938317308866560
569938256587984896
569938143601766400
569938114782703617
566330748177641472
566330686731067392
566330636915322880
566330579495309312
566330541423607808
565591341959491586
565591104306044928
564938673834033154
564938363132583936
564932678131011585
564932044686254080
563832629590376448
563777817934983168
563422908211396608
563420499993034752
563109737123024896
563109719452442624
563039903483965441
563039041181212672
563038810423193602
562693269319319553
562348707400540160
562335161493106688
562335084309528578
561733105195966464
561732667788767232
561612988851843072
561612931670888448
561612803820101632
561612512798339072
560969831873146881
560954613029797888
560888326685614080
560873926889197569
560873832764821504
560873662274732033
560559906638790656
560505588942385152
560504502005272576
560234983441182720
560161367031037952
560155296589684737
559882404471382016
559875266290282497
559872957502087168
559869538825539584
559816138729590784
559812360324407297
559809056320131074
559808401618661376
559808315987734529
559472804874035200
559472742504755201
559472626641281024
559472593686638593
559472416615714816
559472186818174976
559399903982415873
559380815600025600
559278586809434112
559275004303380480
559274760568201216
559273512704040960
559207098362261505
559207093861761024
559202270685179905
559201996071522305
559201871735566336
559201156636102656
559201076470358017
559200657451003904
559200206601089024
559200144990957568
559200066872033280
559199706619076608
559195601330765824
559193029731704833
559130339277172736
559129518577709056
559123125988622336
559123119982804993
559122581509644289
559122562429747200
559121522896687104
559119490168791040
559119458862911488
559118018773782528
559117549447962625
559117534965039105
559117524373995521
559117205477265409
559117152611864576
559117123617054720
559114720532525061
559109520035954689
559107638597017602
559107604384075776
559032508021354496
559026724587851776
559014947703631875
559013679484502016
559013498898759680
558799938419560448
558790113610592256
558773276365705217
558771060082880513
558766312298536961
558756181699620865
558707056673181696
558696711556587520
558666995864838144
558401728534437888
558390574248521728
558354424418926592
558354246769184768
558346133190098944
558344461776723968
558344256792702976
558342970294816768
558113727971864576
558112590610833410
558112548986572800
558111944654471168
558111917966131201
558110940517126148
558108938458382336
558092075917656067
558073232570736640
558072668084523009
558048092537499648
558032772414341122
557981126585614336
557978916602646528
557978808418979842
557978474107777024
557782904924041216
557694703752470528
557646595840573442
556516802532876288
556179818933268480
555871183795548161
555443184310829057
554821518421536769
553661423944220672
553369247335067648
