741279668804820992
739883158385090562
739169878641283072
738807514712543233
738445648794689536
738082821445586944
737725887831908353
737667798193704962
737664987628503040
736995590052012033
736633290275225600
736270582099156992
735906548472500225
735546161713401856
733735817374502912
733447325780054017
733372733724102656
733009288453464065
732722497255133184
732647826887434241
732294128063549440
731199476120031237
730836771001532416
730471532930031616
730111408482963456
729753523890601984
728667653213147136
728298247500898304
727938059002589185
727573538618515458
727211146566987777
726123228545093632
725766608992493568
725489814405926912
725398583982313472
725126848590438400
725036268896309249
724674445198123008
723587702831108096
723225352802193408
722862587520528384
722511629590470656
722137717446848514
721049030411726848
719600003660906496
695751610794795008
695736656737861632
695721451010158592
695701804164644864
695692914790309889
695688767890333697
695679902100533248
695661203373162496
695416207294337026
695405821912440832
695398145203638276
695389505969213442
695377414973579265
695354923567828992
695351645257871360
695340056110739457
695326392280416256
695321248557993984
695310425806626816
695302576548372480
695289619709964288
695051683764633600
694991066651426817
694976839840739328
694966293200416768
694958237150371840
694957980370882561
694698178839379969
694690783107002368
694682761106313216
694633900170055680
694626464268832768
694618473536757760
694601781880320000
694281366465216513
694250365538021376
694243718363107328
694235161760632832
694235053891522560
694234771124170752
694221777497554944
693951996496384005
693876476609896448
693849453204123648
693501755384987648
693238728706248704
693213252629635072
693204271278391296
693194000803573760
693180821704830976
693176659344633856
693171469241561088
693138626943692800
693137374230937600
692926820363194368
692905397351497729
692892559106924544
692848759181410307
692831657217249280
692824339700256768
692814686618722304
692806900883152899
692795394309271552
692518931131551744
692518479425961984
692518386383896577
692436128905887744
692401407056449536
692206363318030339
692178047915724800
692110171246612481
692055359842746368
691746758586597377
691714638820438017
691710150399234049
691709967267565568
691684554633969665
691675359280914433
691474471182426113
691416791596167168
691416647433715712
691416566383022083
691405808777584640
691368199795814400
691363624053403649
691362938003656704
691351165179555841
691351154073034753
691308574371291136
691285720074317824
691285464674729984
691117574222839808
691117544288092160
691117187545714688
691067931082383360
691037395710382080
691024989269561344
691011290458763264
691011252269613057
690980539692486656
690964892501696512
690962797975343104
690960877676158976
690950509641895936
690921137958576128
690920933993787392
690769111677202434
690749440085196802
690747038254759937
690737231217057792
690729808695787521
690729499814563840
690728841979920385
690728630364733440
690723073725747200
690688281218908162
690671953372323841
690666466446716932
690639854598623232
690636391861096448
690631048565133312
690611168822472705
690608614331944960
690605757151084544
690599773410226176
690597044289830912
690596258579279876
690591848373493760
690590242844180480
690590130130681856
690589328817332229
690582709945561089
690400906517594112
690395841685766144
690389759433281540
690368701263171585
690362268974981121
690340326733643776
690337078475952129
690309781886623744
690305560651005952
690302816934490113
690302469641908224
690298881595158528
690298321080946688
690298110946385921
690294971505639424
690294501869379584
690289526078464000
690285275369598977
690266984630476800
690263051602276353
690250114229624832
690243736027017216
690243334636367873
690233317132730369
690231590438379520
690225898306437120
690019713871695872
690006318078377985
690003659560767488
690003268995584000
689962426612211712
689947575814721536
689941101550051328
689930994930028545
689923018454372353
689917924480446464
689901502052171776
689901459928801280
689901135839260672
689898507252031491
689898253538582528
689894813550809088
689893580673028099
689893010172063744
689873046379737092
689872978599772160
689872944902733824
689643891314786306
689643455258095616
689568710923784192
689567336307621889
689563935725334528
689561134878187520
689544268059320321
689530639314321408
689498976626716672
689498962093445120
689488337929809920
689281536160591872
689253467404107776
689209513946157056
689207437136674816
689207437006524416
689206255991259136
689169725419462656
689150884832346112
688936896379092992
688919055005290496
688875131578388481
688830330736791552
688809474149249024
688785149916397568
688591581469917185
688526508529324032
688500168895811585
688204047690539010
688171334199721985
688151691955290112
688136323983527936
688125055155310594
688107897570504710
688064287013666816
688059078002761728
688053385841397760
688041714217545729
687856877149880321
687849183496175616
687819518282956800
687799360533299200
687762880817569793
687757946256633859
687746178440540160
687726011639705602
687712470962585600
687712456303460352
687712400716382209
687697899409412096
687469553547382788
687452180228386816
687403343560478722
687374146590748672
687350707003904000
687339782175768576
687086191678779397
687037994851631105
687029346066939905
687017983747735552
687006487252611074
687001683419873280
686998363556999168
686990219195854849
686976823431806976
686679632582557696
686618256480710656
686415488428032000
686276505312206848
686065621759426560
685985805223858176
685980973352136704
685915430796439552
685655905652768773
685623967722242048
685605677952176128
685555160903323648
685516936034271232
685228318753308673
685216805594345472
685215755642646528
685207517060706304
685190237165760512
685167175120715776
685161825537662977
685158059564384256
684879046816075776
684853061886459904
684850726044962817
684821993871429632
684574542484733952
684532037269639168
684531580543475712
684531314708512768
684530747672244224
684529767106744322
684529338432110592
684493959003910144
684440662318518272
684150119701164032
684146596347379713
684106219997405184
684098590315253760
684094721237594114
684076492309958658
683817370645872640
683363366149042176
683039388058562560
682999037650309120
682732999029342208
682716794033844224
682622877854601217
682430075434827776
682245018929741825
681921291704791042
681882521550909440
681520028970315776
681147163506794496
680435009669492736
680115831699681282
680071204779233281
679811511821463553
679778440866824193
679712768380026880
679433853371604993
679398031314300930
679374906484785153
679001858816380928
678295426676592642
677981205749301249
677933411894321152
677672641520672768
677607351268978688
677571751883108352
677179631863115776
676862518589915136
676754150386831360
676753471257772033
676752932407148546
676470429658124288
675398234882183168
674701999280033792
674299101320642561
674023647539949568
673925172211007488
672915381875552258
672841716328607744
672120295155625984
671786994905649152
671786682459361280
671746938648199168
671746815541178368
671746730384166912
671746622200504320
671392130489827330
670311195702784000
670037990698160128
670011083638226944
670010404894957570
669940943068393472
668857910563221504
667867345696636928
667410739100057600
667386975024844800
667055420461084672
666323364550610944
665221422646583296
664508156765016065
663794135942344704
662677122889089024
661700609549053953
659795338144948224
659792938382327808
659781005092503552
659780962457395200
659775344845524993
659772531029577732
659413535793942528
