818274556422934532
815422696804663296
814971961314938880
814648606112157696
814244552097890307
813904852967268352
813492747315318784
813217124172738560
812870492763856897
812825239948300288
812778168348069888
812402422501011456
811331843232440320
811254876122546176
811023570650312705
810681355587579904
810620675463462912
809909900377632769
809541794815823874
808870972015022081
808099058309091333
808008512802607104
807721571938926597
807649369193213953
806996801446350848
806264467222839296
805540292547858432
805528634081427456
805527621370949633
805183250268200960
805182246810324992
805179794090360832
805175598205149184
804884710711128065
804417562821828608
804372999839170560
803713135790034944
803644788801081344
803375244467650560
803342779636064256
803291260467351554
802996975142453248
802995828579127296
801832785048727554
801530794338635776
801187748115689472
800020840666505216
799658459683844097
799386655278960641
799064720972005377
797970399149465600
797530098874269696
797491664021553152
797287819962122240
797272715619160064
796495089614934016
794569941534068740
793120368039002113
792425787043540992
792139060693303296
788891529519599616
788421333663092736
787398276131622912
786959792262766593
786682297269555200
786679879563632642
779014268859609088
777241343286321154
776954235472707584
776949507518980100
775390385723936769
773998220317818884
773217760067198976
772835211037990912
772478737359089664
772101018309931009
771770138467012609
771453950809677824
771016225895755777
770685926913761280
770318028223356928
770272761562357761
770272385966678016
770272347223797760
770272302063689728
769937445961949184
769595742486827008
769180074390138884
769176660989972480
768868234011357184
768860955098787840
768528744520613889
768497521584906243
768132798536224771
768115619799543810
767753233435459589
767390861248180224
767028471591673856
766757697542729728
766700899569893376
766676806808301569
766400852248625153
766375412049993728
766345483128156161
765994430146961408
765988942562811904
765604895877718017
765289238891868161
765286505887649792
765284317744533504
765073012378902528
764899512242495488
764889683666939904
764889286445441024
764889150730358785
764875845278150656
764869275165138945
764823989285826560
764589898309390336
764541134865506304
764530793620221954
764494408779563010
764493204125130752
764492900759506945
764491950409981952
764446558456643584
764362693583044608
764306020902416384
764305713149521920
764250593900789765
764250433997135872
764239260383842308
764183819616448516
764120332307357696
763891857793265665
763873196365926400
763863053771403265
763860262617219072
763853791087079424
763826594330796032
763800876024602625
763764375480066048
763483194406514689
763444787882041348
763437286801408001
763132426553929728
763132112354418688
763131615581118464
763131100390502400
763130320870711296
763129905102151681
763129675916861440
763129285079027712
763129073430171650
763127323906363392
763126293953064960
763125777789399041
763125099025182720
763124595389894656
763124052584116224
763123622491803649
763122436443299840
763121677412642816
763120982370295808
763120940850884609
763120080955650049
763119880803540992
763118483731132417
763109495962599424
763048847337590784
763040898183680001
763040857641541632
763040837953466368
763040698174025728
763040639067889666
763040626623389696
762862757129498629
762813226010619904
762392537982046208
762360433806147585
762334740430979072
761747769044238336
761635500058939392
761614061721100289
761337084779040768
761319491544358912
761275034342162433
760949651721904128
760699611535278080
760503402186977281
760502182756044800
760477463763791873
760471533806465024
760156257604939776
759424389360160769
759114147976060929
759092272306745344
758735654226309121
758656993166958592
758341596031004672
758071854150156288
758070699374342144
758024756809469952
758024742834089986
758024724047761408
757995824429268992
757733701119725568
757658086559461376
757258517413634048
756898988448591872
756647623314907136
756623988961386496
756522354507862016
756234752835792896
756127728726781954
755816008816873473
755436142556688384
754715595526934528
754359221060182016
754356714665811968
754055214852734976
754021098472165376
753648993377329156
753349229142093824
753028430262890496
752941569963982849
752867232070328321
751496282510794752
751453230786228225
751128316556382208
750745334037356544
750021301591379968
749300988725436416
749000244491235329
748925248884445184
748577045018513408
748203988865036288
747864438124875776
745748678162284545
743247672820195329
742748448961617925
742507785363980288
742436081925160960
742431808990519296
742431585517985796
721074851016933376
720783665786155008
720050765268529152
705078288197230592
701600392333778944
701579305285918720
700726339683295232
