865348490204823552
760162212728012800
759101225472098304
758738840433532930
758449781291102208
758449622956199936
758393337631997953
758393195910672384
758376512018001920
758337419217211392
758012006867742721
758011989645889536
757981247834435585
757973619863465984
757699632717627392
757685811886354433
757662654890586112
757610386531061760
756894209152385024
756631984504463364
756613802028851200
756556451791921152
756249391636160512
756249003226898433
756162899060465665
755865262360891392
755806727803580416
755801985685741568
755444604346834944
755444431789010944
755438166102847488
755155354879569921
755113271615631360
755113142791708673
755113054652641280
755083186191814657
755070532442136576
754858706957799425
754856338618843138
754856133198655489
754856006924984320
754855960313606149
754855936947126272
754855714816864260
754855550735622145
754855526064717824
754855043539406849
754854960446275584
754854886563459072
754854862123171840
754854798315270144
754854582816165888
754854397797031939
754854376859054081
754854361168130049
754854158000271360
754854038290608129
754853773017686016
754853700598833153
754853665106632704
754853363188060164
754853271131389952
754853227250659330
754853176310796288
754853040809652224
754852826329690116
754852809988714496
754852779861041152
754852342386659328
754852319435436032
754851993110228992
754851291134734336
754851008107335680
754850849461968897
754850482850455557
754850449962831872
754850422616010752
754850304995188738
754850025025396737
754849507322376192
754849223254822912
754849029880623104
754848957444952064
754848751773097984
754848737374023680
754848007145742337
754847688571490304
754847543767425024
754847521889890304
754847502457724928
754847367258451968
754847262690291716
754847242570182657
754846940429332480
754846868719271937
754846760820809728
754846701375021056
754846271211393024
754845516853227520
754845476109758464
754845330093387776
754845158902865921
754844923451482113
754844780203388928
754844675379388416
754844565849288704
754844286366064640
754844157714104322
754844085962231809
754844041842266112
754843539364732928
754843289044430848
754842932285313028
754842654370697216
754842514448756736
754841968396513280
754841503529177088
754841452878761984
754841304748560384
754841227825065988
754841046014492672
754840983196401664
754840815294291968
754840512503222272
754840319972081664
754840273327316992
754840177214758912
754839837132283904
754839210238943235
754839010552315904
754838340948463616
754838146223738880
754838126174937088
754837919639015424
754837787849789440
754837383636332544
754837302803730434
754837258428002304
754837151028613120
754837140035416064
754836957646041091
754836850729029632
754836500458541056
754836260535963648
754836099042725888
754835409885016064
754835074823053313
754834920539729920
754834861269983232
754834847739158528
754833857204002816
754833822592540672
754833553637027840
754833524243337216
754833510930587648
754833490915446784
754833479959846913
754833332924354560
754832160436084738
754832142572466176
754832100209991681
754831581353652225
754831161583480832
754830960252760064
754830727343067136
754830111820558336
754829534629797888
754829152092512256
754828963327844353
754828794356051969
754828441757679617
754828046524223489
754824751609057280
754824721926062080
754824632444649472
754823734276481024
754492050226098176
754355194893258752
754119767624065024
754007524794245120
754007422050635776
753983613335511044
753761887183970304
753711350468136961
753711264912650240
753700779513360385
753700623959281665
753632149207515136
753403976603750400
753349847621574656
753349466610999297
753313320505970688
753264255164485633
753034439756742656
753024625920057344
753024578490884096
752984636930740224
752958049069912065
752954335961624576
752941359468687360
752915800839757825
752907437770813440
752906636449112064
752899477602566145
752614092066529280
752588923721822208
752563415239897088
752542793906532352
752535550226083841
751516493402116096
751512239400587264
751511981975150592
751446114079911937
751191323164553216
751143732070617088
751086289101791236
750850933077078016
750850827783245825
750720850786078720
750467905855168512
750461449839882240
750461017704935424
750425027007291392
750412265275305984
750374420640772097
750000239457636352
749999649784598529
749998864661262337
748935666172514304
748621828139020288
748621425309716480
748575008658599936
748554302981971968
748250896300052480
747838648603729921
747596610356404224
747531010586222592
747459876343840768
747455739183013888
746510260098105344
746397812527497224
746375060856799232
746146917004902400
746121182919831552
746121159196893185
746066306781188096
746066120558292992
746059505805443077
746010135999315970
745996128538157060
745746357122531328
745675226558533632
745647847857496064
745644261148758016
745422944340320257
745422824530026497
745421197597237248
745373571107586048
745356204847697923
745331929688473600
745314101010653186
745298372446171137
745291738386857984
745044137066430465
745015353198022657
744925381686231040
743954577876148225
743893190378299396
743518170044981248
742750172417925121
742413799320260609
742413747889672192
742398061268238336
741655031292690432
741300115361529856
741037053295529984
741022606308970496
741022368722620416
740936948122947585
735558485727809536
735558257792552962
735558073826213888
729715712982319104
716732118278086658
716324495800143872
716059048085295104
716036551310901248
716035343342895105
716031118659596288
715994250635255808
715946442511093760
715935237293924352
715933115756056577
715613304081625088
715613121549697026
715605963445678084
715604423834206212
715583578193592320
715342961735651329
715338674833993728
715335327838134272
715328008429547520
715306063986176000
715300643208978433
715277264225570816
715237301073219584
715215323113218048
714974792768626688
714952820248580097
714920326916755456
714883975546679296
714883922849476608
714883630019915776
714859025569939456
714631708029485056
714589427645812736
714579437237317632
714579350276808704
714551486441631744
714543825759313920
714526620338401280
714497288534511617
714222780246417408
714222425521528833
714222253689311234
714222060998766592
714126433530937344
714114452472201216
713884864030703617
713884373418790912
713848115153907712
713827775203778560
713827690772455424
713772495367589888
713502522170695680
713500805140099072
713484809817964545
713484304269975552
713453522621112320
713453445504610304
713431144344133632
713404908771233793
713145495540006913
713138416922206208
713118456850219008
713118322506641408
713108390373777408
713058036823134209
713048229147840512
712765520794165248
712755541802487808
712755034673426433
712753121471037440
712752636928241665
712715394469900289
712703408545751040
712683665612902400
712443464395333633
712428858625032192
712420410176876544
712410681971052544
712392165104570368
712382780319993856
712353026325876736
712323335548342272
712069153507545088
712036039460782080
712028975216726016
712025629466566656
712025605944946688
712005809715040260
711993252673490948
711987013965119488
711971816978264065
711967076206952448
711954210049228801
711760916082130944
711760872327090177
711741323414376448
711740789630447617
711696839385329664
711696381333737472
711689416863911936
711679883366178816
711679812067135489
711679583624364032
711671672021995522
711658804715257856
711656922718429184
711656875591241728
711615427462336513
711610740528906241
711610660342214656
711608224739254272
711608150219034625
711607964684066817
711594278867173376
711594143617658882
711594033668206593
711356257987235840
711356149065326593
711355143313227776
711340854284124161
711322957222547456
711322509354729473
711316205827588096
711315918467387393
711311113514659841
711301665735839744
711298224691122176
711274462054776832
711270147621662721
711265301803831296
711242962445832192
711237596030971904
711235823459442688
711224356236439552
711224268650975232
711220814041862144
711213665286918146
711213466300784640
711045602960756737
711043498233868292
711043217257422848
710997155847114752
710966701358100480
710966625558630400
710963918533832704
710955768153964544
710955729813774336
710955445939097600
710955368369618944
710954455575896065
710954345366355968
710954302668341248
710952344276439040
710949200394002433
710948228984741889
710947786875736064
710947670806822912
710940874759208960
710933364744687616
710932820282056704
710918753727356928
710918000203837440
710913336473296896
710911100359839744
710907883697770496
710907797571903488
710905434756919296
710904405885751296
710904168492347392
710896929119416320
710896834701438976
710896543767744512
710895758724046849
710881706950000640
710874063292346372
710864540284489729
710860926736420864
710859818249027585
710858301370531841
710844302574768128
710675653205471232
710675143354265600
710648795806060545
710648588653604864
710612901891969025
710609451963781120
710607797293948929
710602815387774976
710602653240205312
710600810464317440
710596336035323904
710596124415897601
710591754374742016
710591241558163456
710586511499001856
710576301283737600
710576269620961280
710576003215544324
710560267394920449
710558882645483520
710544756888064000
710544542080966656
710544167466708994
710544030736592896
710541333471961089
710533017639333888
710525426238492672
710510723164573696
710509321545646080
710507258132627456
710485923188723712
710482610506477568
710282875472457728
710272307042750465
710269601569853440
710269060496228352
710268136478498816
710267708403634176
710267473438715909
710267353393549312
710266930360221696
710266898101895168
710266775930208257
710266147275288577
710266105713922048
710265443986964480
710265275539533824
710265247211204608
710265172355473408
710265039630958592
710264701964267520
710264471747301376
710264354264862722
710264286010998784
710264037183913985
710263944321982464
710263659864272897
710263561470107648
710263170816806912
710262901114675200
710262739617185794
710262446007562240
710261957119455237
710261842380083200
710261762667388928
710261618332934144
710261418981888001
710261107454189568
710261068971384833
710260784102682624
710260124061839360
710260006612930561
710259940154155009
710259313726492672
710259033077198848
710258699185610752
710258341365227520
710257837356617729
710257116129263616
710256803687243777
710256310185406465
710256019905974273
710255941350850560
710255810085912577
710255544431325184
710254818036551681
710254632509964289
710254480864911361
710253467382583296
710253282535432192
710252970709884928
710252840644530176
710252511781720064
710251655401332736
710251073013809152
710250948484943872
710250800518275072
710250492329205760
710250148756983808
710249914345730048
710249812050874368
710249731620888576
710249269094170625
710249040860962820
710248919842721792
710248620725915648
710248053098196992
710247846587420672
710247725271371778
710247593893240832
710247368583544832
710247315659829250
710247189998481408
710247139855630341
710246809923289089
710246492083081217
710246481731555328
710246403092533248
710246297123446784
710246056336826368
710245690262163456
710245685870723073
710245626181619712
710245467313950720
710244850315046912
710244801564811264
710244648514498560
710244243051155456
710244052424200192
710243696386531328
710243565218058240
710243367892848640
710242848092753921
710242813892407296
710242675002224643
710242644455084032
710242465588973568
710241653890506752
710241434692005888
710241222456029184
710241075319799808
710241031027986432
710240992423641089
710240887301738496
710240597605351424
710240253714370560
710239841401745408
710239823110352896
710239167586799616
710238971498856449
710238747636314112
710238186853695488
710237714419847168
710236210652839937
710235580618006530
710225100755185664
710209080338599936
710200488151502848
710195781714759680
710194872083415040
710191913270251521
710190521084284928
710190446752899072
710190043210653696
710189772682240006
710189615542616064
710179737235296258
710172219264073728
710168072640827392
710164639376666624
710162850568753152
710136365288005633
709919461038358529
709911099169091585
709910751515836417
709910139499708416
709909982943121408
709909692575666177
709909585138585600
709909254111502336
709909113904336896
709908710949171200
709908506690715652
709908287894855680
709906628816928768
709906431860801536
709905755260911616
709905447000473600
709905238031867904
709905189533122560
709904727199195136
709904618608721922
709904597112856576
709904355298684929
709903884836216832
709903837964795906
709903790216847361
709903764010864641
709903553364566016
709902554881110016
709901543999299584
709901364394995712
709901211831390208
709901159138353152
709901036366876673
709900845433753601
709900806959398912
709900481800183808
709900311997976577
709900239017107456
709900001619521536
709899885395320832
709899446708883456
709898990322454528
709898262531014656
709898238661296128
709896999525429248
709896707224379394
709896479452729344
709895937598947328
709895411356401664
709895355794460672
709895285825101824
709895195513331713
709894917770706944
709894753152684033
709894584432656384
709894521081831424
709893418877497344
709893204095569921
709893090392145921
709893080275558402
709892625772318720
709892435652907008
709892400563380224
709892302097879040
709892266790289408
709891838136549377
709891443318345728
709891418790109184
709891104561168384
709890181831139328
709889872316620801
709889510318837761
709888951301971969
709888286353788928
709887686916513793
709887521254051841
709887206874152961
709886748545781760
709886718787203072
709886550763376642
709886463228252160
709886102157467648
709886021018648576
709885820077891585
709885696517910528
709885509162545152
709885301129216000
709885040453246976
709884576877780992
709884345129897984
709884277748412416
709884117949616128
709883964769460224
709883626352091136
709883567778566144
709883473473904645
709883265218273281
709883149728161793
709882949668249600
709882848459628544
709882802720743425
709882220828237824
709882152096112640
709881471947780096
709881134423801856
709880685167661058
709879981673852928
709878164072189952
709878088956444673
709877837046489088
709877683950215168
709876809848872961
709875968173682688
709875910044823552
709875020521037824
709874301432832000
709873032274153472
709872285654474752
709870238418866179
709869269828247552
709869125808435200
709868682193674240
709860310207713281
709854766994554880
709851621547593728
709848690073030657
709841846927659009
709841789419544576
709838475348946944
709808004560912384
709799776049434624
709799762195668992
709796236086214656
709778965309693952
709778955465719808
709778943641931776
709761872963117060
709761457357869056
709759270141566976
709592133418618880
709561405792325632
709550734950313984
709550543031504896
709536229788745730
709533597342912512
709533562014306304
709529590834679808
709528781631787008
709528145418788864
709527703737671682
709525448896552961
709524983165247488
709523603964846080
709522761543069696
709522356205518848
709518869543555072
709517285753393153
709516725801324544
709515629355671552
709515322743779332
709514096215859201
709513756070584320
709513655809781760
709512653304164352
709508380793016324
709508066547408896
709507757272006656
709507265359962112
709506336728322048
709502222434902018
709486884435529728
709471283101065216
709453234520260608
709449345574129664
709448727254007808
709428372548419585
709424808056922112
709422285547900929
709413680115425280
709413239755411456
709411354235408384
709411341899927553
709411304327368704
709396930774761474
709394548154245121
709241276722323457
709168810717089792
709136787331878913
709127179666219008
709077604758740992
709049083969679360
709049031012388864
708830700263190528
708820682889539584
708817369246773249
708774992238870528
708769655146459137
708744503306260480
708731905097601024
708717295317569537
708717246554578944
708715174425825280
708503707520860160
708500087068975104
708483887437991936
708470271766712320
708442584297803776
708432133161750528
708424914148024320
708415214975213568
708412601047375872
708363883384168448
708362525486624768
708362308842430464
708352058810695680
708350158837129216
708332947087077377
708091994539601920
708089110552911872
708084823588405249
708084777446809600
708083791818915840
708049891503681536
708006352535224321
708006320775954432
707977843217530880
707976508766203904
707974637284536320
707710731353894913
707710517918326784
707702568919506945
707644213849010176
707629429292281856
707628345878384640
707626287674695680
707413187415580672
707340118365851648
707315926702563328
707284288987750400
707267172909711360
707053776830472192
707008164424601600
706994145064169475
706963391789686786
706914447906897920
706896766814146560
706895208160501761
706630548316299264
706575025453690880
706573744429334528
706573552628031488
706570633996447745
706530636991848448
706530226054926336
706529865109884929
706525841199538176
706249913697370112
706204420044951553
706191725711138816
706174778923573249
705957249722658816
705921078917406720
705891375418470400
705888152406233088
705887768363204608
705874891963293696
705816094305443840
705815186498686977
705813729842073600
705813112025296896
705812450696802305
705809629406580737
705809576554209281
705808785248382976
705808272658268160
705806750847381505
705806582618062848
705806076067782656
705805039034507264
705804595532996609
705803981994393601
705801881478533120
705801658207309825
705801440917192705
705565512340615168
705562038391611392
705506503763980288
705465863051149312
705461421694255105
705459304401227776
705454193780240384
705441215571865600
705215816057253888
705199388075782145
705150939007578112
705147592938647553
705130565507264513
705130222455107584
705090773939679232
704910021335896064
704878956365815808
704878803995140096
704865484743659521
704862491847753728
704859468203339777
704855922473095168
704853865439449091
704812634789404672
704809596624379904
704808860536541184
704804408643555329
704802893384134660
704802556409548801
704801841159106560
704801617258815488
704801457065734144
704801235795202049
704801128483987456
704800855959035905
704800497492824064
704800404047933441
704800138267463680
704800017203097600
704799903390642176
704799500460666880
704798921629896704
704798215988580352
704797970424725505
704797055076569088
704786501406580737
704778072977838080
704777393852928000
704777262281785344
704777200839446529
704776960849776644
704776520988905473
704776207368212480
704776013184520192
704775864890724352
704775642575810560
704775324001697792
704775072125325312
704774745229688832
704774087701180416
704773809685958656
704773567360020480
704771010180984832
704769270278795264
704765004579405824
704760658919710720
704755331956498432
704755191850016768
704754962132295681
704753948125589504
704743090045657088
704737363801419776
704736817614966784
704736300910272513
704735016622772224
704734722069389312
704734678880690176
704727786691268608
704725537122418688
704725008476565505
704723993719230464
704723262152925184
704722666859720704
704722016926961664
704721514659127297
704720293701382144
704720274738917376
704716941458452480
704714722721959936
704711969438208000
704709164388347905
704709053268647937
704695847435370498
704691060916690944
704683022751105024
704501434411143168
704465541352697856
704436764690124800
704364834758881281
704126188147507200
704123556808912896
704122732120711168
704122424548130817
704065217567678467
703772618319650816
703702812694224896
703671038685515776
703640855328894976
703424334107267072
703369075464884224
703355230805557248
703332202616979457
703278503785959424
703277194785587200
703093627396829184
703089228188504064
703080489511354368
703077137419403264
703076442989395969
703068061381754880
703052474198851585
703052329033969664
703050535490813952
703029953026084864
703007479043530752
702961328927813632
702945066055106561
702924564183953408
702685952070676481
702675929596690432
702622677568073728
702580399453577216
702568043642118144
702540356399681536
702325320653733893
702253076573327360
702221516725825536
702208750971543552
702176211758247936
702175093779075072
702173795818143744
701961474290245632
701958117181956096
701945361850458112
701931106409394176
701916556318502912
701914544411529217
701854467788902400
701854045212782592
701822172386320386
701822071689482240
701821231339692032
701532724012539904
701482584367181825
701473500582653953
701198241644187648
701134741664190464
701095212064464896
700868883717066752
700832269003456512
700830768113647616
700818716783542277
700793904824594433
700758987663216640
700751239458369537
700426774761484288
700409215311937536
700379298889269248
700375372924215296
700113173953646592
700032155255091200
699790465592217600
699754357298851840
699704704964558849
699703936475746304
699703189860274176
699639166116589568
699423787792531456
699423148781875200
699352608822038528
699344967991484421
699311872915349504
699309433034141696
699044752017129472
699044014243184640
699042229612990464
699041229464449024
699027622664122368
699025668122644480
699025668089126912
699025660660969472
699025660635848704
699025653090258944
699025645699895296
699025638556987392
699025638238265344
699025630755627008
699025630734610432
699025623344246784
699025623256211456
699025615924514816
699025615849070592
699025608752300032
699025593652768770
699025586186903553
699025586182684672
699025573062946817
699025565542514688
699025565483831296
699025558248656897
699025550849941504
699025550724063232
699025543090405376
699025543056855040
699025527990947840
699025527936409600
699025520516689920
699025520432787456
699025513298288640
699025513075970049
699025505387819008
699025505308135424
699025497796120576
699025497737469953
699025489889878016
699025489885663232
699025482365284352
699025482302382081
699025474924621824
699025467211317248
699025467211272192
699025459778973697
699025459749613572
699025452166348800
699025444775993344
699025429701611520
699025422177030144
699025414417559553
699025406817542144
699025399238381568
699025391705415680
699025384625430528
699025384327610369
699025376710766592
699025376660447232
699025353923137536
699025346964795392
699025338735554560
699025338555183104
699025330925805568
699025330925797376
699025317835374592
699025317826920448
699025310323355648
699025310273003520
699025303310462976
699025302836543488
699025295391608832
699025295383212032
699025287883829248
699025287804112896
699025280627658752
699025280300511232
699025272956293120
699025272775974912
699025265737895936
699025265226166273
699025257965850624
699025257848401920
699025242950205440
699025235270459393
699025227775258624
699025220259094528
699025212809957376
699025212788994048
699025205235089408
699025197601415168
699025197572075520
699025190152306688
699025182623604737
699025182589980672
699025175161892864
699025167704428544
699025167687639040
699025160251125760
699025160045613056
699025152613285888
699025145130659840
699025145088708608
699025137702539264
699025137589325824
699025130148593664
699025130123440128
699025122527608832
699025115489521665
699025115149799424
699025106220113920
699025106144665600
699025098741710848
699025098636787712
699025091271655424
699025091200311296
699025083960991744
699025083612794880
699025070073651200
699025062569967616
699025055162847232
699025047730593792
699025040327598080
699025040231170049
699025032857522176
699025032828157952
699025025395851264
699025025324613633
699025010543894528
699025003124133888
699024995565981696
699024980760080384
699024980709801984
699024973407498240
699024973092884480
699024965639606272
699024958299574273
699024950808543232
699024943254622210
699024943246237696
699024935813971968
699024935709061120
699024928218095620
699024920781549568
699024905744969729
699024898274959360
699024890695778304
699024883267686400
699024876019933184
699024875856396288
699024868214312960
699024861109182464
699024860836528128
699024853370667008
699024846055874561
699024838577430529
699024838556459009
699024831577137152
699024830822088704
699024817740058625
699024817735872512
699024810240712704
699024802837692416
699024788220616704
699024788048650240
699024772831670272
699024772756209664
699024765684547589
699024757677633536
699024757631504384
699024750102720512
699024750039797760
699024742599163904
699024742523625472
699024720339955713
699024720331583488
699024712689537024
699024705521463296
699024705349513216
699024698718363648
699024697762033664
699024690329718784
699024683031785472
699024682901606400
699024675431559168
699024668036976640
699024660566921216
699024653130399744
699024653109452801
699024645710749696
699024637989007360
699024630548271104
699024623208247296
699024622977613824
699024615348113409
699024608310132737
699024608272384000
699024600731004930
699024600693215233
699024593177042944
699024585878941696
699024585874739201
699024578736058368
699024578702495745
699024557798100992
699024550214774784
699024550151913473
699024542904119296
699024535392092161
699024535207608320
699024527825588225
699024520330371072
699024520313634817
699024512747118592
699024505209884672
699024490118819841
699024482678108160
699024475233214468
699024475203829760
699024467708620800
699024460339236864
699024460284715009
699024452856614912
699024445902422016
699024437689974784
699024430064775170
699024430060609537
699024415254663168
699024415242104832
699024407830753281
699024393230417920
699024385428959232
699024377841516544
699024377841479680
699024370371416064
699024362976837632
699024355393560576
699024355267710976
699024347692793856
699024340566691840
699024332689768448
699024324980682752
699024311856672773
699024311831568384
699024304533450752
699024304495656961
699024297466048512
699024296987889665
699024288381214720
699024288100151296
699024280307130368
699024280231682048
699024270777720834
699024270748360705
699024255783014400
699024255757864961
699024240922603520
699024240842919936
699024233481932801
699024226011852800
699024210891374593
699024203400351744
699024195926122496
699024195909345280
699024188435099649
699024180973432832
699024180948267009
699024173616599041
699024165102223360
699024164741484545
699024157107814400
699024149591687168
699024149516144640
699024134714499072
699024127324127232
699024127231832064
699024119799517185
699024103634636801
699024096428957696
699024096189767680
699024088723902465
699024088694534144
699024081836900352
699024080968658944
699024073330823169
699024065663619072
699024065642631168
699024058340343808
699024058260672512
699024050794803200
699024034755846144
699024034504114176
699024027176710144
699024027092807680
699024019731812353
699024019639513088
699024011917815809
699024004548399104
699024004481323008
699023997065768961
699023997036441600
699023989650272257
699023981978857473
699023974353620992
699023974101970944
699023966535446528
699023966438969344
699023958952153088
699023951494668288
699023951419174913
699023944578396160
699023944100265984
699023936588087297
699023928962867204
699023928929316864
699023921715130370
699023914144378880
699023906632433664
699023906628198400
699023899216875521
699023891478372353
699023884226420736
699023876580208640
699023869248561152
699023869147901952
699023861732409344
699023861694615552
699023841629069313
699023839557058560
699023839485792256
699023832166694912
699023824587599872
699023824537292800
699023811425873920
699023811417473024
699023794443190272
699023779649839104
699023779633074177
699023772532084737
699023772062339072
699023764508401665
699023757034147840
699023749580849152
699023749366976512
699023742081470464
699023719423877124
699023711760875520
699023704387235841
699023696837500928
699023696833347584
699023674389590016
699023666751807488
699023666642694144
699023651270602753
699023643653738496
699023636183650304
699023636137512960
699023628902371328
699023628680036353
699023621570764802
699023614104866816
699023613937123328
699023607091978240
699023606546706432
699023599198285825
699023599026380800
699023591405322241
699023584086233088
699023584069464064
699023576528097280
699023569116745729
699023568726728704
699023561281785856
699023561155973120
699023553526517760
699023546236801024
699023538523537408
699023531070222337
699023531045064704
699023508441960448
699023501819154433
699023500942512128
699023493568925696
699023486124032001
699023486090498048
699023478624620545
699023478544924672
699023471305584640
699023456193490944
699023448765366272
699023433904959488
699023433858875392
699023426397155329
699022944601829376
699022936909357057
699022922141184000
699022914742407168
699022914738237441
699022907230412806
699022907075223557
699022899764555776
699022899672256512
699022892252540928
699022885038354433
699022884845424640
699022869804687360
699022862246490112
699022854675759105
699022854654824448
699022847331553280
699022839832154112
699022839785979904
699022832416624641
699022832345288704
699022825059844096
699022817283575808
699022804042141696
699022804037963776
699022797008297984
699022796655964160
699022789273976832
699022781724254210
699022774858158080
699022774287757312
699022766670884864
699022751995047938
699022744411746305
699022736820011011
699022729479979008
699022729408720897
699022721993211904
699022714544062464
699022707191521280
699022707103379456
699022692767272960
699022692150677504
699022684793909248
699022677407739904
699022677059579904
699022669572771840
699022654355836928
699022646902546432
699022639466033152
699022631928930304
699022616946868224
699022616913268736
699022609430675456
699022602157707264
699022579810471936
699022579810447360
699022572394930177
699022565008764932
699022551880609792
699022544196665344
699022529176842240
699022529097134080
699022521761333249
699022521698357248
699022514257657856
699022506636652544
699022499355295746
699022499338522624
699022491889434624
699022491826585600
699022484377440256
699022476748021760
699022469403815936
699022469328273408
699022462063775744
699022461724045312
699022454493093888
699022454220455937
699022446796500992
699022446662291457
699022432024170497
699022431747313664
699022424180797441
699022417079865344
699022409395888130
699022401619644416
699022394027958272
699022393923088384
699022387245809664
699022379037528064
699022371491950592
699022364026150912
699022363925438465
699022356530876418
699022348960149504
699022341490110465
699022341322334213
699022326453575683
699022298116857856
699022290592227328
699022283990433792
699022275886977024
699022268509212672
699022261051740160
699022260980436993
699022253455835141
699022245910319104
699022230966042625
699022215988121600
699022215900110848
699022208505491456
699022193905127426
699022193611542529
699022186099531776
699022171062992896
699022163362250753
699022148547907584
699022141111414784
699022125793816576
699022118512492544
699022110899859456
699022103400443904
699022096010063872
699022088351264768
699022080746991616
699022072970813444
699022072941400065
699022065387442180
699022057707704320
699022050191474688
699022042943721472
699022042801135616
699022035373010944
699022027802316800
699022020311252992
699022005400502273
699021997859188736
699021990384967680
699021983141351424
699021975302197248
699021966221508608
699021966217388032
699021958676021248
699021958671773696
699021951260446720
699021943815602176
699021936353890304
699021929160650752
699021919887036416
699021912664465409
699021905060171776
699021897711747072
699021897707626496
699021890589892608
699021875184205824
699021867785400320
699021860579573760
699021851410837504
699021836340727808
699021828883222528
699021828765798400
699021821396389888
699021821371265024
699021813834121216
699021813813096448
699021806141739008
699021798747144192
699021798692642816
699021791264579584
699021783945519104
699021783832223744
699021776433446912
699021768871153664
699021768858546177
699021761573056512
699021753855553537
699021746465189888
699021746343510016
699021739196481536
699021731655131136
699021724029857792
699021724004683776
699021716622737408
699021701758058496
699021694292234240
699021694199996416
699021686729940996
699021679364706304
699021672037244928
699021657277476864
699021642266116096
699021634833780737
699021620069830656
699021612184576000
699021597571551232
699021582610530304
699021582551769088
699021575031386112
699021567821373440
699021567427129344
699021546396917761
699021546396856320
699021538989731840
699021532132036608
699021531590987776
699021522694860800
699021522690711552
699021515249963009
699021507578589184
699021500049797121
699021500045656064
699021492621692928
699021484811890688
699021484774141953
699021476251303936
699021461357367296
699021445322530816
699021438083162112
699021422492983296
699021422404902912
699021413412286466
699021413148004352
699021396161093632
699021391354400768
699021384161202176
699021384035336192
699021376691109888
699021369107873792
699021361612652544
699021361532907520
699021353068863489
699021353064607744
699021345586196480
699021345586180097
699021338145501185
699021338120335360
699021330574811136
699021323394125825
699021315601092608
699021305912303616
699021285137854466
699021277919444993
699021277772673024
699021270231285760
699021262689972224
699021255500955649
699021247762436096
699021240292417536
699021225457111040
699021225398407168
699021218221953024
699021203244085249
699021195958579200
699021195799166976
699021188392038400
699021188392026112
699021180905197568
699021173594546176
699021173531631616
699021166187409408
699021158876782592
699021158499233794
699021151113072640
699021150978834432
699021143693365248
699021136172969984
699021136080691201
699021128623259648
699021121174134785
699021121102880769
699021113880260609
699021106972217345
699021098977890304
699021091457511424
699021084557901824
699021084041965568
699021076462833664
699021041113247744
699021033609662465
699021026068295680
699021003825897472
699020989078765568
699020981499596800
699020974922948608
699020966752464896
699020966609887233
699020959223709696
699020944321286144
699020937430065152
699020929523822592
699020929473449985
699020922053746688
699020885525528576
699020885106098176
699020870396747777
699020848385003521
699020826142593024
699020811684835328
699020790054854656
699020782660235264
699020760514301952
699020715471671296
699020693363556352
699020678071078912
699020655874813952
699020633649205248
699020626263080961
699020603756404736
699020588208132096
699020588136837120
699020580540973057
699020580519981056
699020572806639616
699020572722724864
699020534420377601
699020526849667072
699020502103252992
699020487569965056
699020479110078465
699020471853932544
699020464010604544
699020448852365312
699020448789434368
699020441197768704
699020433849339905
699020386462085122
699020386411769856
699020378656485376
699020340232454144
699020309270122496
699020279909978112
699020271970193408
699020263959048192
699020256321208321
699020248381435904
699020225065259008
699020216815132672
699020216781524992
699020199358410752
699020166462439425
699020150784167936
699020126960558080
699020126931161088
699020111580045313
699020103921209344
699020096186880000
699020088515518464
699020088507125760
699020080714108928
699020073206423553
699020049479106561
699020005795504128
699019997759180800
699019990029062144
699019982428999680
699019974480760833
699019974371749888
699019959758778368
699019943879127041
699019905664835586
699019905656422400
699019890053636096
699019882508070912
699019874446680064
699019866628448256
699019851377946624
699019827990560769
699019797476970497
699019788425662464
699019764950171648
699019764941791232
699019757048061953
699019741411737600
699019733752885249
699019726140239872
699019726106677248
699019718389182464
699019718385016832
699019710742949892
699019710688399360
699019703113555968
699019695119204352
699019687187746816
699019679478607872
699019633626492928
699019116561059840
699019108969369600
699019093618270212
699019085879709696
699019070499237888
699019062865571842
699019055861116928
699019031534153728
699019031492239361
699019023711744000
699019015839096832
699019008100597761
699018993177223168
699018985031872512
699018969642979329
699018962336485376
699018954199597056
699018946473635840
699018931575459848
699018923824381952
699018908041252864
699018900411850753
699018892706840576
699018885291384832
699018876202258433
699018868358950912
699018860704346112
699018855813754880
699018845307076610
699018822238367744
699018814575411200
699018799182315520
699018791427010560
699018770157686784
699018761190244352
699018760317865984
699018745671385088
699018745612664833
699018737861537792
699018714948071424
699018714931269633
699018684510007296
699018669171437568
699018661483270144
699018653958705153
699018638737551360
699018631338807296
699018623457701888
699018608261726208
699018600888152064
699018592973512704
699018569862893568
699018562334117888
699018554679492609
699018554671132672
699018547112992768
699018546983018496
699018539437457409
699018539420618752
699018518298099712
699018518226841600
699018510572195840
699018472181739520
699018464355155968
699018456981573632
699018456801226752
699018449175982082
699018442091802625
699018402988359681
699018387750391808
699018379953221632
699018379923845120
699018372197982208
699018372168613888
699018364790968321
699018364593655809
699018356809019394
699018349179641856
699018341575331840
699018333836828672
699018333824286720
699018326832316416
699018318586380288
699018318531809281
699018310852091904
699018303197478912
699018303184867328
699018295391850496
699018287649153024
699018274294501376
699018267159998464
699018258859454464
699018251133583360
699018243567067136
699018235815964673
699018228257849344
699018220213112832
699018212806041600
699018204912291840
699018197379502080
699018181910769664
699018174268776448
699018166882553856
699018157311156224
699018149908197376
699018149845295104
699018142115172352
699018134502535169
699018111442227200
699018096195940353
699018080756695041
699018073026629633
699018042232016898
699018042190082048
699018020954333184
699018013119369216
699018013089988609
699018003933827072
699018003883528192
699017996300226560
699017996296024065
699017988679176192
699017980999442432
699017973332226051
699017965627269120
699017957758754816
699017950305488896
699017950108364800
699017911759843328
699017904180756480
699017896660303872
699017881321754624
699017873520365569
699017858349596672
699017835146641408
699017835138326528
699017827349458944
699017811893424128
699017788862496768
699017752711835650
699017745233391616
699017737540993024
699017737520087040
699017730175795200
699017722508607490
699017722483515392
699017714820452352
699017707488878592
699017699817467905
699017684491440129
699017684432740353
699017677076037632
699017669324857344
699017669261942785
699017661787680768
699017661552799745
699017638953877504
699017630863138816
699017630644981760
699017622898126848
699017622747090944
699017615151222784
699017607911833600
699017607521800192
699017600039137280
699017592489406464
699017592342650880
699017577004052480
699017560130334720
699017550953250817
699017543533486081
699017543210500096
699017535648215040
699017527976833024
699017520276119552
699017512659189760
699017512655032320
699017505205985280
699017504941674496
699017489443753985
699017489397583872
699017481923350528
699017474289733632
699017451405586432
699017443616788480
699017436050247680
699017428827656192
699017428462755840
699017420673933312
699017413019316225
699017405440200704
699017405406670848
699017397756276737
699017397697548289
699017390038757376
699017367393710081
699017359231553536
699017351597928448
699017351560171521
699017328323760128
699017328248246272
699017313094279168
699017297474621441
699017289664868352
699017289585168384
699017268282265600
699017260401209345
699017245159129088
699017220903448576
699017213139759104
699017205510373376
699017197931266049
699017190394048512
699017190285021185
699017182508744704
699017175315550208
699017167270875136
699017159700131841
699017151869390853
699017144588042241
699017136455311360
699017128821678081
699017121422901248
699017121112547328
699017112103231488
699017096580038656
699017088933896192
699017065814855680
699017058143502336
699017052510523392
699017028162625537
699017027235655680
699017014010994688
699017006280888320
699016998865526788
699016991080738816
699016983426117632
699016968091774976
699016960533667841
699016960479072256
699016952765763584
699016952753160193
699016945123758080
699016945111203840
699016937536299009
699016937481773056
699016892002873344
699016891612815360
699016884193140736
699016884012736512
699016868837740545
699016868808384512
699016861111840768
699016861069897728
699016853348167680
699016830384365569
699016822746525696
699016814987087872
699016814915772416
699016807269576704
699016784058253313
699016783965978624
699016767297826816
699016759886491649
699016752055738368
699016752009596928
699016744698929152
699016744413691904
699016735492419584
699016735387570176
699016727833645056
699016720053174273
699016712469938177
699016704639152128
699016704593043456
699016696963530752
699016696909029376
699016689686458368
699016674188488704
699016674062655488
699016666466770946
699016658891907072
699016651409260544
699016651161751552
699016643465248770
699016636167114753
699016628323766276
699016620895645696
699016605376720896
699016605288648704
699016597764120577
699016590264696832
699016590189158400
699016583138529280
699016574938718209
699016567237967872
699016559751143424
699016559730143232
699016551903592448
699016551798697984
699016544248942592
699016544248922113
699016536598523905
699016536585953280
699016528969109504
699016521058652160
699016520920248320
699016513269829632
699016482206814208
699016467342229504
699016460018954240
699016459914051586
699016444999143424
699016438137245696
699016437583650816
699016430260346880
699016415215390720
699016400484970496
699016393040097280
699016385544847360
699016378234187776
699016370713853952
699016370709622785
699016363289890816
699016355954053120
699016348614012928
699016348488216576
699016341747970048
699016341253033984
699016333652963328
699016326120022017
699016318779953152
699016318649937920
699016311674839042
699016311364386816
699016303990865921
699016303974027265
699016296445313024
699016281538711552
699016281383538688
699016260864966656
699016260860776449
699016253441048576
699016246075863040
699016238639370240
699016238568091648
699016231110586368
699016231102189568
699016223753764866
699016223657316353
699016216115937281
699016208872448001
699016208620736513
699016201112985601
699016201100328960
699016193710002176
699016178652487680
699016163917828096
699016156317773825
699016148747063297
699016141616734208
699016133844709377
699016133819535360
699016126341074944
699016126320111616
699016118900379648
699016111547789313
699016111459737602
699016103998017536
699016096456712192
699016096435666944
699016088902733824
699016081424257025
699016072511356929
699016072423321600
699016064844173312
699016050113818624
699016035794432000
699016027372322816
699015998528040960
699015976017219584
699015968559763456
699015961181966336
699015961144209408
699015953544138752
699015946292178944
699015931209486336
699015931050070017
699015916357419008
699015908971315202
699015901459288064
699015901270511616
699015893775286272
699015893699817472
699015886334656512
699015871373545472
699015864503263232
699015863890890752
699015623477571584
699015301229228033
699015301191462912
699015293868224512
699015286897266688
699015278647115777
699015270967324673
699015270954725376
699015263107158016
699015255540703232
699015255519686656
699015248112545792
699015240701206528
699015233243738112
699015225886965760
699015225849176064
699015218379132928
699015211064303616
699015203975921664
699015203741020160
699015196451278848
699015196371603457
699015188947730432
699015188918370304
699015173806252032
699015173772693506
699015158874517504
699015136418205696
699015136355299328
699015121704628224
699015114574270464
699015114159104001
699015106764496896
699015106672201728
699015099080572928
699015099076358145
699015091774042112
699015091581136897
699015077031071744
699015076938850304
699015061902196738
699015054478290945
699015046823698432
699015039827640320
699015039013953536
699015031426449408
699015024073842688
699015016259801088
699015001130930176
699014993518292992
699014986098544640
699014978741755906
699014971275915265
699014963784855552
699014948731486208
699014941454413825
699014933694926848
699014926308765696
699014926245842944
699014918855487488
699014918788386821
699014911897300993
699014903986679808
699014896411762688
699014881534562304
699014874102247424
699014867064238080
699014866720333824
699014859397025792
699014859329908736
699014844582735872
699014837557284864
699014829546180608
699014821916704768
699014814505381888
699014806997639168
699014799548485633
699014792162385920
699014741176426496
699014733551120384
699014726504701952
699014726278213632
699014718850076672
699014711283560448
699014711279357952
699014703322763265
699014695672360960
699014688068120576
699014680589676544
699014680581287936
699014673073483777
699014673048346624
699014666081599488
699014658192072704
699014651149848577
699014651120480257
699014643302297602
699014635685416960
699014628307705856
699014620887973889
699014620883742720
699014605977161728
699014605901733888
699014598549045248
699014591011885057
699014576122105857
699014568714960896
699014561412698112
699014539262570496
699014539145121792
699014531876409344
699014516886020096
699014509235539968
699014509218795520
699014496400965636
699014488738009089
699014481620238336
699014481356070912
699014473844072448
699014473839804416
699014450242650112
699014450108477440
699014442709700608
699014434946035712
699014434925080576
699014427425660928
699014427392106496
699014419896885248
699014413165023232
699014405065830401
699014397524443136
699014382571753472
699014367614885889
699014352326696960
699014345087283200
699014337579462658
699014337566941184
699014330126172160
699014322752659456
699014322576445440
699014315156738049
699014315131580416
699014307716042752
699014298857701376
699014291249242112
699014283816861697
699014276627824640
699014276191621122
699014268172132353
699014260265889792
699014239562780676
699014224840826880
699014209665826816
699014202145378304
699014194759249920
699014180133687296
699014173406023680
699014149938900992
699014142569517056
699014142565310465
699014133560127488
699014118666207232
699014118565490690
699014103759650817
699014103684124672
699014079566843904
699014070477856769
699014047602061312
699014032527749120
699014024868986880
699014009857536001
699014009542959104
699013992035921920
699013984393900032
699013976617668608
699013946347421697
699013930820079617
699013923270320128
699013915720548353
699013908082794497
699013900621053953
699013892903538688
699013885442027521
699013878013759488
699013870178840577
699013870178840576
699013854903152642
699013854894817280
699013839782686721
699013839673651200
699013816986697728
699013816978280448
699013809302671360
699013801723564032
699013786636660737
699013779070136320
699013762263560192
699013754508324865
699013741174632448
699013734237220865
699013733561999360
699013725936693248
699013718277947392
699013664628613120
699013656147681280
699013600220880896
699013583447785472
699013552787427328
699013537763491840
699013537629282304
699013530154995712
699013514397024256
699013477852053505
699013462832209920
699013455257309184
699013440094863360
699013439872610304
699013424630489088
699013417021997056
699013378417659905
699013355541889024
699013355516788736
699013324701192192
699013316849455104
699013309211643906
699013301498302464
699013294124724224
699013254626934784
699013240601206784
699013224960688128
699013186079461376
699013186050064384
699013169046355969
699013129129168897
699013128978169856
699013105989193728
699013090927489025
699013090524864512
699013080907280384
699013080802414592
699013073189761024
699013065640009728
699013057935085568
699013057733787648
699013050213355520
699013042198056960
699013034543443968
699013034505691136
699013027178246144
699013019125157888
699013019045490688
699013011571232768
699012982496301056
699012974841757696
699012974531379200
699012967103266817
699012959511531522
699012943980068867
699012936379936768
699012928666644480
699012921158868992
699012913500069888
699012905887399936
699012898396372993
699012890527838208
699012852149985280
699012827369984000
699012812077576192
699012788044214272
699012764199616512
699012764132454400
699012756385636352
699012748621930496
699012727381970944
699012719932866561
699012704908881920
699012690069442560
699012682637139972
699012675691360256
699012675481677824
699012668498145280
699012660378017792
699012660340260865
699012653100855296
699012653054763009
699012645798567936
699012645479813120
699012638034907136
699012630363549696
699012630334156800
699012615553445888
699012600462336000
699012593080348672
699012578177994752
699012578127716352
699012570766643201
699012555683966976
699012548268421120
699012548260069376
699012540630564864
699012533319958529
699012518354640896
699012510851010561
699012510804873216
699012503431282688
699012488247906304
699012488205996032
699012481063071745
699012480916324352
699012473664372736
699012466311720960
699012458795520000
699012443901599744
699012435315789824
699012435294834688
699012427904487424
699012420501532672
699012412976959488
699012398133325825
699012390034104324
699012374523580417
699012374510981120
699012367036715010
699012366961250304
699012342940508160
699012335650807808
699012335369752576
699012328574947328
699012320605802496
699012312993169408
699012297885286400
699012283423305728
699012283037429762
699012275202437120
699012275177263104
699012267635904512
699012259960352768
699012231900450816
699012217321058304
699012217295867904
699012202133467136
699012202037022720
699012194801876992
699012194655047680
699012186975268864
699012179664592896
699012172458827777
699012172039389184
699012164271493120
699012156990234624
699012156939849728
699012149511737345
699012141806809089
699012141764902912
699012134370299904
699012119107244032
699012111813357568
699012104183873538
699012097049362432
699012096806121473
699012082348347393
699011555908653056
699011548665085952
699011524795305984
699011510035550208
699011494298537985
699011480708984832
699011463935987712
699011459804635137
699011459263569920
699011437012779008
699011436916318209
699011429337137153
699011421770633216
699011407061217280
699011399578570752
699011392142077952
699011377109676032
699011369509609472
699011363117502464
699011332360663040
699011325536530432
699011278958829568
699011278958755840
699011241944088577
699011228404846592
699011221018664960
699011213343129604
699011213313769472
699011206242172928
699011206078595072
699011198461677568
699011191088152576
699011183790010369
699011183672561664
699011168623460352
699011161216299008
699011153909788672
699011137715634176
699011122418978816
699011085928497152
699011078039056385
699011077988704256
699011048620187648
699011040688799745
699011033306804224
699011025689931776
699011010850455552
699011003413983232
699010995981676544
699010980924108800
699010958513934337
699010921264328704
699010906479394816
699010899026128897
699010891480563712
699010855048912897
699010839978749952
699010810291466240
699010772983099392
699010765676613633
699010758349197312
699010736677220352
699010728468938752
699010720919191552
699010691198427136
699010676384108545
699010668771422208
699010661343309825
699010653801967616
699010631819620352
699010631819616257
699010624479580161
699010609552031744
699010602325266433
699010594721038338
699010580976242688
699010572742832128
699010556364075008
699010548646567936
699010548529106946
699010541143007232
699010533584826368
699010516883099648
699010500428828672
699010493097226242
699010493046894592
699010486008832001
699010472146669568
699010464701755392
699010457412055040
699010449862324224
699010428051935232
699010412730187777
699010412700835840
699010398154944512
699010390408110080
699010368266342401
699010360842407936
699010360712384512
699010353330417664
699010345831018496
699010331087994880
699010323722801152
699010317687218176
699010309147594752
699010301878890496
699010301534973952
699010286703874048
699010279389077504
699010271822479360
699010264369221632
699010264352460800
699010257025040384
699010249601130500
699010241564794880
699010220526141440
699010220509364225
699010213236486144
699010205795749888
699010198304763904
699010198304718848
699010190905978880
699010183561764864
699010183519870976
699010168441303040
699010153476009984
699010145875947521
699010138456199168
699010131372027904
699010123595780097
699010108827635712
699010108701847554
699010101571530752
699010093895974913
699010078985158656
699010071431229440
699010064741326848
699010056491171840
699010049109204992
699010041731416064
699010034441650176
699010011851128832
699010004444012545
699009982801399808
699009982562308096
699009968796610561
699009961242669056
699009946436829185
699009939092602880
699009939084148736
699009931232432128
699009931198894080
699009923858845696
699009916325855233
699009909052968960
699009901503205377
699009886709899264
699009879520874497
699009871857889281
699009864480088064
699009849653227521
699009820066603010
699009775099445248
699009760150982656
699009745311571968
699009722788151296
699009715578077185
699009686050197504
699009678659817472
699009663954583553
699009656564293632
699009649161347072
699009641720606720
699009625534795776
699009618433806337
699009618157043712
699009610858962944
699009603271430144
699009595851669504
699009580899049472
699009573466693632
699009551018754048
699009526893121536
699009519439863808
699009504214589440
699009496534745088
699009496501256192
699009489186344960
699009453463511040
699009414951411713
699009399675707392
699009399612841984
699009392356634624
699009385050169344
699009370550640642
699009370412052480
699009362916814848
699009362870665216
699009355589382144
699009348266172416
699009340846387200
699009333493805056
699009325952405504
699009311167516672
699009303856832512
699009296487481344
699009296466509824
699009282381971456
699009281635389440
699009274236645376
699009266858889216
699009252057165825
699009244553617409
699009237154795521
699009229617692672
699009209128480768
699009200735723520
699009200353972224
699009192976191489
699009185476775936
699009178052890626
699009170712858624
699009155982450688
699009148575358977
699009104514121728
699009104317034496
699009096742080512
699009089376899072
699009067612659712
699009052366405632
699009022402269185
699009014873501696
699009007491481600
699008999987875840
699008992765325312
699008984955531264
699008977368027136
699008977321852928
699008964034498560
699008956589420544
699008956388118528
699008949048086528
699008948897128449
699008941640982528
699008941615771648
699008934237966336
699008927137079296
699008926684020737
699008919285272576
699008911991386112
699008905473429505
699008904710066181
699008882325082112
699008882148925440
699008874745954304
699008874724982784
699008867330490369
699008867330445312
699008859789070336
699008852574937088
699008844970618880
699008837441826816
699008829980184576
699008807804887040
699008800175443968
699008793032552448
699008792810262528
699008784862085121
699008777417134080
699008777320689664
699008770433687552
699008769984851968
699008762393153536
699008755074097152
699008738506596353
699008729346256897
699008721700061184
699008714607464448
699008706806087680
699008706780901376
699008692109225984
699008684744048641
699008684454641664
699008669497761793
699008662015074304
699008662010855424
699008654511460353
699008654490488832
699008639571349504
699008632143245313
699008632013258753
699008624715177984
699008624610271234
699008617165369344
699008617106702338
699008609800159232
699008600866316292
699008593421422592
699008593329147905
699008585884258304
699008571069976576
699008563587391488
699008556100558848
699008548689178624
699008548521377792
699008541042970624
699008533627469824
699008526174146560
699008526115471360
699008516980211714
699008516921536512
699008509640192002
699008509489205248
699008500723126272
699008500702130176
699008493219553280
699008486097625088
699008485934010368
699008478652690432
699008471740493824
699008470968725504
699008463301513216
699008456179601408
699008455890239488
699008440945934336
699008440870436864
699008433299677184
699008433215803392
699008425829621760
699008425762533377
699008410621071360
699008403096543232
699008395731308549
699008388370341888
699008388324265984
699008380627619840
699008372931063808
699008365570031617
699008365507129344
699008358179696640
699008350600572928
699008350562836481
699008334796460032
699008326504288256
699008319013330944
699008311581024256
699008304521961473
699007701234225152
699007671207227392
699007663972028416
699007654983675905
699007639917756416
699007632535715840
699007632493809665
699007624973406208
699007608569475073
699007600981987328
699007593222508544
699007585572098048
699007578068512768
699007563187167232
699007556325277697
699007548284751873
699007548251250689
699007540886016000
699007540722475008
699007533126516736
699007525681647616
699007510594744320
699007503229583360
699007480475492352
699007472946671616
699007457373220864
699007457243193344
699007450096087040
699007420132012032
699007405170905088
699007405095399424
699007397323345920
699007388435623936
699007380999147520
699007373424271361
699007365874462721
699007365853483009
699007358681292801
699007350984744961
699007343510458368
699007311864463360
699007311851839489
699007304562159616
699007289638785024
699007282332332032
699007282294620160
699007274883248128
699007274799333376
699007252435316736
699007245028192256
699007237868486656
699007237558153221
699007221175201793
699007213885468672
699007205928873984
699007198408503297
699007198379180033
699007191001370624
699007190997143552
699007183426457600
699007176333864960
699007175994150913
699007168406663168
699007160936587264
699007160840138754
699007153399418880
699007153382649856
699007146092941312
699007145887420416
699007139013009408
699007138484477952
699007131102507008
699007131014402048
699007116565049344
699007108629409792
699007108600061953
699007101130018816
699007101121658880
699007093756469248
699007086550609921
699007086370250754
699007077574836225
699007070146703360
699007061074444288
699007053629489152
699007046134312960
699007031286431744
699007031101902848
699007023627644928
699007016136634368
699007008809201664
699007001217466368
699006986302550017
699006979126104064
699006971169546240
699006971165306880
699006935220129792
699006927951376385
699006927787790336
699006920183537664
699006920183533569
699006913044836352
699006905532854272
699006897890799619
699006883043024896
699006875707179008
699006860444069893
699006860418940928
699006853015994370
699006845621444611
699006845541699584
699006838046478336
699006830668689408
699006823228026880
699006815732834304
699006808854114304
699006801245679616
699006800851398656
699006793410711554
699006793314230273
699006785894510592
699006778160222208
699006778046963712
699006770593673216
699006770522402816
699006763111022592
699006763098513408
699006755607425024
699006755498360833
699006748850528256
699006740793176064
699006725945307136
699006725685272576
699006710447378432
699006710438981633
699006702998261760
699006695729541121
699006687059931136
699006686690803712
699006679715700736
699006679296290816
699006671822041088
699006664393895936
699006649390895104
699006649353129984
699006641929211904
699006634584993792
699006634484330496
699006627173658624
699006626972327936
699006619766534144
699006612166475776
699006605631758336
699006604767731712
699006595850641408
699006595804459009
699006588355420161
699006588355375104
699006581044674561
699006580944039936
699006565941051392
699006558621949953
699006558559076353
699006550782771200
699006543287615488
699006521552740352
699006513524789248
699006506264502272
699006506088288257
699006499218042880
699006498505011200
699006476027711488
699006476019322880
699006468641533952
699006468603785216
699006448055943168
699006440560693248
699006440501981184
699006433048662016
699006433044475904
699006425658318848
699006425587036160
