675005559163236352
674724200075014144
674307002433216514
657944148809416704
657322205701795840
656894391567544320
656543895715647488
656172358617554944
655115425550733312
654842458220552192
654732234147016704
654698504284078080
654350748986163200
654041055872991232
653963420350320640
653686438471430144
652624934779273216
652531853463674880
652189089484156928
651857168208142337
651794800807571456
651548412995698688
651163572471394304
651124798102224897
650052740312227840
650019877688709120
649698482077339649
648895067642568704
648595572929130496
647515961122119680
647138452085960704
646783632271544321
646414479886954496
646092858642923520
645029520823619584
644270908383694848
643892117798912000
641254025879404550
641253965493960704
640917493272317952
640653218700136448
640555109814923264
640290850958737408
640192724465881088
640017152917901314
640017012731740160
640016988509618177
639951110183059456
639951072954462208
639951036401119233
639922643370573824
639922276792532992
639922221457141760
639922203404832768
639922188133400576
639922153731698688
639914675816148997
639861206992482304
639568087994494976
639465531842666496
639454593164943360
639454358988582912
639136412877619200
639128405041115136
639120929436467200
639120815838007296
638862922622615553
638779105962557441
638756479462326272
638756181738057728
638756164126142465
638468368014544896
638467302359339008
638425937059561472
637341199511199744
637001504126201856
636643226313592832
636266895621025792
634468592856100864
633681631136620544
633430165360611329
621366191211151360
621033744795734016
620704365196632064
620490794282004481
619992998915387392
619539785137283074
618951329621217281
618888920592289792
618565679726235648
618165937234055168
617758724438949888
617758222028378113
617466591379243009
617216700581216256
617109135797006336
617021383831326720
616981652414185472
616981525477765120
616734958745325568
616396780050059264
616396717303279620
616396480543232000
616396384137129984
616396264930873344
616276074196918273
616045568784232448
615859165492195328
615646898070761472
615627201115897856
615598999228293120
615598864784097280
615586526659940352
615553549443796992
615553110568648704
615553073318985728
615552992796766208
615552927181094912
615552849641017344
615552780443365376
615552733915906048
615359888164679680
615259220057853952
615231168087093248
615223670055825409
615215162157584386
615215048982708224
615214894565191680
615214752525062145
615214674645270528
615214634853908480
614862328098631682
614854845997056000
614854845980213248
614657997990531072
614562625116987392
614531786778001409
614515235508989952
614500663687516160
614500509823672320
614482477206380544
614452962304233473
614452948983111680
614452939453652993
614245792128364545
614208605768826880
614092809319026688
614092746941337600
614092591835930624
614092503420006400
614092489624948737
614092324235128833
614092261853257729
614092255251410944
614092104239742976
614092067938013184
614092041065115648
614092010606063616
614091945715982337
614091876610650112
614091797707427840
613885987135995904
613873741303562240
613848856179146752
613848296923082756
613839701737279488
613836268221386752
613831897089609729
613790045229727744
613770302510596097
613770055944278016
613769960821645312
613769938210193409
613769856941363201
613769180941295616
613717619418337280
613717566909886464
613717216861683712
613716958920376320
613716849868451840
613716707446620160
613716680099758080
613716638832050176
613716548159586304
613716505662877696
613716442664402949
613715734812700672
613579505991417856
613546193499480064
613525059580375040
613488847628845056
613438803609550848
613396530423160832
613396402979278848
613396309534347264
613396090600030209
613395521093267456
613395192587026432
613355146362228736
613355115114672128
613355083447668736
613354984659247104
613354967294840832
613354890224513024
613348493101563904
613214445850865664
613214409742127104
613139823835021312
613130108241584129
613123134401613824
613123066009223168
613122973667426305
613120508142448641
613094800800264192
613093613296291844
613083026868695040
613005818745778177
613005694992822272
612983414392791040
612983208028831744
612874191251988480
612824061475852288
612816364391129088
612777964313247744
612767288173834240
612762134682972160
612754295406985216
612719091787235329
612704989895503876
612645978739335169
612465973023543296
612451374198951936
612451276496879616
612424397761024000
612392858784432128
612321184034725888
612320996071223296
612319091244666880
612311291626020864
612308532185030656
612256558496354305
612135900919664641
612135768828448768
612077604363878400
612075754101149696
612074817538240513
612060557739360256
612060087377461248
612059988551270400
612059858884411392
612056767313252352
612056698325315584
612056639454097408
612054811979067392
612053051814227968
612032845796634625
612027826603044864
612025110543777792
612024766476734464
612021064353366016
612014083597049856
612008106181025792
612008015764402176
611998966046035968
611997865867501568
611994765148749824
611994234648985600
611988839951798272
611988367035641856
611987562089984000
611978206048989185
611975655949860864
611973194728255488
611964359833743360
611942452895744000
611936636813733888
611936130703953920
611927894139478016
611927012299698178
611916846485381120
611910464075866113
611905201189072896
611904944506032129
611901020688547840
611900967706066944
611900516868726784
611900093248196608
611899978034753536
611899715651698688
611899654842658817
611899614162124800
611899541743403012
611899340706070529
611898992537042944
611763827005263872
611724757608718336
611718524583612416
611717278627856384
611711163282227202
611706674051551233
611706569600831488
611706479557480448
611706407805566976
611676887107002368
611676757947645952
611675725058457600
611667971140923392
611653753347940352
611653292700114944
611650887090462721
611647131628236800
611647010198831105
611631816328359936
611623622499790848
611621951669448704
611617606219378689
611615497465888768
611615426896789505
611615247556698113
611615189847281664
611613322505400321
611613001842450432
611612854295212033
611612240790171648
611612216396152832
611609919242960896
611609909554122752
611609119846367233
611608309095755776
611607555387850752
611607545413681152
611605287988924416
611605277415084032
611604169430994944
611604159469477889
611602572185464832
611602561867493376
611602145129820160
611602133394178048
611601716337754112
611601706145615872
611601573857210368
611601557138771968
611600365549543424
611600300953108480
611600262709391360
611599401878880257
611598725127864320
611598487046598656
611597761994055681
611597653374189568
611596811304697856
611596616399597568
611595968971042816
611595788905394177
611595308317806592
611594946819158016
611594700290592771
611590909713588224
611590809117425664
611590740108382208
611587068615995392
611584885401124865
611584153901924352
611568960811610113
611568931996700672
611568242641997824
611547073708695554
611538526031740928
611388425241956352
611381902801371136
611381677839900672
611360989229940736
611360972041621504
611359660470198273
611359643969794048
611356396496379908
611337957862166529
611337185648771072
611336736392622080
611329611994169345
611326126040858625
611319672135245824
611318809568350208
611314958157115392
611305685356298240
611305275845443584
611304586968727552
611282013543342080
611262153685889025
611258290807312384
611258021302267907
611256801661562881
611256668744093696
611256655276146688
611256570555449344
611255461233319936
611255429226561538
611255094022017026
611253551503929345
611247126870405120
611244283589365761
611223156498403328
611222670567469056
611212541943885825
611211707780718592
611200930864869376
611189404921630720
611046889278935040
611032696509235201
611007730443157504
610999312248541184
610980120619126784
610973543300513792
610970455768330240
610951750896496641
610943701477556224
610943637485019136
610937580289421314
610934062581035008
610933976631521281
610933947606765568
610930755460550656
610928894594686976
610905294760054785
610898463144849408
610894933809958912
610890750776213504
610884069174431744
610882533073526785
610870399761547264
610822873876447232
610815093664710656
610646659396014081
610619691300749312
610608382765068290
610604432007413761
610604180684718081
610598611366363136
610593792551424002
610584843861262338
610582626345320449
610581679342780417
610578986838659072
610578737332154368
610544100157313025
610539894247702528
610517721785217024
610515046188191744
610511211797553152
610509650539249664
610492705278263296
610480193644404736
610466244005773312
610172687424585730
609748600847863808
609526292699049984
609480329301258240
609475513539764224
609472131794137088
609465720414580736
609457393609666561
609419362223587328
609419062360145920
609419037068505088
609414597439651840
609364636073369601
609364272313929728
609364257097039873
609364102364987392
609188560898424833
609168356009095168
609147952427343872
609146396474740736
609145149902454784
609137173036703744
609136840411598848
609135122462474241
609133941895901186
609133753399705600
609133615440625664
609132574296903680
609132400782778368
609131949052035073
609131099751612416
609130881660362752
609130684637159425
609130371523997697
609129040138649601
609128251626291200
609127558450421760
609126889626705922
609122141846401024
609121347843723264
609120994058305537
609089756471914496
609088739621646337
609087002911354881
609086941607436288
609086804776632321
609086716763336704
609075545503072256
609068930343108608
609068854531231744
609066855458836480
609057744390361088
609056368201494529
609038210635714561
609036365783822337
609036067405230080
609032630382813184
609029099869380608
609024593827790849
609013487310876673
609011861393170432
609011169886629889
609011165805588480
609011043482894336
609010946628009984
609010866655232000
609010758500782080
609010510072139776
609004263226925057
609004190464118784
609003705904562177
609003674657009664
609003634018246656
609000939240992768
608997254725251073
608881573375676416
608824701029330944
608794037500272641
608791977996513280
608790086063386625
608768065581539328
608767298858385408
608765882781822978
608765705442459648
608755812627034113
608745289768398849
608732646173208577
608732550064951297
608731823187853313
608731746042032130
608731492932530176
608718876495507456
608705972572405760
608705732553396224
608705538235486208
608705385118228482
608688817504157697
608686094947889152
608686017571377152
608684079463182338
608683888903376896
608668424290619393
608668363162832898
608668220430675969
608668206186770432
608666849308479488
608666832225099776
608666776298246145
608666555514236930
608437135952228352
608432819149377536
608427809695014912
608427611296006145
608419632731533314
608419543422234626
608419463474610176
608419350228414465
608419257022574592
608418884526452737
608418827832033280
608417980884656129
608415982005166080
608415846994722816
608411828771766273
608408906675666944
608402039199121409
608401579335680000
608401086731460608
608400998693007361
608400935145062400
608399363979755521
608399069397020674
608391812206764033
608390374650966016
608389510012014592
608377593482645504
608365192829911042
608365028677427204
608357132375887874
608350677786624000
608332522242588672
608331618030391297
608326140307095552
608325359302549504
608325110014083072
608325060563202048
608324989268467712
608275675406069761
608274288022552576
608273472477929475
608272689573314560
608272185640251392
608272133190483968
608272012851748866
608271967125446657
608271792894038016
608271658982481921
608271540392751104
608271429147226112
608110914403999745
608105327112810496
608104791709859840
608104439468032002
608102060475580416
608100877807673346
608099691587174400
608098366837288960
608097087100612608
608096362958168065
608095949051658240
608095349262065664
608094763108044800
608094220759396352
608093645586104320
608092930256084992
608092811569696768
608088245797142528
608087721588817920
608087002651566080
608086983521521665
608084397020073984
608084391508602880
608083958165872641
608077002273341440
608076814754422784
608076750577270784
608071286368141312
608063953500028932
608063894289031169
608061412406108161
608051049610493953
608050523942584321
608044615938228225
608042367178973185
608041189892362241
608037438137729024
608037241487769601
608036796769943552
608036648627130370
608036511045566466
608036330896031744
608035582690902016
608034687404109826
608034358461657090
608031878256455680
608031742717476864
608031618700320769
608029889955012608
608029521766453248
608028732448776193
608028358761410560
608028212430544897
608027979382431744
608027670807519232
608027529677557764
608027074255814657
608020274374709248
608020111442776064
608019866625449984
608018930112819201
608018026198384640
608016739247497219
608015989511438336
608015743846895616
608015642424246272
608015576720547842
608015275577999360
608014921847214080
608014295578853378
608013801527635969
608013301658882048
608010390300192769
607998643379929088
607990228226211840
607982041498583040
607978421025579009
607977683016769536
607977567606300672
607977537445109760
607977360453861376
607977320293363713
607977138847760385
607968245270745089
607967982040391680
607953097743200257
607946857763893249
607933694041423872
607933068536475648
607933050966523905
607932892275081216
607932705695596545
607932593602846720
607932445648764931
607908219445313536
607908117402157056
607908092592807936
607908046220619776
607907954440871937
607755459299123202
607294078120685568
607290969763872768
607290345517281280
607227161007783936
607194373046935552
607031107142361088
607027687513677824
607025563237126144
607025338342776832
607023797347209218
607022583016525825
607022430201200640
607019875194781696
607019858937671680
606997784835825665
606994824529637376
606990205376004096
606990185130131456
606990163948929024
606990134727213057
606990111222267905
606962149697703936
606960561612455937
606960056907620352
606950673595441152
606948600434839553
606948475968864256
606948362923999232
606948170036310016
606946896762929154
606946423024852992
606946365361528832
606944890350501888
606936183587880962
606935626815041536
606935499157213184
606935214514929665
606935044041670658
606934925703561218
606933339065294849
606919450231750657
606919416685686785
606918969929400321
606918843294990336
606918448527097856
606918343547854848
606900840574685186
606898689836240896
606898583649009666
606898521963438080
606858451814350849
606847593012953088
606847446581395456
606847403019390976
606831125651156992
606830830384783360
606828627662131200
606828559315968000
606827741116309504
606822659570208768
606821047195811840
606820653992443904
606820539739590656
606820419820240896
606819704129376256
606819310120673280
606818399142965248
606818259489406976
606664723392663552
606648855585783808
606629832340824064
606615150091714560
606614906687918081
606614028916563968
606612433252286465
606589243167678464
606582858153488384
606561302740221953
606556522458447872
606556412630548481
606540525643038720
606539665827614720
606539347462987776
606539260561268736
606539105057402881
606531339261775872
606529739159928832
606529530866638849
606512304319045633
606511691489288192
606486778426626049
606464395338596354
606461966832443392
606457818485366786
606277545487532032
606268918156566528
606244193967562752
606229637287563264
606213334031949824
606189616626958336
606186315860746240
606163294865510402
606162280494047232
606162105998426112
606156846026530816
606151358014627840
606151211440435200
606141672850898944
606128397765341184
606125298686377985
606124634950336512
606112039313018880
606110299612151808
606109876339671040
606109565394878464
606109502484545537
606103750441353216
606103361759412225
606103180276068352
606103014135480320
606093593783042048
605996067109232640
605996038231449600
605995855171055616
605965006379745281
605927187070337024
605909953329496064
605907865031680000
605892241500954625
605890244748021761
605861137557504001
605797995708186624
605797951567314945
605796806052618242
605788569806868480
605549445967548416
605532757721260032
605514614353227776
605497254015840256
605474867010371584
605402172046618624
605381434031935489
605074042945695744
605063887625592832
605063828431368192
604752764548313088
604509459231195136
604455750879092736
604424528945684481
604423211225194496
604406348202295297
604391245679460352
604336217581199364
604285551999459328
604124082813194240
604115613305413633
604115494510202880
604088637849014273
604055184625537028
604040792647340032
604004529856757760
603926757587161088
603707687747059712
603659463598419968
603631148678455296
603630286681804800
603630108239384576
603630076341710848
603629882837446656
603629692571275264
603628736559349760
603628703768301568
603605940831662080
603605684589047808
603369728883699712
603363517287247873
603358830911725568
603341771855175680
603248306744098818
603245170205720576
603245048017256448
603213830982893568
602905435696406528
602902225384386560
602881424581009409
602867565002502144
602640837147668481
602580929878433793
602372915972083712
602307136031363072
602270247668842496
602252720347582464
602221639351209984
602194753015263232
602166565581115392
602164651804102657
602161845806346241
602148309940174849
602147950266032128
601985031729385477
601984941589594112
601902264836554753
601900375076184064
601879479900872705
601870071460409344
601863213823688704
601862958944256001
601854601172660224
601832935877058560
601802783520641024
601800281450504192
601797260528078848
601776129347817472
601769573575098369
601767245350629379
601767034666536960
601751512101027840
601751344094027776
601751071447457792
601750979332145156
601750691800023041
601750507674284032
601750323070251008
601633722194993152
601543656030482432
601543581535461376
601543525159804928
601543410613387264
601543146036699136
601543115107868672
601542107724124161
601528789907177472
601511144180862976
601506057425448960
601475981522657280
601470554017697793
601469585708154881
601466910442586112
601462172045037568
601462066398932993
601452376063479811
601451995120078850
601441491609726976
601433650496962560
601427447658192896
601414185394839552
601414114402000896
601414069099311104
601189001379340288
601151737580388353
601115775420739585
601093661070352384
601093411324567552
601090856246870016
601065295789318144
600904987623886848
600857262492688385
600856860044959744
600856650212319233
600816406737854464
600742751244820480
600723783926841344
600454781757431808
600444334916431872
600444206302244864
600444092737261568
600444003692195842
600443913648918528
600443775425589248
600443375490334720
600443268548157440
600443171303206912
600443057411104768
600442900325994496
600442565817716737
600442303841497088
600441684963504128
600441562636619776
600429166949969920
600424400282906625
600420922366029824
600394024533516292
600098371936870401
599635001509081089
599634110768873472
599359793720107008
599293716881354752
599286530667077632
599281981009043458
598999163657945088
598980421133602816
598931449153064960
598914730615558144
598896375821021186
598892520559353856
598657566034501632
598646103920119808
598542088628736000
598541962246004736
598139087862763520
597934362433343488
597837728210878466
597765159344611328
597447159533936640
597099896760590336
596855348830408704
596756367190274050
596732420201713664
596503695677882368
596487082295570433
596466692005371904
596449553425027072
596430477478604800
596423273660940288
596421948076388352
596421636221476865
596411251674193920
596407261922099200
596396408527257600
596354154764730368
596354019150430210
596353943787184128
596334526223220737
596330222988955648
596329854003486720
596328729447636992
596328717439410176
596312624658186240
596312615925587969
596312605418917889
596312509688098817
596312405610602496
596155241000603649
596155073522110465
596132781383655424
596132758751211520
596132720310394880
596132696188973056
596132669550911488
596132628799029249
596120186077478913
596115171971477505
596114985320779777
596114280224673792
596114159852367872
596111493482983424
596111382174502913
596111256416694273
596095779258953728
596094972631351296
596009004783915008
596002405180952576
595998648808415232
595992545164943360
595992323353399296
595991626574626816
595991490523963392
595991435796688896
595953958457217025
595799800467062785
595657372271509504
595651994292985858
595407994134888448
595349610912178176
595287994719870977
595264339570925568
595264267303059456
595264227142541312
595264028621967360
594389448718036992
594389429218738176
594389409501315072
594389321458679808
594389290156593152
594389082115076097
594388858000658432
594388856167763968
594348731496931328
594305889269485568
594294402727682048
594259000977444867
594246974271950848
594230341864464384
594183673538334720
593927915542290432
593909847705321472
593906037377224704
593898643976888320
593875499996307458
593842713285517312
593823140830117888
593557916210237440
593540574331928577
593529919939850243
593188819643432962
592886398044217345
592849264256114688
592222314839810048
592222221642407937
592138062198611968
592046822543134721
592046205494009857
591109940883795968
590651628639883266
590587468799410176
590585008043196417
590584852656820224
590584795459125249
590584717365379072
590275173678387201
590199334215360514
590166152019582976
590135573697994752
589599164738248704
589486747949629440
589484542081290241
589484491577622530
589230956290019328
589212549901635584
589185026400583680
589177655175446533
589172436911976448
589153585339961344
589152965547712512
589152622940160000
589146853779886081
589143384192757760
589134435129237505
589128969657708544
589124884879560704
589122748062031872
589113892284067840
589113191306670080
589112596814438400
589112584936099840
589112356099268609
589111747308433409
589111650965278720
589111351529709568
589103210238873600
589096966937661441
589096947895537664
588871453421998080
588864071111467008
588821626390642688
588802874337034240
588772811046531072
588761414925430785
588761252324868096
588760826347065344
588760512760041472
588760096974499841
588759772486328321
588759167906803713
588758969671426048
588484241899532289
588104512189018112
588077770430935040
588062437829648385
588061802510086144
588061786773028864
587784967310180352
587442038741712896
587430155846553600
587407135824220160
587334642354749440
587325159054401536
587297127497347072
587249909767757824
587246859883831296
587178419600789504
587162462958456833
587160424719650816
587160406403104768
587158186550960129
587149851265142784
587147313757294592
587147285449965568
587147056080224256
587145389574205441
587141191902236672
587137481671311361
587134523093057538
587103991554826241
587087657076916224
587079618760470528
586976766176006147
586974881989799940
586613856883056640
586594397904629760
586291608049623040
585947369080016896
585263401313705984
584444867394277377
584434092525092864
584100719571132416
583785042188619776
583725506996133888
583725425140101120
583724089975648256
583437915780468736
583386771981004800
583296988671795201
583074232050929664
583069930813198337
582983403429052416
582650308897026048
581550973660848128
581270398806945792
581268064823615488
581238697233911808
581235447407501312
581230550876188673
581214912392749058
581214886929121280
581214816812990464
581188411387731969
581176189827608576
581173664504258560
581170993789534209
581169775277174784
581168433896775680
581167717383839744
581167295440904192
581166205676974081
581155535338270721
581152286560391168
581137911875256320
581137184369016832
581134058656260096
581133416252383233
581132212327845888
581129958262722560
581129165581217792
581126625108074496
581126591075364864
581126266218221568
581126055697727488
581125033461870592
581124978231394304
581124174544052224
581123968561725440
581122435178741760
581114629696430080
581096614703570944
580866359103459328
580803681257332737
580604857637310466
580099793747386368
580095927974793216
580095645148688384
580095491037392897
580095330458427392
580095115441639424
580054111208366080
580053970757951488
578998111760084992
578990878536044544
578990320437719040
578990175604207616
578990082327101440
578989921085431808
578989681716555776
578989558848622592
578989439239630848
578989318888288256
578989099110916097
578988932521590784
578988478693675008
578988324213297152
575041389911674880
573278978686894080
572465721503961088
569572697509928960
568535446034083840
562771889605857280
562771605169123328
562771526161006594
562328346407616513
561323072272076800
561317880659058688
561276347641630721
561241023796346880
560562981923061760
560562630297792512
560562336654561280
