897122595845193728
763874950977429505
763874850439954432
763874764343521280
763774536978313216
747519434953134080
747518800409419776
747518531227443200
747518453485961217
747518352541683712
746133162527457280
746132651317280769
746132482647556096
746132375260831745
746029475335278592
745670229758353410
745061104540278786
745060980523077634
745060661223268352
745060432084295680
745060328933724161
744956344747229185
744620825395888128
744577071414808576
744229719915126784
743960157105750016
743959636991049728
743957538815672321
743956677666316288
743930781542690816
743881398679810049
742869076536492032
742869014448214016
742812300055187458
742812146472357890
742748505588916224
742501092584357888
742500444941864965
742500138602496000
742500026627166208
742499822691704832
742499564230299648
742499437746884609
742499380960235520
742415852192956416
741321544404586497
741049783410819072
741049558096957441
741049331180937216
740975199919607808
740952084246192128
740621539209404416
740356234511974400
740356168086781952
740356107407740928
740234389355827200
739947632538308608
739947472810868736
739947295668592640
739947196506877952
739947084758011904
739882196106776577
738892156782268416
738892001639206912
738891927924310016
738772489845641220
738532603653820416
738532312128716800
738532155001688068
738532014333140996
738460619523788800
738410442398146560
737812397465862145
737811359253946368
737811282594652160
737811198511435776
737696982995587072
736337561451266048
736337031471595520
736336829629108225
736234636154568704
735970389856161793
735970178534514688
735969801131069445
735969732583530497
735898280031178753
735622861147119616
735619441673654272
735619348123910145
735546032797274113
734918894708625408
734918729125892097
734918605989543937
734918382865158144
734918221497655297
734820925758017536
734809751599517696
733102671112982528
733102312864940032
732719463817084929
732719386985791488
732719093808136192
732718903881650176
732634653492842496
731262800526331905
729347657756368896
728985292149952512
728660780573302785
727995605356716033
725007004469596162
714089632024043520
709771008396255232
707974047032709120
706235396762370048
706222836633849856
706177560946671617
705890625460113408
705845384963227648
705800087113314306
705527830281519104
705497707326996481
705484628417601536
705180684927635456
705177010708975618
705135544058007552
705114992744370181
704805404807573504
704766475442098176
704753503009267712
704741996661907456
704739224990326784
704733957057679360
704728090052661248
704473605904535555
704398398279974912
704361861748125696
704192028590997504
704191111061897216
704190553873776640
704190521472757760
704190468305719300
704190024753917952
704189776191053824
704189722994675712
704078657015255044
704003025036140544
703686084752908288
703392737521831937
703370970044592129
703363554104094720
703361839715856384
703361668282077185
703335772259115008
703335496966021120
703331228204662784
703323691195564033
703322211604496384
703320892198129664
703320395743498240
703320029194899458
703319618497048576
703308572235444224
703293705877213184
703293308215255040
703290655963885568
703290490486071296
703273655350853632
703273068836225024
703272284883017728
703270675285303296
703266230757519360
703262965974237184
703061809599635461
703059144547250178
703031810540699648
703028323669020675
703021524752605184
703018068914491392
703000685508468737
702998252216459264
702976361757937664
702969159743729664
702968862518566912
702961347231748097
702960178153426944
702956416290545664
702955427399479296
702954939593588736
702954227341983744
702953642966450177
702953470307860480
702949604724060160
702941696040923136
702941153042169856
702940001944768512
702938174574624768
702937896915828736
702931765510303744
702931168363032576
702925854108573696
702925686143451136
702925577951563776
702925456194953217
702924018047815680
702918279736590336
702916003743682561
702911271515992064
702908452775985153
702774624833024000
702715898273005568
702715701023277057
702692431456661504
702679452296155137
702648571284226048
702645686785814529
702644335167156224
702605074653007872
702604975386419200
702604307779072000
702600210023714816
702587909904314370
702587811833126912
702560395198726144
702551539009753088
702551009030070272
702550205191708672
702547912140546048
702349962588217345
702344182183043072
702319172550721537
702302060281094144
702292331362279424
702284898447392768
702284557182087168
702282628330815492
702278521121419264
702277904974020608
702276953848479745
702275156010348544
702275051437985792
702274991832760320
702255771984072706
702245682019639296
702230525499432960
702229040787095552
702228644991664128
702228164722819073
702227959441043457
702227147809648640
702227052456312832
702226726592446465
702225299883167744
702218549943672832
702215305502691329
702180777212051456
702180488409010177
702025106604687360
702024944226414593
702024809849290752
702024532542910464
702022454856712192
702018186321883136
702012841205714946
701997383878479873
701984631466229760
701942962435928064
701857583783514112
701845199417282560
701844432249729025
701839916125151232
701839261180375041
701483902880186368
701103890448519168
700943845513568256
700863335126831107
700862739258847234
700862420751749121
700862012536987648
700862000474120194
700861767707066368
700861022085591040
700860799938506752
700860597894680576
700860260978790400
700859882799370240
700859571166785536
700859406854959105
700859238457827328
700857057075855360
700856862044876800
700855858738036736
700855357250281474
700854951396769796
700853858608635905
700853754447302657
700853635459100673
700853486041194497
700853376364314625
700853184785297409
700852993235640321
700852887597895684
700852752839147520
700774970272526337
700774619708465153
700774191109316608
700766636567998464
700766483471683584
700765081928224768
700764965137854464
700764852755664896
700764755745644544
700764313372364800
700762162243833856
700761148933603328
700760956603740161
700760261376942081
700760129096908801
700760005067182080
700759894236893184
700759320682586112
700742416744120320
700734279718834177
700529981055578112
700474881851289600
700470135769821184
700465659533094913
700464847910105088
700436773990584320
700434692990857216
700421233456738304
700421143589617664
700420445380571136
700420300874223616
700420177414852608
700419969419317248
700419103022952448
700418232386134016
700414802464616448
700414496225923073
700414164326461440
700413884310515712
700412704578646016
700412606360649728
700409979287654400
700387652462227456
700357369906089985
700199018169655297
700120020450316288
700119798055718912
700119055110279169
700118764348518400
700116404041703424
700115998993567745
700115883943813121
700107159258796033
700070991200808960
700069306969624576
700065149382569984
700008212687224832
699755427555246080
699754601264783361
699752552250773504
699745703434686465
699729790488547328
699699631366668288
699652670722707456
699340725247324160
699338861042794496
699306493506560001
699295344174043136
699295128481976320
699295059976425473
699294792165904384
698975082324951042
698613536348463104
698567439173332992
698299335990124544
698299207224938496
698299139579228160
698298080165175296
698297597102940160
698297292189663232
698296701396713472
698295562467090432
698214455704838146
698205583913066496
698204523471335424
697933507864047616
697910998158585856
697883561131520000
697879743450869760
697879468845637634
697874796097306624
697874094155386881
697873996566499328
697869006812753921
697863907570913280
697863760929640448
697863684849184768
697833891088900096
697833585642860544
697833470450470912
697606242559066112
697570362175787008
697537016888623104
697535574060638208
697530632725880832
697529656602263554
697529425202536448
697528979868094464
697528589734928384
697528295311613952
697527330932011009
697524997267402752
697524519846588416
697524343757103104
697524039342886912
697523258350919680
697523082898964480
697522353304023040
697521562245681152
697520893346521088
697520582569537537
697520143270703104
697519795449692160
697519388509876224
697518871767490560
697494543369768960
697494026409238528
697493887720386561
697493627488985088
697491256818008064
697490689156775937
697490307349217280
697480235982258177
697226030080110592
697225554072764420
697225093399732224
697224949103071232
697224134997069824
697223870894346240
697180572515340288
697164488680697857
697123953786028032
697108648644861952
696873185480814592
696844462824132608
696843621111205888
696828938954223616
696800570129018881
696793958152667136
696793139739144193
696784989648621570
696764470270361600
696762992755478528
696539958073425922
696535492595044352
696532723599474688
696531903587848192
696530701944885249
696530389691568128
696530203590275072
696530057687207937
696529953555247104
696529602529726468
696529432987611137
696528497636839425
696525341905387520
696524520841031682
696522578391793665
696522019412652034
696517306826883072
696517007932428289
696516377012625409
696515782209966081
696515475526713344
696515028275449856
696514683059056642
696514397515042818
696514275066531840
696514136998486017
696513433311670273
696512952984186880
696512344214515713
696507728026447872
696506592502480896
696506299006062593
696505944079896576
696505155315871744
696487078087921664
696470467272572928
696464310910857217
696463894508761088
696463650047963136
696462833249169408
696456372842397697
696455909145341952
696455781625888773
696453284777717760
696453099045519361
696449829728231424
696447506285142016
696447371408859136
696446963487629312
696446587854139392
696446465313361920
696445877225783296
696445658564145152
696439936002592768
695767220673077248
695766895840997376
695766702424879104
695710555953213440
695698084043423744
695666155101380608
695665965644673024
695664532048334848
695664266825695232
695664110684364800
695662603226361856
695662385231626240
695661842429968384
695661226253119488
695660833108393984
695659161468600320
695659017935294468
695425191136997376
695417068879917058
695408860253687810
695408513950969857
695408385534009345
695408243665821697
695407980594892801
695407663052500992
695377641700864002
695377311261024256
695373748883451904
695373541403799553
695373320863088641
695365837511720960
695362691561496578
695360711153725440
695360237360910337
695360038680944641
695350836789014529
695347264307396608
695344989576953856
695344264142675968
695344083435294726
695342979746115585
695342776595017728
695342718474518529
695342593505296384
695342522923556864
695341864174497793
695338489475239936
695326235136688128
695312029620391936
695311734286868480
695311600618582017
695311412558581761
695311192668016640
695310938048606208
695310709987500032
695305786797391872
695300482986700800
695298301915058176
695035823473819648
695035498759204864
695035059389095938
695034946310680576
695034775204028416
695034632790634496
695033912989319168
695017731381338113
695000150398210048
694988873722568706
694985147360227329
694958229944557568
694957859541426176
694956766400937984
694956510414155776
694955341168005120
694943437473251328
694684103988252672
694681137956806656
694680872117665792
694680624506884096
694662895095840768
694662578962714624
694613194560507905
694599503211397120
693837003008270336
693261338500444164
693240331781799936
693239562538061824
693239432174895104
693212502390235137
693142547691012097
693118936578064384
693108405657964544
693104821818118144
692854992609288194
692854850686554114
692490899813720065
692490704619229184
692490547999723521
692490193136394242
692489792085475328
692488325433815040
692487793457631233
692487409418833922
692487128048009216
692478527304769537
692478035300319234
692477550728208384
692477345362505730
692477100511617024
692476972480462848
692476661544148993
692453014360076288
692432351436128257
692432156883193856
692431939161059328
692431513565069312
692404176626671616
692403314772840448
692400476348788737
692232776712634368
692232391658704896
692230816873738240
692227768017371137
692227569819721729
692227249207115778
692224536314540032
692224361735045120
692223888747536384
692223666227118080
692222939048058880
692222056415543296
692221593515380736
692221287947702272
692220830898614272
692220230819581952
692220005899964416
692219804766343171
692219598280790016
692219384882929664
692217845992792064
692217409609060354
692217129781829632
692215833075044352
692208005841027072
692173714671194116
692171003141693441
692166177657864192
692163822761709568
692163286113075204
692130591819599872
692130191427145728
692042224477941760
692017250690142209
692014248281526272
692013456204038144
692012690068238337
692011149349421056
691825744348082176
691340820088119296
690712776000450560
690585524499668992
690585441087586305
690585418668990464
690585361823629313
690308627228336128
689642420552634368
689642351749300225
689642313191043073
689642229254660096
689640575234998272
689639865718169600
689639563489255424
689639317111603201
689638956011360256
689638154102411265
688147808717680640
687802795571818497
687439747350827008
687088822002135040
686714446014590977
686321727194804224
685959259113181184
685627254328578048
685506734723563520
685208654954405889
679803557390860289
677668866189824000
677360299427557377
676446661447520256
638858151031259136
638858045867474944
638857991383453696
