689581095541583872
687403215592095744
687086525482270720
686630334583205889
685560157296668672
685265554182033408
682833723524427777
679384265440624640
679018474115436545
677216950083313673
676476768623063040
674752026752843776
674749581456891904
674634687101337600
673941661681115136
672136578748190720
668873111765426176
667038046584377344
664502925901758464
659512189624197120
655120537031540736
649039331265417216
649039006890459136
648547651261104128
648180363781500928
647867165534621696
647533559901585408
647456665445404673
647169991033286657
647140979414167552
646828766442819584
646826716690706432
646714258269454336
646483975142150144
646380127295664128
646121580876075008
646079629724393472
646009647279697920
645719113227042816
645221526925504512
645009685658009600
644942034625626112
644941921668861956
644923287152128000
644912205771632641
644656628952731648
644584381286211584
644292721339838464
644256735767625728
644246482472734720
644007785538039810
643993145974255617
643937402793267200
643888543324991488
643867042110668800
643566208978018305
643533983574179840
643507692162584576
643482940903567360
642440384912584704
642438854251692032
642039181640790016
642036986740502528
641806331641397249
641805205965684740
641800441290846208
641799677961043968
641797541097422848
641796323860090880
641795608244695040
641793960743075841
641791973976702976
641790155410444288
641781524245774336
641745789715267584
641433567659057152
641388599804477440
640948964464857088
640902808149950465
639913870652411904
639562970863792128
639152884429393920
639152782239404036
639152726199287808
639152664522022912
639141419878223872
638879831564808192
638489307104219136
637309946804092928
637296502109511681
637057052766941185
636932665002688514
636583488586579968
636345251108556804
635946490028920832
635945323404259329
635944939034050560
635532542624444418
634771986976108544
633706630224306176
633411154082054144
633410049226903552
633405341028364288
632267909134286848
632264174295322624
631859161760837632
631291216865275905
631261784691748864
629027913766023168
626528073198862336
624326189692289024
613770783572144128
613228351369580545
606475883163971584
606135344371662848
606134405468323841
600760551841529856
600760365866098689
600760278276411392
