923562187880386564
887027216600662017
704355085057454080
704138863787245568
688939147923443712
687645646967455750
687386885795262464
677933535731281920
675365615033561089
675354282003193856
674975962342285312
673615154651783168
665575063169683456
664125452576010244
662382270511243264
661625272685502464
661322570353008641
638743335470034945
633758545465339904
624370187282857984
624247707910176768
623496119822229505
623160764879249408
621711194647330816
620986455494664192
619536627120119809
616637733973438465
615912859902570496
614463620827758592
603954194584829954
603591908057862144
603245898827575296
602866903397302272
601779824441597952
601453430855503872
601102465375870977
600335394178146304
599605491430469634
599306499358199808
598881208966258688
598563539071164416
598548966901415937
598518099017609217
598270506136162304
598188289284243456
598165534878900224
597869826552496128
597862525204602881
597859163281174528
597838891316486144
597798049117827072
597115191160086528
596770451550040064
596743880818741248
596735295535652864
596724009288466434
596723898307244032
596713713413001217
596676101973397504
596675942963138561
596375722630852608
596343842921652224
596064824540459008
595981620340994048
595963444781780993
595791125480415233
595618805658693632
595279617541431296
595262076760760320
595257332805808128
595256890382229505
594720756736663552
594542884466008064
594234238754541569
594217461060378624
594199048715833344
594169693755301889
594163256115224577
593894534460878848
593837642254430208
593816447618514944
593807316190949376
593552762991939584
593529409119727617
593510663277785088
593509594543968258
593484242484654080
593142516708421632
593131827138789376
593082879631994880
592797685553463297
592773327585943552
592770880276668416
592767122981396480
592766781246316547
592761693429719040
592761547254018051
592759813026742272
592753529120522240
592751145879232512
592734030874947584
592733185777246209
592713160089538560
592678352550535168
592395018574405632
592372818718924800
592110600215502848
592110522528563200
592008156697341953
591798395183964163
591798320818970625
591692372637065218
591692230101991424
591663161813639169
591662969274109952
591662044660834304
591661888657842176
591661761503301632
591638146703560704
591452941875314689
591448186302177281
591332861334040577
591332779025010689
591323731483619328
591319374805475328
591317938617118721
591249266825420800
591023220901470208
590996107532046336
590989437032599553
590938354377748480
590935718526115840
590935410513203200
590912473689038848
590896400608710656
590629812114432000
590607660975808512
590606862996877312
590562101803909120
590272395275042816
590235531906256896
590231325392707585
590197641444745216
590195106105466880
590189628465881089
590189465437609984
590186543459016704
590138691072483329
589832128713502721
589528466825072640
589473649343787008
589201578172776448
589153188625969152
589150297970319360
589149386522886144
589147202469154817
589146232804737024
589146094115905537
589145967552819200
589145826976497664
589145684051394560
589144395984809984
589141566922559488
589111207338102785
589077356133879808
589074240701390848
589074189027516416
589074022597599232
589073707215249408
589072130039504897
588749695243128832
588748779878227968
588482774312558593
588482679441620992
588433220485697536
588432545236279297
588432463015321600
588419046682558464
588411053979086850
588409047621177345
588405126509031425
588394216197230592
588374312006066176
588365671475585024
588358908256845825
588358075179991040
588347865170366464
588126026313629696
588114441201446913
588113083291332608
588112565416366081
588028608729473025
588023848466919424
587748962507063298
587726051410845696
587710837953011713
587681340151050240
587673901913808898
587673817578864640
587667933465284608
587661643531837440
587648037822062592
587646898267369472
587645795916193792
587619252510838784
587323253208784897
587322264640684032
586936899387924480
586666738890080257
586629813030518784
586619545491791872
586615531022770176
586610386453028865
586608198007816193
586589731267465216
586578058557153280
586559886596694016
586559738344828929
586559305693982721
586358101764354049
586357779084025857
586356953590431744
586356467088887808
586354487868137473
586353952372953089
586353249244073985
586347400110989312
586347063899774977
586285188130414592
586266288072327170
586239657890844672
586219385800503296
586219082644639744
586218855787290625
586212079624912896
586190287053135872
585925057517658112
585920773858140160
585919751471419392
585865193650925568
585856358643322881
585842914351259648
585841710489595904
585583280478625792
585573066769637376
585563946955976707
585563024288837632
585504384575938560
585501689454657538
585501596307607553
585472472276930561
585125015227650048
585110605436162049
584112094846578689
584037717895319552
583675459516370944
583312951379161088
582665295069876224
582641500783271936
582590636429348864
582588708353925120
581486036552957952
580761288319606785
580400865732788225
580036474042630144
578954019131015169
578586784751218689
578581835988361216
578313900791320576
578286381996204032
578285954529636352
578285420070498305
578285137344987136
578284421033377792
578284213356593152
578283991633145856
578283448311349248
578283119855316992
578282734373576704
578282267568676864
578281970150572032
578281337200738304
578280679848431616
578280462491262976
578280232198778880
578279942535974912
578279782422593537
578279340468793347
578278371727118337
578277879047274496
578261321415815168
578258893555511296
578223797540556800
577988536999247872
577877459288346624
577862005920432129
577545089058238464
577507185153957888
576944567079034880
576944166300573696
576944074269290496
576944056401547264
576944032179433472
576944020695461888
576825133081485312
576472505424044032
576472475447517184
576431323218317312
575311078340562944
574953122168193024
573168647457382400
573168630579519490
572803684070920192
572433753726947328
558661310003818496
558385397643116544
556171107183894528
556165849275699200
556165730493026304
527810853316202496
527527223432327168
