667356750622814208
640555097244569600
640215363934773248
639887842605465601
639483121289662464
638756192127324164
638018444579856385
637655995238383616
637290778125963265
636206522981183488
635126839250305024
634410118998683649
634031962903056384
633322896480309249
632937410196672512
632590131652726785
632219952552873986
631858127260921857
631147878803595264
630815825939726336
630590876012560384
630513812496494592
630454159657930752
630415802882076672
630363005230845953
630166655948042240
630121401253400576
630060963522187264
630000451233054720
629806228042944512
629793218750627840
629792007498547201
629790980737138688
629789643395891204
629759600523264000
629713617303113728
629684091969929216
629637900607467524
629464286381760512
629453637694009344
629449952154882048
629420059954294784
629383891363565568
629344163205525504
629336244778987520
629317264240541696
629282240246120449
629116893698265088
629052427744874496
629035835766104064
629004409335214080
628960051022049280
628948535140966400
628912344354062336
628767067148263424
628759737694339072
628757213604134914
628755674734854144
628753189974769664
628751777219809281
628746993259540480
628746918361849856
628746913852985344
628746896115249153
628746852209291265
628746834509344768
628746628879351809
628746567441231873
628746506418323456
628746449635819521
628746392018685952
628746286842261504
628746269570105344
628746071955472384
628746011066789888
628746006058766336
628745901029195776
628745848541712384
628745791461457921
628745773891452928
628745752164970496
628745699346116608
628745672787755008
628745659533778944
628745453912264708
628745323981115392
628745323356164096
628745240699011072
628745004102451200
628744844559667200
628744807431536640
628744759348060160
628744640837988352
628744584806334464
628744574869966849
628744548563333120
628744417600364544
628744356288032768
628744307973820416
628744290231934976
628744259600912385
628744207524474880
628744123462193152
628744105854545920
628744079703040001
628744035801264128
628743996278333441
628743952242323457
628743751385493505
628743738097971200
628743641561829376
628743584594857984
628743405154078720
628743296328732672
628743239382597633
628743099783606272
628742947161288704
628742929654284288
628742916324765696
628742903137865728
628742824532381696
628742811651706881
628742671176065024
628742631615393792
628742613818937344
628742504544731136
628742474446409729
628742456427745280
628742430355927040
628742359807733760
628742298226946049
628742259240886272
628742241301889028
628742031968350208
628742031326642176
628741979065585664
628741642233577473
628741615989821441
628741576546627585
628741532590342144
628741480111190017
628741454005862400
628741436133892097
628741379020042240
628741243690823680
628741015768174593
628740989436325888
628740906171011072
628740897782390784
628740787879088128
628740774402764800
628740621000269824
628740507338866688
628740315021578240
628740314388271104
628740287616057345
628740195509075968
628740125472636928
628740076999041024
628740055876501504
628739896924975104
628739857162985474
628739843841880064
628739826255310848
628739812837601280
628739764376571905
628739759729303552
628739755576946688
628739751277760512
628739720063782912
628739623875817472
628739597585899520
628739448855855104
628739352596578306
628739260535799808
628739228382289920
628739203723976704
628739128981499904
628739059561541632
628738959368065024
628738888886935553
628738867772809216
628738858096549888
628738836281987072
628738770607575040
628738761677877248
628738735543193600
628738696620085248
628738682439139328
628738625459499008
628738581620600833
628738498288168960
628738458832351232
628738336006410240
628738300879114240
628738256943734785
628738112840032256
628738081907081216
628737941943160832
628737793112473600
628737745267994624
628737737579851776
628737492104032256
628737478665449474
628737404292042752
628737399615426560
628737359727570944
628737272553189376
628737220015362048
628737163140599808
628737036921368576
628736970500354048
628736839508082689
628736704447254528
628736568572817408
628736445620944896
628736437236580352
628736384337997824
628736314599276544
628736257900744705
628736156591505408
628736073649143808
628735929654468608
628735907445673984
628735698380546048
628735663232266241
628735642004881408
628735632290885632
628735536287485952
628735426275061760
628735319840456704
628735284792799233
628735214815084544
628735204924850176
628735201686876160
628735123068882944
628735114093039616
628735083675955200
628735035533758464
628735026595631104
628735017867292672
628734973990703104
628734947650461696
628734943238094848
628734881598607360
628734741567508480
628734495907188736
628734447840460800
628734439128825856
628734312255373312
628734228952252416
628734185302179840
628734154474033152
628734132156116992
628734074924838912
628734052858617856
628734010378711040
628734004557058048
628733956439932928
628733837976076288
628733820242563072
628733755251802116
628733685588602881
628733685089484800
628733667565678592
628733562234142720
628733465970630656
628733313298010116
628733265222864897
628733260697198592
628733181785604096
628733094120456192
628733089619947521
628733050289979392
628732910388953088
628732888385622016
628732853321248770
628732848829153280
628732832932704257
628732765307977728
628732582440468480
628732581530316800
628732504309022720
628732485254316032
628732473560530944
628732226411212800
628732204420444160
628732134241337344
628732090410889216
628732085855850496
628732020311527424
628731911213420544
628731884193746945
628731870843285504
628731735442767872
628731691582926848
628731638948605952
628731630773907456
628731621416439808
628731581893488640
628731560070524928
628731503560658944
628731472497655808
628731384731799552
628731280578867200
628731257975771136
628731240489717760
628730952076759040
628730917016596480
628730873744003072
628730802944151552
628730797122392064
628730593207955456
628730549125787648
628730519006515200
628730505257586688
628730452753301504
628730422067736576
628730268799537153
628730181314699264
628730155016585216
628729932600860673
628729931887874048
628729826807918593
628729726266310657
628729496506535937
628729468689911808
628729433768091648
628729385663664128
628729376591384576
628729354269274115
628729336519004160
628729332010086400
628729310459723776
628729113683988480
628729061276168192
628728912047017985
628728898927235072
628728794061275140
628728654214750208
628728519221055488
628728518461906945
628728283752849409
628728172436066305
628728137514225664
628728123782119424
628727966256631808
628727887449866240
628727860941860864
628727816972996608
628727790548860929
628727654527598592
628727601654185985
628727596931379200
628727583748653056
628727557978914816
628727444548161537
628727421785640960
628727373651820544
628727351996624896
628727190553636864
628727027604951040
628727014980059136
628726810147053568
628726792187084801
628726748230725632
628726660695613440
628726638658744320
628726594715037696
628726493837791232
628726467719925760
628726393128378368
628726384362328064
628726366662324224
628726335993589760
628726239335854080
628726208507711489
628726094288424960
628725988864602112
628725967226146816
628725927053127680
628725909990670337
628725896191434752
628725891821125632
628725838599458816
628725776846721024
628725772098781184
628725610727104512
628725596323852288
628725442929778688
628725425087188992
628725403432038400
628725271680581633
628725233042587648
628725169939353600
628725050674319360
628725041979506688
628724984282660864
628724979731861504
628724913591881728
628724878242263040
628724750764761088
628724728782434304
628724640412667904
628724591943221248
628724492223647744
628724359834697728
628724211033374720
628724145333743616
628724119035469824
628724049246433280
628723899987968000
628723869407260673
628723799236612096
628723611335954432
628723519430373376
628723484588281857
628723322168020992
628723256455856129
628723199677587456
628723133692784640
628723085026332672
628723040998723585
628723027815960576
628722839886016512
628722804662255616
628722760743686144
628722751927222272
628722682457034752
628722681651695616
628722480811618304
628722402067746816
628722323357458432
628722305477181440
628722296568442880
628722226850721792
628722209154953221
628722072974266368
628721888865337344
628721849342373892
628721766106435584
628721727464280064
628721721911042048
628721691229753344
628721651765506049
628721638536691713
628721616495644672
628721581330554880
628721537344888832
628721497767456769
628721379811045377
628721257928757248
628721222721798144
628721166438412288
628721135220166656
628721108930310144
628721048179970048
628721034535923712
628720772144455680
628720767606231041
628720592334688256
628720456757940225
628720447924776960
628720417394393090
628720395378491392
628720255263621120
628720250851229696
628720233381892096
628720189115232256
628719996563120128
628719852132302848
628719659777298432
628719624582922240
628719336459386880
628719296789647360
628719288044535808
628719257602273280
628719226849591296
628719139129929728
628719073589792768
628718951480995840
628718933772668928
628718846690459648
628718802205716480
628718784556044289
628718784409284608
628718762816966656
628718754222833672
628718745649700864
628718745075081216
628718701299118084
628718674786910208
628718665848885248
628718630604140544
628718521405419520
628718508034015232
628718486160707584
628718376341274624
628718228387164160
628718214965432321
628718119154905088
628718031405867008
628718026955710464
628717895715926016
628717887448985600
628717814325489664
628717718636638208
628717707630784517
628717563371847680
628717554119258112
628717470589693952
628717450448646144
628717326557249536
628717325009551360
628717251772837889
628717242738315264
628717221011795968
628717120616992768
628717111708221440
628716875896090624
628716845348974593
628716814558564352
628716761857130496
628716648065732608
628716560614424576
628716477168771072
628716446890078208
628716223782457344
628716206313181184
628716184720936960
628716171190087680
628716109953261569
628716079276122112
628716008904065024
628715978013040640
628715946614484992
628715920374939648
628715876515053568
628715863277867008
628715771208663041
628715640530976768
628715552928706560
628715522075463680
628715487136886784
628715461073502208
628715438763933696
628715351916711936
628715351203688448
628715316093128706
628715311814959105
628715219993276416
628715140859297792
628714992217370624
628714852404441090
628714707377991680
628714692064604160
628714501949403136
628714493107765248
628714449298329600
628714432391065600
628714135514058752
628713998964228096
628713884795310080
628713700766040065
628713674417418240
628713657082351616
628713622273835008
628713560999227392
628713468544167936
628713376823164928
628713359240605696
628713166738841600
628713110040285185
628713057494003712
628712956813914113
628712759736143872
628712602625945600
628712514692366336
628712401219682304
628711998436433920
628711959223926784
628711884431077376
628711682953457664
628711608424882176
628711538258370560
628711411812732928
628711411015774208
628711283760566273
628711266291351556
628711195969622016
628711095130177536
628710919854407680
628710910949888000
628710879995912192
628710739503550464
628710735019819008
628710686546268160
628710677562011648
628710567855828992
628710515208892416
628710423064215552
628710396640100352
628710392039018502
628710326435868672
628710269854744576
628710246878347264
628710233985015810
628710229102845952
628710220131270657
628710063373312000
628709624464576512
628709615551643648
628709567778566144
628709536694538240
628709506365558784
628709474732126208
628709334600388609
628709282582654976
628709168296235008
628708844667957248
628708722416594944
628708538265702400
628708481432850432
628708478769467392
628708442241236992
628708437707239424
628708214943514624
628708206097764353
628708192940232704
628708031375605760
628707865306370049
628707843214934016
628707742878818304
628707602319306754
628707580257263616
628707475215118336
628707322643124224
628707274412830720
628707269966888960
628707161510539264
628706972775231489
628706959483473920
628706955033317376
628706902109585409
628706796979404800
628706744739348480
628706595061395456
628706447761670144
628706399392915456
628706350759985154
628706232497377280
628706070685286400
628705991924658180
628705934655623168
628705912790736896
628705710910541824
628705697614573568
628705641322844160
628705216733425664
628705046205607936
628704892421455872
628704748342906880
628704708949966848
628704661499830273
628704638745776128
628704559813165056
628704507174584322
628704467760758784
628704437012303872
628704327599689728
628704314488328193
628704297136422912
628704209186107392
628704121265106944
628703798081404928
628703784726736896
628703762987614208
628703731979161602
628703552781852672
628703521790033921
628703482095112192
628703438516260865
628703219443593216
628703214716620800
628703209754746880
628703126736875521
628702986814926848
628702921031454720
628702815897059328
628702794652889088
628702793864314880
628702789351256064
628702771751968768
628702732577181698
628702679095611392
628702635483230208
628702617628061696
628702560052875264
628702446177554433
628702415496200193
628702402334453760
628702389466370048
628702342775312384
628702179000332288
628702104811540480
628702078345457664
628702030001930241
628701942462570496
628701916210462720
628701854776430592
628701820093763584
628701675499339776
628701653420474368
628701613998256128
628701548722294784
628701505139290112
628701504455573504
628701412235436032
628701350965063680
628701320229195776
628701018927140864
628700913524277248
628700777897332736
628700751712247809
628700519712722944
628700445318385664
628700305287311360
628700292700225536
628700256771833856
628700221774532608
628700038349230080
628699845784530944
628699814830608384
628699705183072256
628699621930303488
628699573662253057
628699564778745856
628699520860164096
628699485527371777
628699362349035521
628699279670951936
628699226675871744
628699147495866369
628699064608014336
628699012309237760
628699007880052736
628698937864536064
628698885498646528
628698806456991744
628698728199655428
628698645597040640
628698640542924800
628698594556686336
628698527795838977
628698474234576896
628698456526163968
628698443288948736
628698429770723328
628698337298886657
628698297847300096
628698249835077632
628698135720660992
628698091898572800
628698074404098048
628698070276927488
628697990622896128
628697894325895168
628697881084493824
628697876839858176
628697801975709696
628697797617807360
628697727371579392
628697521649418240
628697490867421184
628697424681304064
628697341554327552
628697337095806977
628697293097545728
628697249069969408
628697213963669505
628697182900629506
628697091255107584
628697077933944832
628697042827653120
628697003401220096
628696955149905924
628696889039327232
628696837130575872
628696776480985088
628696775713394688
628696635804024832
628696587410079744
628696421110132736
628696385932537856
628696381373349888
628696281108484096
628696280374448128
628696223541649408
628696180050886660
628696069564600320
628695876957908997
628695627212259328
628695566415872000
628695291110100992
628695203331727360
628695098138603520
628695062990290944
628695006211997696
628694997093629952
628694804340174848
628694526505299968
628694456313626625
628694386193272832
628694373081837568
628694316492328960
628694263560146944
628694254802481152
628693888522285058
628693564365484032
628693520652460032
628693424368037892
628693279467417600
628693187373088769
628693125901357056
628692991067099136
628692938575384576
628692758530760705
628692723566915584
628692627102105600
628692618105352192
628692495375863808
628692451662786561
628692363875979264
628692048741142528
628691860337246208
628691751344041984
628691742322114560
628691676387631104
628691663074910209
628691645446262784
628691614647476224
628691605738815488
628691566404612097
628691553087651840
628691518279168000
628691460993343488
628691412712685568
628691399672659968
628691176627941376
628691146017914880
628691067244691456
628691066594549760
628690926785794048
628690795281788928
628690746883727360
628690716579880960
628690711617994753
628690693964197888
628690628109471744
628690614935097344
628690579874942976
628690557951324160
628690334277435392
628690251314126848
628690163955138560
628690146410434560
628690141733785600
628690097693589504
628690001748856832
628690001136627712
628689874950864896
628689831028133889
628689725696577536
628689690619543553
628689593999605760
628689493206302720
628689484213649408
628689440349683712
628689418723815425
628688997951258628
628688914602065920
628688875427246080
628688783551016960
628688717910151168
628688547193597953
628688538347769856
628688429107187712
628688389546512384
628688350040317952
628688227914792960
628688218683105280
628688201100603393
628688136042758145
628688131047337984
628688013321580544
628687916731011072
628687886057996288
628687868307714049
628687864079908864
628687741245501441
628687706105589760
628687697255596033
628687626933964800
628687617974927360
628687610005721088
628687591399776260
628687547502178304
628687447178674176
628687429537394688
628687398814158848
628687275635798017
628687240730816512
628687109080027137
628686964695265280
628686946944942085
628686842636800002
628686837297459200
628686825641480192
628686740794929152
628686705713770496
628686609693589509
628686592035717122
628686565452050432
628686508606644224
628686407800717312
628686376871948288
628686372409204736
628686258315788288
628686188317032450
628686092049387520
628686000202498049
628685986998829056
628685935492763648
628685934632939520
628685912520548352
628685895386791936
628685881675657216
628685846577741824
628685824704430080
628685815724400640
628685759390703616
628685710510272512
628685692952940544
628685684425908224
628685635700678656
628685597092151296
628685543870586881
628685508458123264
628685477701292033
628685473318244352
628685464577245184
628685437939245056
628685420356763648
628685416263094272
628685288907280384
628685275577712640
628685222997921792
628685183626014720
628685078625804288
628684912434909184
628684720734273536
628684720029601792
628684689344106496
628684632058302464
628684509232304128
628684421688758272
628684343141994497
628684084844216321
628684084189904896
628684045002485761
628684009506107392
628683961120616448
628683895647567872
628683785916190726
628683764252577792
628683675899527168
628683645113335808
628683584019148800
628683531229622272
628683478687547392
628683377999085568
628683199179177984
628683128991690752
628683067347972096
628682901756882944
628682770147991552
628682757158244352
628682752552898560
628682613268414464
628682586903019520
628682503482531840
628682258577166336
628682219003875328
628682184191143937
628681922802094082
628681922256842752
628681793495957504
628681690655821826
628681532920631296
628681432462786560
628681353349853188
628681335662473216
628681291450310656
628681269375676416
628681221522919424
628681181110759424
628681049975816192
628681010750709760
628680870740660224
628680792122654720
628680778705022976
628680770261880832
628680769846644736
628680371572375552
628680345257275397
628680341117534208
628680262914674689
628680174775590912
628680170191216640
628680082865811456
628680078486999040
628679995229995008
628679973260230656
628679929593344001
628679863986077697
628679859363930116
628679819400605696
628679806696042496
628679792708071424
628679770385989632
628679761301143552
628679712609415168
628679664345583617
628679650940575745
628679620003389440
628679531755257856
628679365216243716
628679347444977664
628679307716505600
628679255317049344
628679246160900096
628679237713571841
628679106570268672
628679084319477760
628679000882180096
628678974424518656
628678948088446976
628678790701453312
628678720572686336
628678711626235904
628678680911331328
628678584807223296
628678505484529664
628678444184788992
628678421845938176
628678373275889665
628678360151887872
628678185996021760
628678176621748224
628678141368643584
628678031733723136
628677937793859584
628677883892895744
628677883163086848
628677852678877184
628677843820523520
628677755719192576
628677703659433984
628677659615105024
628677646897954816
628677571807318016
628677514634723328
628677396284084224
628677383126564864
628677370539479040
628677317628268544
628677194978492416
628677067631017984
628677036731568128
628676944880504832
628676874349121536
628676564041859072
628676266648956928
628676227440574464
628676144540168192
628676127008010240
628676126815072256
628676096733528064
628676008493748224
628675930215481344
628675929934446592
628675859402985472
628675697788125184
628675671548497920
628675575113105408
628675526807281664
628675513750392832
628675510143299584
628675509119889409
628675456334610432
628675412449562624
628675407907139584
628675386004484096
628675307357147136
628675263061057536
628675088267608064
628674974534926336
628674947989135360
628674908277485569
628674780946796544
628674693478768640
628674658800242688
628674645214892032
628674535626141697
628674491946643456
628674478747160576
628674386531213312
628674325709615104
628674202975862784
628674119874129920
628674102153207808
628673970775003136
628673892081516545
628673874637393920
628673861224001538
628673654889418752
628673650418257920
628673593522585600
628673536555495425
628673532147269632
628673496982269953
628673335459602432
628673304845377536
628673265892900864
628673234435571712
628673200558338052
628673199757131776
628673190550593536
628673168450785280
628673155310039040
628673137584934912
628673067741384704
628672959251517440
628672910413049857
628672905581170688
628672738924756992
628672677536907264
628672612168654849
628672607592648704
628672579784474624
628672511543148545
628672484800212992
628672428210696192
628672336502206464
628672297604218881
628672297025454080
628672270446129152
628672244248502272
628671990010740736
628671819080306688
628671513294536704
628671426103357440
628671347263049732
628671277755035648
628671273653047300
628671272898007044
628671136880930816
628671075329536000
628671057772195840
628671031687778304
628670939425669120
628670830319288320
628670825655185408
628670803635101697
628670738191364096
628670729458823168
628670711364595712
628670624328650752
628670606637031424
628670409232158720
628670387182657536
628670322334511104
628670317175554048
628670290877263872
628670242978271232
628670212062052352
628670172274950144
628670128570281984
628670128184389632
628670110949994496
628670084202954752
628670048844906496
628670022559232000
628670005035425792
628670001491214337
628670000396566528
628669960814899200
628669956398301184
628669921010913280
628669658581696512
628669571084349440
628669474455949312
628669439265800192
628669412761952256
628669338518577152
628669264254210048
628669169291005952
628669133249359872
628669054861971456
628669032317775872
628669014571495424
628668988088713216
628668963023486976
628668873907175424
628668808178237440
628668742507999232
628668711801491456
628668611612119041
628668528191639552
628668488740007936
628668484713451520
628668449691078656
628668449049346048
628668370171199488
628668217012023296
628668159852023809
628668142185680896
628668003790405632
628667879651540993
628667875184635904
628667857505665024
628667800626671616
628667735887646720
628667525216124929
628667450888859649
628667310727794688
628667254029201409
628667205626933248
628667135313625088
628667130733432832
628667061523234816
628667060801769472
628667047589720064
628666929201332224
628666925065699328
628666872255262720
628666846258970624
628666832669376512
628666771214446596
628666736120717312
628666683280887808
628666639664353280
628666595590561792
628666583544532992
628666530088116225
628666503286554624
628666494449127424
628666261975621632
628666191746174976
628666143570423808
628666134695297024
628666112553566208
628666077375926272
628665964058423296
628665911386312704
628665880407191552
628665810567860224
628665797376765952
628665792897232897
628665753680506880
628665652438405120
628665582561267712
628665569294680064
628665477846306816
628665472716685313
628665468639776768
628665464781025280
628665454798569472
628665398045511680
628665345683816449
628665284593713152
628665240951980033
628665166159163392
628665161595760640
628665113604567040
628665073754443776
628664930342834176
628664911455895553
628664885245652993
628664876353720320
628664867495370752
628664831470518272
628664809756602372
628664783126958080
628664766500745216
628664647277748224
628664590490951680
628664554960977921
628664532907327488
628664498342133760
628664493124403200
628664444571115520
628664422496497664
628664369807622144
628664273586094080
628664185988067329
628663933058969600
628663823931604992
628663709745876993
628663700816134144
628663691970371584
628663652460068864
628663626128166912
628663314453696513
628663235651108865
628662964527083520
628662960060141568
628662912169586688
628662728798834688
628662644849807360
628662321238310912
628662251155685376
628662159329771520
628662128677748736
628662085052817408
628662075917611008
628661997215723520
628661983890423808
628661852830986240
628661777887145984
628661751618211840
628661685729935360
628661602623950849
628661589504176129
628661528200253444
628661488987697152
628661371270369280
628661366706954240
628661318644412416
628661288827129856
628661288483225600
628661030025977856
628660960459239424
628660776501260288
628660737741709312
628660540957593600
628660479632642048
628660418064445440
628660238883815424
628660199507668993
628659958423252992
628659949585854464
628659774301716481
628659677862080513
628659572673130496
628659424928739329
628659305273671680
628659287674327040
628659230531125248
628659226320109568
628659190911733760
628659077170618368
628658918730809344
628658909738172416
628658761087873024
628658734785376256
628658699679043585
628658695581253632
628658682054602752
628658625024671744
628658620482256896
628658568003084288
628658476181360640
628658319524114432
628658310267318272
628658288385617920
628658086819971072
628657990799757313
628657977549914112
628657824441106432
628657767868293120
628657723911987200
628657663467859968
628657662914228224
628657566961176577
628657505200050177
628657478461296640
628657408181559296
628657241688666112
628657233216180224
628657159094452224
628657138999537664
628657013581459456
628656895235002368
628656851161251840
628656776687153153
628656710937219072
628656654058295296
628656645040508928
628656614430539776
628656592058056704
628656464932945922
628656434134171648
628656278345089025
628656254362062848
628656233524793344
628656184300429313
628656166621478912
628656021884420096
628655912383713280
628655796021112833
628655724390805506
628655606216310784
628655562343845892
628655557818224644
628655466235629570
628655264636407809
628655233950834688
628655071794827264
628654905633304576
628654800310112256
628654743540215808
628654712460439552
628654699021864960
628654607527313408
628654594105577472
628654594101395456
628654524253667328
628654402144829440
628654401494712320
628654374651232256
628654301016031232
628654247718989824
628654173660147712
628654138549624833
628654072707481601
628654042038734851
628654011579666432
628653984870326273
628653945364197376
628653883963772928
628653844541538304
628653769979375617
628653747799851008
628653712504827904
628653634146840576
628653612189642752
628653550873149440
628653524067311616
628653427803840512
628653388389945344
628653322870755328
628653300640972801
628653248438644736
628652985707425792
628652938240471040
628652937498095616
628652853981110272
628652731973046272
628652649265524736
628652588007751680
628652544303087616
628652526640873473
628652263813156864
628652228367155200
628652219429031936
628652123127857152
628652105402744832
628652061660327936
628651943708131328
628651909218328577
628651895423238144
628651864725131264
628651751122403328
628651729291100160
628651628741046273
628651602153377792
628651584604340224
628651566942138368
628651553793052676
628651549124788225
628651470267682816
628651308388450305
628651290734690304
628651277572935680
628651207381291009
628651176704094208
628651172224614400
628650993702440960
628650975759196160
628650940699021312
628650696619900928
628650683370057728
628650595621036032
628650564889395200
628650495129694208
628650411646267392
628650284927979521
628650271216807936
628650253588148228
628650214249775104
628650209694736384
628650197497741312
628650174458429440
628650161711878145
628650117462003713
628650095219609600
628650038223175680
628649902952681472
628649863257829376
628649758253453312
628649736015249408
628649722920611840
628649599108952064
628649515881377792
628649506909761536
628649493571899392
628649437145927680
628649436336394240
628649383404244992
628649378916380673
628649259949142016
628649171688407040
628649014632673284
628648792141660160
628648757354041344
628648708742078464
628648656330031104
628648573236740096
628648538344304640
628648512033456128
628648463769571328
628648323751112704
628648306168631296
628648266763120640
628648183761997825
628648126803357696
628648100303732736
628648051750481920
628648012110139392
628647977058373632
628647928907743232
628647859009667072
628647661999030272
628647648489111552
628647639618224128
628647626368376832
628647569673949184
628647508055461888
628647503533989888
628647255013101569
628647127929884673
628646987643027456
628646948057190400
628646695019003904
628646668678770688
628646497702146049
628646371126456320
628646291879235584
628646226125193216
628646182445658112
628646173566308352
628646169774702593
628646168998731776
628646156331945984
628646086228336640
628646072194240512
628645832238067712
628645814575824896
628645801112109058
628645779469565952
628645774507683840
628645555032342528
628645524267122688
628645519783428096
628645510891483136
628645454041845760
628645354498576384
628645240463753216
628645201339269120
628645144523182080
628644952776441856
628644852071165952
628644791169892352
628644764418596864
628644733548564480
628644707225079808
628644654498512896
628644445278199808
628644439972405248
628644426840084480
628644356564451328
628644330681405440
628644308111921152
628644295134699520
628644220559949824
628644172426117120
628644006524620800
628643875742072832
628643791809875968
628643717453185024
628643686830575616
628643682200084480
628643673295581184
628643585928249344
628643424808210432
628643410442764289
628643357707730944
628643331245871104
628643217072762880
628643151415132160
628643024281563136
628643011304423424
628642945483173888
628642901795303425
628642883793321984
628642879372574720
628642835990884353
628642782475759616
628642751660187648
628642663781142528
628642615433367553
628642448537841664
628642409816010752
628642409077829632
628642360906219520
628642263732609024
628642246728888320
628642096950349824
628642088050012160
628642066080251904
628642056974417920
628642034966867968
628641973738450944
628641851096956928
628641846852390912
628641794062876672
628641750358228993
628641698072039424
628641650072424448
628641593432485888
628641540995297280
628641493255745536
628641419272388608
628641418370617344
628641396484763648
628641308899348480
628641050681192448
628640911505797120
628640889422778369
628640866882555904
628640792815374336
628640753695064064
628640626519609344
628640411771252736
628640385435172864
628640363557711872
628640302350274560
628640288882364416
628640075102851072
628639969926483968
628639939224170497
628639917170515968
628639868910878720
628639746298769408
628639711179837440
628639684873228288
628639566681866240
628639427200352256
628639292009492480
628639281972555776
628639194986868736
628639146416803840
628639137306820612
628639053961785344
628639049905893376
628638974664245249
628638721403850753
628638720640442368
628638509901836288
628638505913036800
628638313511940096
628638274479718400
628638164794499072
628638116547444736
628637998037516288
628637889362984960
628637745049546752
628637744500240384
628637708957560832
628637687004557312
628637621472886785
628637586454515712
628637551218155520
628637546809962500
628637374948376577
628637086468276224
628637055887654912
628637042545528832
628636941689335809
628636819207249920
628636806133583872
628636744636719105
628636709555572736
628636634792067072
628636534606934016
628636498733109248
628636485554581505
628636433058676736
628636415530668032
628636411101446144
628636375936401408
628636328544997376
628636275537391616
628636157174099968
628636148236095488
628636143769096192
628636082427465728
628636047610482688
628636008540549120
628636008049868800
628635928978849793
628635727513780224
628635718529626112
628635601428852736
628635596399865856
628635490963435520
628635442695438337
628635429558857728
628635398881677312
628635166999621632
628635026633043968
628635022115803136
628634960815984640
628634777260699648
628634654464016384
628634583982960640
628634548926976000
628634514076467200
628634510159011840
628634474213847040
628634338347712512
628634316172455936
628634276641161216
628634272308424704
628634259201220608
628634232068243456
628634162090500096
628634153265664000
628634043446263808
628634020809576448
628633989922750464
628633963389521920
628633753544359936
628633591669329920
628633569687007232
628633551957704704
628633538682720256
628633350794645506
628633276236718080
628633258872340480
628633210209996800
628633083567194112
628632979275841536
628632947633975296
628632929523007488
628632925152522240
628632916482863106
628632688690249728
628632645379883008
628632426613358593
628632413724250113
628632386868129792
628632369197551616
628632299362385920
628632277103173633
628632198476726272
628631993094242304
628631869987274752
628631830590128128
628631769164582912
628631716517711872
628631633944449025
628631633256517632
628631620052910080
628631545373265920
628631523877466112
628631514419298306
628631448593920000
628631430927507456
628631382315528192
628631364619796480
628631294671323136
628631215818432512
628631106279976960
628631063514853376
628631036277100545
628630887177981952
628630847470501888
628630803618988032
628630794714492928
628630785872957440
628630706772533248
628630698216153089
628630645397303296
628630588690305024
628630484197576704
628630447900090368
628630426051960832
628630417281650688
628630400340901889
628630346884472832
628630329226440704
628630145637576704
628630058060525570
628630054168170496
628629878707847168
628629865818816512
628629843484119040
628629838958456832
628629791311183872
628629764673122304
628629742074245120
628629698226958336
628629685417607168
628629680585715712
628629584309649408
628629518622679041
628629474750283776
628629435793575936
628629378700738560
628629089520218112
628629045941420032
628628879817572352
628628656051466240
628628629581225984
628628590171525120
628628458290032641
628628422995017730
628628392183595009
628628383363022848
628628265448570881
628628260700712960
628628151019548673
628627997793226752
628627984581181440
628627979610918912
628627971696295936
628627932366278656
628627821997375488
628627773641220096
628627690161975296
628627663905656832
628627659342266368
628627505746808832
628627470313353216
628627374045659136
628627286686732288
628627278356979712
628627124862095361
628626967613407232
628626931806699520
628626844556767233
628626836084252672
628626748259741697
628626372110348288
628626323607425025
628626288509501440
628626284013170688
628626205932007424
628626179533045760
628626170456637440
628626139372613632
628626060683296768
628626038772203520
628626012268421120
628625990227341312
628625964885344257
628625964335955968
628625941640548353
628625923844128768
628625897512243200
628625674526330880
628625669627383808
628625625826226176
628625542896431104
628625525204848640
628625328684969984
628625258342301696
628625034844639233
628624934315520000
628624890820624384
628624716366938112
628624641297219585
628624633403576320
628624553661468672
628624501039738880
628624492093267968
628624378436063232
628624347620487168
628624321448022016
628624299616661504
628624111552458753
628624067789127680
628623984750395392
628623966966419456
628623922926235649
628623804885962752
628623800385454081
628623730181173248
628623603387404288
628623568419487744
628623385107410944
628623246091378688
628623183747268609
628623170430332928
628623056781471744
628622951177306112
628622946869719041
628622915622146048
628622733623095296
628622718733135873
628622683316449280
628622679096963072
628622403426320384
628622398904864768
628622232856563713
628622175818268672
628622153848500224
628622053478830080
628621873593495552
628621733445021696
628621728969723904
628621676763197440
628621610711302146
628621544894259200
628621522991603712
628621509808885760
628621505333559296
628621453571690496
628621444616880128
628621400203358208
628621321857974272
628621216308310016
628621207357644800
628621173023096832
628621097160671232
628620957519732736
628620734516981760
628620550722617344
628620537434996736
628620401933836288
628620143015301120
628620138548297728
628620138468675584
628620103421005824
628620085704273920
628620041840295936
628620041827651584
628620037918601216
628620037226565633
628619874638520322
628619861397114880
628619856863064064
628619738625617924
628619659177103360
628619615338299392
628619562490007553
628619461625393156
628619421532041216
628619399235260416
628619324551344132
628619158301704193
628619055763578880
628618945843453952
628618932618788866
628618928554536960
628618717748826112
628618655916371968
628618629320306688
628618602938150913
628618511070334976
628618498248314881
628618458356301825
628618419357642752
628618405805887489
628618401276035072
628618388407857152
628618261219799040
628618230362341377
628618195088179201
628618128902098944
628617845350400001
628617805995192320
628617796801310720
628617779017416704
628617674814177280
628617299545559040
628617255601881088
628617220327772160
628617172168736768
628617135988707329
628617070729523200
628617022415355904
628616978576478208
628616908640620545
628616820992270337
628616445421731840
628616414656528384
628616375615881216
628616358096302080
628616353260265472
628616344351567872
628616261044342785
628616186297626624
628616155725299712
628616081217728512
628616068051828737
628616063970729984
628616032874180608
628615949717913600
628615910685720576
628615748257067008
628615717508681728
628615704191709184
628615625485651968
628615616849514496
628615607966023680
628615585887203329
628615507332050944
628615489913122816
628615480719224833
628615467339378688
628615419134279680
628615353547894784
628615314121461762
628615309587427328
628615187113705472
628615182944604160
628615156117823488
628615090388885504
628614897996185602
628614893504102401
628614893466292224
628614836893564928
628614810083536896
628614809957740544
628614801200013312
628614778986958848
628614730769305601
628614695537119232
628614673630244865
628614660292382720
628614581745664001
628614547570454529
628614546958106624
628614529253900288
628614515815350272
628614459032911872
628614423859433473
628614393085857792
628614244238397440
628614139057836032
628614082359234560
628614055830237188
628613990327844864
628613977132568576
628613873013100545
628613824388542464
628613793774354432
628613740900913152
628613714460028928
628613710408364033
628613696864980992
628613687855583233
628613657132281856
628613648202665984
628613595794780160
628613582389800961
628613547375747072
628613477624496128
628613411614535681
628613407093055488
628613354509070336
628613319868289029
628613319545393152
628613258522423296
628613237119033344
628613236317753345
628613223051194368
628613100594331648
628612943496658944
628612887620136960
628612322584477696
628612113527803904
628612025220861953
628611951061393414
628611596537958400
628611338550415360
628610078698967040
628609453923766274
628609042865238016
628608003080523776
628605847099170817
628605035358728193
628604843196723200
628603614118834176
628602511272771588
628602433871032321
628598134340370432
628596979543621632
628596665893543936
628596272543350784
628596119837130752
628594813269467136
628594573497872384
628593428083773441
628593182444359680
628591613627928577
628590678478426112
628589212787314689
628588101103783936
628585581312774144
628583041686843392
628581559587635200
628580876633288704
628579133698641920
628578293470527488
628578237321318400
628576452389175299
628576295459270656
628575223231574016
628573664624013312
628572159065993218
628572026848948224
628571879201239040
628570805782196224
628569976908070914
628569946822303744
628569311313965056
628569214895271937
628569132900847616
628568338986172416
628567873988902912
628567459247689728
628567358638919682
628567082246893568
628567029843275776
628566968539283456
628566854596886528
628566670647255040
628566308095799296
628566070958256128
628565146118393857
628564822859186176
628564319123341312
628564297719746560
628564279147393024
628563994412847105
628563954831196160
628563784014000128
628563670319022080
628563608939540481
628563464756170752
628562178426015748
628560985595379713
628556246946156544
628550938865741827
628549272275824640
628536943005962241
628524298131496962
628492670017495040
628492490576826369
628489869052915712
628489592522420224
628487735024586752
628486917294657540
628483325389189121
628475755748458497
628475435362353152
628471766763962368
628464797856632832
628463442370756608
628462142564372480
628442128717189120
628440060728180736
628438374152429568
628438089061437440
628436155827007488
628432756582690816
628432384950579201
628431732795027457
628431491895136256
628428882689941504
628427488838836224
628423500470992897
628422114983444480
628421296854953984
628420526558461952
628419717972099072
628418982438006784
628418780834574336
628418425560305665
628418009527259141
628413305279778816
628413017600884737
628411932526030848
628411604871155716
628411596440637440
628411329531899904
628408715385815040
628408204771266561
628405759634599936
628405752130973696
628404500504555520
628404085968863235
628403255836479488
628402730982207488
628402275732488194
628402131758747649
628401392378638336
628400333258002432
628399992508538881
628399218508431360
628398523298385920
628397665038905344
628396942901415936
628395743787651072
628393585759498240
628393543770501120
628393292112072704
628393230816546816
628393025069121536
628392968399929344
628392709930119168
628392478085746688
628392456111833088
628392154960769025
628391664491466752
628391589832855552
628391576612376576
628391472551759872
628391003590799362
628390840411385856
628390827266457600
628390739303464960
628390677622099968
628390564208119808
628390253099782144
628390248544780288
628390012581576704
628389845564391424
628389806398050304
628389740417433600
628389661094744064
628389372081999872
628389288871223297
628389205916323841
628389174945558528
628388868786515968
628388802554269697
628388675663966208
628388588623794176
628388308918218752
628388251984773120
628388208158511104
628388199203602432
628388181507878912
628388141829718017
628388133084663808
628388079955410945
628387914615910400
628387308346064896
628387100178558980
628387082491162624
628387042888540164
628386963880476672
628386937615691776
628386775975604224
628385664292118528
628385607765471232
628384784255881216
628384772075622400
628384678748094465
628384376993124353
628383261081755648
628383238730313728
628382913466253312
628382528844361729
628381568894013440
628381555572936706
628381489831415808
628381350362398720
628381232175276032
628380872924729344
628380837151576064
628380758017601536
628380434112491520
628379559264522240
628379405782355968
628378866109669376
628378804751200257
628378573385039872
628378424134905857
628378231570239489
628377805814796288
628377700349014016
628377616924315649
628377410916872192
628377191399555072
628377139352481792
628376920221052928
628376719297122304
628376543731945472
628376372868571136
628376363896954880
628376341872652288
628376245584031744
628376145059119105
628376025890578432
628375841739685888
628375732473851904
628375596876214272
628375194072014848
628375176451764224
628374971169943552
628374970540781568
628374786473771008
628374742643257345
628374699425148928
628374694241005568
628374615421681665
628374598451466240
628374580248211456
628374544965701632
628374509758734336
628374431274905602
628374365512413184
628374250559176704
628374062260092928
628374053418483713
628373939857702912
628373926612045824
628373708478922752
628373707665190912
628373685678641153
628373637490343936
628373510348410880
628373448771764224
628373444292317184
628373431067611136
628373387140665344
628373351879147520
628373272615219200
628373216143130625
628373167090745344
628373145133514752
628373141287337986
628373131762122752
628373048261894145
628372977608830980
628372955735547904
628372832636907524
628372797522210816
628372749489037312
628372749178658817
628372687203667968
628372669595947008
628372573399597056
628372573277917184
628372525156708353
628372516025700352
628372511869145088
628372511466524672
628372472329408513
628372463496224768
628372445569789952
628372423780401155
628372414791942144
628372370886012928
628372362023432192
628372353127309313
628372322747953152
628372313709260801
628372256662556672
628372238996123648
628372172973539328
628372168489893888
628372137749843968
628372124474826753
628372115671003136
628372045160525824
628372032019808256
628372010033283073
628371997022535680
628371993000185856
628371992228401152
628371934934233089
628371904018026496
628371847411691521
628371685373116416
628371654846996480
628371615378583553
628371606394400768
628371580008005634
628371540757721090
628371435413573632
628371409937379329
628371409157263360
628371329901658112
628371281516216321
628371181213581312
628371168051859457
628371037156044800
628370953651646464
628370949209862144
628370931325407232
628370922429255680
628370856641589248
628370838710915072
628370777037930496
628370746381701120
628370676361986049
628370641012428800
628370627691282432
628370606145179648
628370605738323968
628370570795552768
628370526914809856
628370517825728516
628370469524107265
628370443028660224
628370425546825728
628370416659083264
628370416646557696
628370399466655744
628370399034671104
628370390247563265
628370368143585280
628370337185468416
628370293132636161
628370280356773888
628370266666610688
628370257732734976
628370200711180288
628370135204564996
628370121841446912
628370104204431360
628370088173809665
628370016803491842
628369998583459840
628369985455452168
628369980774420480
628369967570747392
628369932460298241
628369927959810048
628369918988128258
628369906795331584
628369814680043521
628352106898944000
628339939499839489
628325363244908544
628317845634588672
628313592668930048
628276757339070464
628275002563887104
628239602063572992
628215593871675392
628215414867128325
628213872806080513
628212624124055552
628204321956495360
628198283106775041
628196504172298240
628196373288976384
628047239840055296
628024504179032064
627992742769995776
627962089953320960
627928545902202884
627921823246630912
627919385017987073
627917586714398721
627916795899330561
627912903098679296
627909476683677696
627903568536678404
627902897867485184
627889244745240576
627883248245452800
627865706172821505
627865241037115393
627863528548909056
627863341084454912
627863256082681856
627863209647562752
627862936648724481
627862508888416256
627862423597244416
627862357016903680
627862277174091776
627862155249844224
627862035833819136
627861981081395200
627859374279536640
627859297620221952
627859111779045376
627859044384935936
627858852428431360
627858777228705792
627858725471023105
627858647071092736
627858545216598016
627858480527872000
627858423661527041
627858340761108480
627858314836074499
627853382342979585
627851377566314496
627850826715807744
627850319905460224
627850235910316036
627850058038296577
627849977297907712
627849849237454849
627849751334031360
627849601626738689
627849544449921024
627849444885528577
627849333166047232
627849139380883456
627849023836196866
627848879149441025
627848698626572288
627848651679772672
627845577993093125
627845496212623360
627845394001604612
627844713681305600
627844615316451328
627844537491165185
627844218354995200
627844190215352320
627844091661824000
627843881988521989
627838056372932608
627813483481014272
627694004323291136
627652526058242048
627584833221308416
627555809245859840
627522391103508480
627520829136330752
627508004582092801
627354089664319488
627278202314952704
627270156754907136
627250559091740673
627225249021431808
627196422761267200
627173342185820160
627167730722967552
627155701522001921
627133530552729600
626983492245524480
626947384023474177
626939112075825152
626906613446676480
626890072088932352
626876022252703744
626859658737627136
626830582924705792
626827807679602688
626827645754322944
626826809573642240
626820930937864193
626808871563034624
626799357312942080
626782576699555840
626555227961856000
626551571183079424
626548079504699392
626545312333598720
626516528591056898
626441947087896576
626128907142500352
626085984891854849
626063675586035712
625809949310873604
625775909899898881
625514111363715072
625512606267092996
625395237410570240
625354621465157632
625096541355651073
625095289511108608
625025289052012544
625002629635026944
624957327523774464
624766347252076544
624719073390129152
624654826580774914
624316096389066752
624232130663419905
624025738786705408
623964199455031296
623870069978738688
623559631860711426
623250740245475328
623175859352965120
622798119177056256
622481020873342976
622435143643344899
622193145627869184
622188935565873152
622134770009374720
622089185613103104
621847138629058561
621800297120174080
621446768765480960
621414131627757568
621414103232352256
621401384353595392
621180002600488961
621179915912679425
621176959393902593
621176024861028353
621169680816848896
621099910763446272
621011557720289280
620988468877901825
620972441976766465
620948934542798848
620940810779930624
620772964196184064
620767342029467648
620623593177661440
620440096165138432
620396204707287040
620341309614637056
620308568462376960
620284224046673920
620280622573993984
620125664536997888
620070936587296768
620047233564585984
620046032395632641
620045046461566977
620044785525526528
620044669628461056
620043874392670208
620028223083024384
620027818714402816
620026569403166720
620025639601483777
620018702214234112
620017083175190528
620004683361300480
619981973637869568
619960942747475968
619944432041746432
619939265930117120
619935208414908416
619931384522510336
619928739128803328
619636781965676544
619627144449101824
619552300382617600
619260385032441860
619210814222938112
619188087109779456
619053379394732032
618555365722996736
618449451263225856
618132446802882560
618099056141733888
617863544625758209
617861481053290496
617846937417416704
617842220498980864
617830345149276160
617788874526306305
617527056679579648
617482924317765636
617471902160850948
617437791102709760
617402016151658496
617392653265539072
617368579273457666
617357926773059584
617356069015130112
617354656310661121
617332233901203456
617045525020315648
616682852684578817
616396010198151169
616021067639844864
615997337593208832
615641297039167488
615580943491829760
615368026876063744
615362943278952448
615343387386875904
615334813260615680
615330472676032512
615324302628425729
615314589777948672
615312485583728644
615293650361188353
615248372610433024
614602608477495296
614580401709780992
614540214229270528
614055521654419456
613930485513715713
613028760795766784
611926466729652224
611202315194732545
610828941222264832
609721974873391104
609204341623238656
609194374212096000
609187026001268736
609183322778963968
609177652012806144
609172951179460609
608649866193981440
608408191148421120
608287514067992576
607796589571080192
607547696883245058
606853434709450753
606145517416882176
606113265962205188
605403467159461888
605010919832190977
603969041468805120
603218100620636161
601840512069337089
601402169988808706
600662299427278849
599227676382007296
598518324167749634
597838727478530048
596744655972110337
596344913148575744
595332286310060032
593867459536375808
593860006136520705
593852379042160640
593844798592720897
593837395239276544
592766265434963969
591706662051811328
591676289469153280
591433369667379200
591300448973389824
590548197275148288
590317468809203714
590311939768647680
590287139792822272
590277090005491713
590277047932440576
590270118124392448
589996091610890240
589988486993694720
589932085176991744
589911934515970048
589907995397644289
589901390455123969
589881218839093248
589875701454516224
589867099029311488
588764819538345984
587721723081961472
587490920393617409
586300024906194945
586173373635436545
584430363214159872
584400117714690048
584370015333261312
584339692478267394
583026058909216768
581501038802292736
581234437783990272
580398721881522176
578979443311411201
577879636396236800
576825647596580865
576183750016524288
576168227132317696
573647219825364992
571384315533090816
570739381889310720
568818228581048320
568485306799931393
568457349641297920
568190142554353664
567365636968304641
566330358988173312
566016304251813889
564839247224791040
562316761148559361
562041127637766144
561334807201087488
561318055146291201
561287406914400256
561222362298081281
560958214167347200
560921799945621504
560590870685429760
560578364655013888
560490187612893184
560479353335984128
560256904190898176
560239128315703297
560226582477156353
560219654497792000
560162255271395329
560144521531756546
560140779004633088
560140462712172546
560129011712786432
560111620442308609
560100187105140737
560099722279792641
560094519908380672
560091019983990784
560086910035841025
560086659606122496
560082549893263360
560077058966294529
560074766724247552
