938964977922269185
938866550412644352
938865813750153216
938106058517766145
938105226179022855
937929337877204992
937722371510886401
937001780046647297
936994030205984768
936545415079612422
935823874775756800
935823769800716288
935822494761615360
933834454703005696
933813061131165696
933644656394559488
933402398307110912
933401835704111110
932648906567057409
932648041613492229
930541403423281153
930539853271502849
930456697897930752
930103929861533696
930102125153136640
929355462960656384
929354808825393152
928868509764997120
928306252207280128
928302198538285058
927947046925029376
927946182432837632
927946133573423105
926840496839909376
926468153907040256
925998570846720000
925996335370817537
925759553404317697
925076603507527680
925032701605933058
925032131633573900
923919220185985026
923916752119123968
922887552771788802
922508475690831873
922504309878722561
922503026346209280
922502977759440896
922502912584110080
920716166808645632
920715482520588296
920678414486593541
919960494626279425
918568870042103808
918568343971487745
918561796826558465
915971849380646912
915970942853140480
915970522214739969
915960431008772096
915740077548072962
915738968351805440
914676725254168576
913432859112824837
913432254109667328
913432199696932864
913303435495264256
912725130433957888
912702116749291520
910537188575768576
910536527079464961
910529656734044161
910232034689392640
910229967786643456
909814233310924800
908805952559894530
908799174044454912
908756504278392833
906212989409398785
906203561566117889
905835627068968961
905324805863419904
905321079249543168
904787267956477952
904787107889197061
904786461916057605
904070013761531904
902916150811660289
902915445270949888
902250986768670721
901489621565046784
901488318210330624
901470524462837760
900733857586139136
900732800957124608
899676407906926594
899670973041004545
898945824176132096
898928940550688768
898640158651764742
898639752500465665
897862767771865088
897515679020089344
897495544486141953
897473870260822016
897468680430374912
897466644456509441
897150516983103488
897150478533971968
895313492588101632
895312886784032768
894962242994806785
894587961995661313
894009204364718080
894009006259417088
894007928595906561
894007203572711425
893902784722030593
893456866906451968
893455554554843136
893201195862556672
893147225651597312
893146455019487233
893146405153497091
893132225327366144
892199210514341892
892197743590027265
892197680922980353
891735973163405314
891733300074754050
890614090976043008
888852781519581184
888851160593051648
888800718760574976
888791367245336578
888789063091748864
888787553272422400
888460136653754368
888112005256577024
887765822600556544
887752920132980737
887398363049734144
887010068302110720
886982710668996608
885847598770290688
885200376286392323
885199191894614016
884798229736566784
883836795078811648
883738852950781952
883735447020687360
883369640419831808
882259303343804416
882257436299735044
880501318175141888
880463868736266240
880455441301594114
880155207409291265
880154856463511553
878678501477535744
878677934147608577
877942543333425152
877941474792325121
877236295743025153
875740106191187968
875474394038054912
875474152370712576
875473607861960704
873929874934714368
873255835450753024
872873920956739584
871026314840506368
871023186355335169
870730627523506182
870728098374967296
870316396508479488
869961244048072704
869960150534180865
867457864461365249
867271419863945216
866335309780406272
866334995736125440
866025431606099968
866025380473339904
865643126991405057
865643072520036353
865597035264790528
864500208603934720
863075649413632002
863075037930246150
863052912238481408
863051186123018241
863051067562610690
862374535357661186
862373712280137728
861964938625069056
860933625847492608
860933035797004288
860902518288601088
860901864220405761
860888066952577024
859442131399827456
859441621456302085
859438422867542018
858004523754848261
858001303070543873
858000561383370761
855874210987524096
855116459839815680
855116032230510592
855073914166358017
854770684521828352
854769043932409856
854760809662119942
854758609892388864
854150247471296512
852917176625266688
852601690112933889
852600698457866240
852600629008543744
852246122496233473
852245559780028418
851167694762233865
850749640081362948
850714903807758341
850709484628582400
850457831782350848
850448573892317188
850446716163809283
847462682152259584
847461524264189952
847136400260694018
847133909527744512
847103579416596480
847103355063275521
847102364238663682
847102303786209285
847095593898037253
847095547546816512
846746812392226817
846740181742948352
846738979483516928
846738932029161473
846405783483006976
846400929410793472
846400574576889857
846397645191102464
846390862561062912
846390813110226944
846390739609243648
846390696655376386
846370017696460800
845998043740733440
845993981905424385
845246471704399872
844987096402214916
844986280815550464
844983618879586304
844982190580678656
844982149992329216
844947893098287104
844569133752700930
844568053262290944
844565226422972417
844565184274481154
844271231847321605
844270804426805248
844263797191786498
844263730619846656
844263680548245504
844215950178246656
843899247372259329
843893947466420224
843884019548913670
843881345533317120
843880170155053057
843880120494579714
843880068292231168
841972649588854784
841692192347475969
841689996646055936
841666698231070721
841662710353940481
841659449806860290
841657510935314433
841652493004201984
841647634276311040
841647573517643777
841466586892554240
841466457657606144
841373944217247746
841373637408100356
841373086582751233
841369048952774656
841367223021236225
841351714133413888
841346808861327361
840817269039067136
840812985526439936
839909838108954624
839864518993985536
839862720509935617
839862660237766658
839862544370188289
839538739584122881
839538696672198661
839538655907758090
839538614874882054
839166446550798336
839165217099636737
839165173239803905
837912799808454657
837911472474836996
836974580099137537
836968891196796930
836968817045745664
836613862514376704
836591256889409538
836590949488807936
836590230341824512
836584522145808385
836584265630560256
836579858620825603
836389806800310272
836388924872343553
836388880677027841
836288469496446977
836282330478178304
836259752367820806
836259220219625473
836258985883873280
836258346013446144
835178433542033413
835108069348630528
834783153445302272
834462717146722304
834439781836845057
834438893357432834
834438840030998528
834437419164372993
834410770993659905
834113206675243009
834101903504048130
834101848969793537
834038644117762049
833747522631954434
833746847399342081
833718400539095040
833718348559040514
833045086673989633
833044611354468358
833043359505797120
832606230191411200
832586672630030341
832570057377140736
832569580719636480
832288173736751110
832257263616274433
832255841273249795
832255780023836674
832245796179472388
831884794384568322
831883795628429313
831865786255941632
831546132291604481
831174972504698880
831174104254410752
831174059958345728
831142771322998785
829710940966944770
829710207383113729
829382485154873344
829382436928765952
829382393119330305
829005774332510208
829005647551291393
829004591954087937
829004537096712193
828660638150959104
828660591992696832
828660545096151044
827544664718897154
827487444085960704
827219160694398977
827214538697236481
827174582612328448
827174523187380224
827155906068639744
826822806587506693
826822315698688000
826807628349181953
826806723411341312
826162120060465152
826120289692053504
826119471441997825
826115110796136448
826113773052297217
826086081607192576
826076477833768962
824949828476092416
824678063325794304
824666044807704576
824626038827347968
824622574709706752
824309668042440705
824308354101215232
824269911417585664
824268658801340417
824267102597091329
823957138414374913
823913360165109761
823597526230175744
823597370701189120
823595687929581570
823589261647761408
823588095597617153
823573513642668037
823573355966119937
823572412843356162
823572364952793090
823562172399779840
823086422995431424
822741445568237568
822161538740011013
822160414154903552
822160103994519556
822157235325468673
822156980844371969
822133814914928640
821749614076424192
821746369287356417
821379746885943298
821367238779400192
821367189886435329
821057780807303168
821050596434255873
821050547990040577
821025025423773697
821013032595820544
821008129848672257
821006929648553984
820021290169958402
820021186323238912
819894170584223744
819881273539919872
819878993440731136
819655205709025280
819645753152966657
819617211014844416
819616462541299712
819615960378343425
819503812457140224
819503475193245697
819500566929899520
819193830411038720
819193781979381760
818897744693760000
818882555596435456
818870212464406529
818868878151450624
818855873699336192
818855086227066883
818853310790828032
818846260870467584
818844845007437824
818843410408894464
818843356554006531
818835614460248064
818832593957351429
818821852747485185
818821805221756929
818821119989993472
817334433179140096
817333619324833792
817333576740040704
817050745530880000
817029627264770048
817029579915333632
816671373913366528
816670195842478080
816667041281310720
816667007131197440
816666961002303488
816666918258089984
816366611754086400
816364301502054400
816364256912408576
816364197823004673
816364144844820481
816364093321969664
816364030969479170
816293357999845380
816293259840462849
816293206329528320
815284255429365761
815283797801521154
815185933779795969
814809921929773056
814722125894479874
814535776000208897
814480224020733952
814479866544422913
814478620655816705
814125530551373824
813759876153376769
813758382675030016
813757549325484034
813757271272488960
813756563689193473
813756225515122688
813755799034036226
813755340357595136
813408189106573312
813406701265321984
812014039593263109
812013695815577600
812012621012619264
812011973470810112
811639744270581760
811636507563950080
811625811287666688
811244377645400065
811242788079726592
810896636515938308
810892492417748993
810890405843701760
810879210051031040
810877339047493633
810871989674065920
810865031273398272
810864010228797440
809817392197013506
809816180500365312
809397506832470016
809056442267369472
808702474718679041
808699454052331520
808362451054055424
808361478587908096
808361067076263937
808360668608991232
808360366052884481
808359868562337794
808358418234875904
807559261182197760
807558550968995844
807223292427898881
807223000793808896
806872111008645120
806871167361544192
806870608646705152
806870374067699714
806870170979500032
806869955610341377
806869721652011008
806869394852868096
806169585426857984
806162252722294784
806141075169701888
806140848987586561
805876041185116160
805836727784968192
805832419580506112
805832202944659457
805831982336897024
805831716053118977
805810748626706432
805809815146627072
805808238566457344
805805049209356293
804700753633878016
804699760309497856
804352104357830656
804348844725125120
804340992547713024
804340731217375233
803984608702435328
803773230913900544
803772678892990464
803608313896243200
803332649850929155
803296360908910592
803295772003467264
803295178958180357
803289132889964545
803287529088806912
803280767186976770
803280031736885248
803278261031731201
803265112534581248
802182491650031616
802150395468480512
801813071312338944
801802040406134784
801790776460058625
801600779031298048
801599274035331072
801429182878191616
801143809308590081
801085625436749824
801085118102327296
801071083667472384
801069926400278528
800779863623868416
800779411800915968
800767587810414593
800767262609248257
800726579831656448
799643770358792192
799639429476327424
799586536165691392
799579713471660032
799571668364652544
799570864236797952
798972887734554624
798972120130846720
798938389185757185
798918087676493824
798903936887308289
798902632433799170
798257774601846784
798232066521493504
798227934821707777
798227489629896704
798227155746336768
798210893381255169
798209446027661316
798060050287734785
798059009735622656
797491651111481344
796795673031098368
796794777157201920
796794347832406024
796002536490672129
796002004594200576
796001834376790020
795690791146504194
795678063254269952
795642682097991684
794514895702228993
794514637387689985
794514171626930176
794513798367477764
794205488418320384
794174828894912512
793836940894371840
793820163187544064
793466277805355008
793465846219833345
793465315124535296
793122492504244224
793121780508524544
793118183213367297
793109214122180608
793107910486351877
793107406502887424
793107054630146050
792007217490849796
791994684105224193
791994233221775360
791714588421128192
791713888492544001
791284644528394240
791275960754638848
790976772947009538
790974722502758400
790972740962516993
790968009829576704
790934779126509569
790933907684360193
790931065208791040
790919090412158976
790918698118905856
790918397764796417
790917869462781952
790913150535303168
790638283986497536
790638035759198208
790634858674548736
790634350283030528
790559356882386945
790558702524858368
790558229570945024
789476131930050560
789470056635854848
789146071842914304
789141926565912576
789141590417735680
788756929925513216
788754696764788737
788750402195976192
788748402309947394
788079479134515201
788078624301785092
788064055651098624
788050849549418496
788049440384937984
788049351142678532
788049215658323968
787028389177724933
787008258384994305
786601098123567104
786591996047687684
786580042923044864
786543883597512704
786543247644565504
786542251551883264
786296792392601601
786243415986036737
786225994034188288
785876226707599360
785853031900336128
785554138755133440
785538667699957760
785505781567422464
785502386236321797
785502068614234112
785490434122407940
785193630474575876
785189810730332160
784671092644380672
784461797411659776
784451437531131904
784424546086584320
784414284289863680
784394294237007874
784391994336509953
784391679663022081
784035471781396480
784033902956609536
784029607074926592
783708073227644929
783343312174448640
783339286032769024
782958670070112256
782958373314625536
782608830807023616
781832462297071616
781576494313332736
781575863389290496
781547200828628992
781212633697554434
781211464430387201
781134564475428864
781133139980783616
781132763789484032
780836774654382080
780835114775379968
780458004709797889
780455876792647680
780455539499208704
780433429557051393
779751864296411137
779370950248857601
779354264569282564
778982971407757312
778961295748034560
778686897732198400
777924599606611968
777921980586725377
777916073085657088
777915324482158592
777561442702745600
776757187993624576
776459168240824320
776457567602151424
776143315272101888
776143033469460480
776142244696977408
776141900646670336
776141611524907008
775786151881928704
775785945702526976
775785715166748672
775785480306757632
775785206582247428
775784917791899648
775784366790311937
775068740706795520
775029528196419585
774968101213466624
774966530429812736
774704719260479488
774613232195633152
774304826876461056
773553752611627008
773551535917850624
773547264988028928
773510668238618625
773217146818203648
773204258388897792
772868149679157248
772867510962094080
772867291474169857
772854243204206593
772853746233737216
772853407988191232
771689778903482368
771681496117673984
771378569465462784
771365722312347648
770992745511026689
770322975266570240
770320138881073152
770304962429591553
770294716130848768
770288971523956736
770288724483735552
770288415082483712
770287950064148480
769780901261799424
769173552184647680
768545121507893248
768396084590809088
766626287943286785
766625697129435137
766625310335000576
766124206270607360
765929168232128512
765926628304285696
765588501924642816
765586376603660288
765585218694746112
765297550958202881
765223806793310208
764729695451643904
764728291836256256
763807261802237957
763805674665017344
763804463685664768
763801553463545857
763740949268799492
763739739816071169
763071375598837760
763070644821041152
763069684216393729
762700273974382592
762683097682960386
762682173673639936
762669835977367552
761534106421297152
761528994890121216
760834866023960576
760833371882872832
760156893012721664
760153940147273728
760152859807739904
759624078844162048
759202953001594880
758739609467494400
758664479680987136
758413376057991168
758412250466123778
757655000730497024
757600470500343808
757594888028426240
755381584509988864
755380304588730368
755154980366057472
755092677402759169
755092324116533248
754008147564568580
753210920818573312
753198799015796736
752933207637655553
752927446886916096
752540864321314820
752537423733743616
751398839026843648
751391189643866112
751355878452957185
751117325072498688
751115690808053760
751115430719266816
751115068998385664
751114726801825792
750937426185621504
750785463510786048
750715696175284224
750710259753287680
750340458245677057
750338229547700224
750314620980695040
750313828223713280
750298880907022336
750298586743705600
750296016507768832
749141810761662464
749118472316030976
748848615733493762
748844491252129792
748578279938994176
748577021136101377
748572322085376000
748571229053984768
748570660297904128
748190414482608128
748187574318018560
748179419336949760
748163598858489857
747472433855209472
747121098131640321
746487983579201536
746482986607054848
745698172203311104
745251887012782080
744895853245177856
743840794977701888
743775549340934144
743664342273523712
743663708858163200
743489820744351744
743442603610341376
743231394734813184
743196218663264256
741715945253658624
741291902771826688
741271255110832128
740571090058121216
740563791088324608
740390790644518914
740159956175978496
740158371886665728
740111719637352448
739948748260904960
739931876543090691
739865762207268864
739854850310168576
739844618985086976
739843917831675905
739734578798170112
739513754719780864
738391185983713280
738263885027913728
738057178838380544
738032435305324544
738031396652998656
738022647464927232
738022593807126529
737862533055426560
737849726406696960
737679414096494592
737669042882904064
737330896488038400
737328364298604545
737304289215926272
737132170255433728
736541950724214784
736533101531258882
736496314385633281
736267240908132352
736261988427399169
736256920063991812
735501431629873154
735500536519221248
735497464212381696
735208087833980932
735124957261365248
735086018584547328
735083948959793152
735082584179408896
734769634457604096
734635655750389760
733949502793650176
733946560892002304
733716937214177281
733714964171661312
733673413127118848
733669078209069061
733664491163013125
733662354781708290
733662071867514880
733661789561491456
733368529068625921
733368009713156096
733366584685760512
733301867829178369
733000743679107072
733000367089328129
732998584325558274
732994460540370945
732614699917971456
732613961703641088
731903122835144705
731564389699072001
731562903078371328
731450254684508160
731166224021884928
731148208768987136
731146789101899776
730822792766164993
730822509847842816
730819401965047808
730818731836870656
730817818460073989
730817487684636672
730761263651885056
730760751472906240
730760008548372481
730465914504777728
730408772108177408
730404464440573952
730402398758440960
730400096899219457
730398994501898241
730362058093568000
730361604596969472
730330829705064448
728638166375215104
728621060816523269
728615428025634817
728611228524892160
728610830514847744
728318158252150786
728310150457659394
728297400041938944
728274917100294144
728245261714231296
728244670501900289
727948794868936706
727948254437068800
727947422715002881
727586600616644608
727544273915273216
727543651090440197
727202054561763329
727192507688308740
726464584786317312
726464220502568964
726463920966389760
726282478789492736
726124788532568064
726072279973662725
726070888882405377
725986411036467200
725986149370630144
725978944437161984
725978638227787776
725978181971353600
725384822571601920
725384164191670274
725346518862012417
725345560757161984
725033480728547330
725032536783622146
724982140941832193
724656240316567552
723919077106958336
723918850031497216
723915275347865600
723562537862705153
723560810895794176
723544524375638016
723532497737359365
723476905677230080
723476717155835904
723216188885590016
723215414222794752
723202085412589568
723199632285831168
723180741916499968
723180336650313728
723179530698018816
722849220735143936
722483690090192896
722482858506526725
720675957552652288
720675571450175488
720674829582671872
719614408150921216
719611252658593792
719596423700983808
719595790100996096
719588633397829632
719496880967786496
719496570543194112
719165991700283392
719165199635386368
718537317112266752
718537146760609792
717791488218935297
717732107246825472
717429071815307264
717420387672465408
717027784070180864
717024706138882048
717018549986975744
717012985970102272
715984489772670976
715983945683378176
715164346419187712
715163014014627841
714807755635351552
714804835904851969
714804551946264577
714474554362609664
714464484170010624
714462820813967362
714053898357620737
713637442860003328
713454018710913025
713452749686456321
713428396638908416
713427856949424128
713100093734404097
713038804697919488
713038689228685312
713038670790569984
712698894023581697
712698102432591872
712645736366809089
712534866651385856
712332989917753344
712332279100612609
712316708229423105
712315983441084416
712286561073766402
710898205559541763
710897519161708544
710892039953584128
710880365892771844
710846253228232708
710845434219139072
710838535205621760
710838454708527104
710554440978268160
710554271939469312
710525611542978560
710525088349732865
710265265620193280
710054122200944640
710052699644039168
709816802570801152
709697700372070400
708744652539760640
707496832511954944
706894217642176512
706473014238515200
706471871328423936
706134087782834176
706125307984613376
705998943918886912
705838925617745920
705836715970318337
704601380930113536
704111211357589505
704109479181344768
704109211026911236
704108746486784002
702905085349728258
702181060973613057
701426814812553216
701420903788388352
701052049136480257
701051517453934592
700712806170099712
700711269242970113
700339413625212928
700338863357759488
699980018491985920
699978876945047552
699308374203244544
697826583764148224
697825806916153344
696195342166052864
696164364722794496
694594404036796416
694573527538765825
694210068397563905
694142040955813890
693927484899889152
693922637395922944
693919489033904129
693892601976610817
693819023113523200
693559007764705281
692479905850920960
692478583831445504
692358441675919361
691726467496071168
690988755315003392
690985628796882944
690955743701438464
690944397052100609
687325654614949888
686259043556548613
685438195086061568
682635516450353152
682634080152907776
682633739139182592
682553938583916544
681146825932320768
681126033924304896
680799382799794176
680650761173397505
680444820326891521
680097025954856960
678554633212698624
678528074011557888
678164962603307008
678163969241149440
678163493049233409
677551999030845440
676076809646178304
676075873146114048
676074941280862208
675995616795877376
675978354667991040
674997043706912769
674945031032201216
673890206236438529
673889540306784256
673869926331981824
673099389003517952
672735073096069120
672733861508456448
672329021833760768
672053611489267712
672050968326983684
672047392833871873
671715330268491776
671714891531739136
671543433614499840
671543117804367872
671541941885132800
671330597084770304
671317534428254208
671315970150002688
671314847603236864
671313611135066112
670563686860353540
670514548340891648
670350959269322753
670314180331851776
670239518784626688
670132030617878533
670091359206928384
669720344396226560
669717101104484352
669470003083759616
669196917944016896
669187454067458048
668876342373572608
668865508284997632
668864512573984768
668863091724144641
668833435331502080
668499147327188992
667895251948994560
667873414053535745
667686378428342272
667683758712188928
667624829617627136
667100427805159424
666707614324105217
666700079399571456
666484114447572992
666110040420589568
666109815928803329
665498977832476672
665250786738327552
665250341185810432
665246608976715776
664722634383470592
664707768935387136
664587563458498560
663655564929572864
663654988862894080
663418955290292224
663402994646560768
663093538729631745
662720884210143232
662719012137123840
662717415227191296
662714823541592065
662713041583267840
662708138420936704
662706873821433856
662705117259546624
662701024487059456
662695490887294976
662478825436090368
662471177043116032
662250107409186816
662108748048134144
661836719600349184
661834483100962816
661829384265969664
661828686778376192
661825409739280384
661822450699788288
661387652218884096
661381296166408193
660588021042028544
660495617509208065
660465347494064129
660411950392844288
660052349935869953
660033281891676160
659838010784092160
659643255173287937
659643113682673664
659642889484505088
659474888848207872
659442309516369920
659440936020221952
658700390796521472
658700281769762816
658267022350913537
658266814019981312
658265954498027520
658263558959026180
657131183550148608
656919923004960768
656846380552556545
656837364136988672
656505223427530752
656476035094048768
655861452809633792
655476511806521344
655455189130870789
655344246074032132
655317368881696768
654789220045709312
654665620428951552
654599467199561728
654590543515774977
654590006204440576
653993746359537664
653990307982409728
653973277510135808
653964299942121472
653166791510900736
653166396348723200
652519748731830272
652207585244913664
652205963253055488
652202442642325504
652086151084404736
652086116816977920
651833826591817728
651833365256138753
651833087798702080
651781421204414464
650586283027337216
650585300415217664
650450563231031296
650448884788011008
650391900525096960
649942916463468544
649941814011645952
649621629471887360
649620647585312769
649526495816187904
649256738563076096
649256453962731520
649241270825517056
648566563407134721
648496897955532800
648248595787833344
646983455348142080
646692917793320962
646683611551297536
646593109199945728
646338867885248512
646291096511774720
646149969255075841
646129406218383360
646104335420526592
646092338939326464
645966445147385856
645559373897424896
645134104762052608
644849427337752576
644847281569554432
644845608017072128
644510494850617344
644509902749065216
644509240430735360
644505830222462976
644503537301372928
644174383083298817
644173870648397825
644173490258583552
644169570358456320
644145057365299200
643829564892844032
643478786466385920
643478414226145280
643470078462160896
643080469916090368
643052025706450944
643011160350941184
642775566295298049
642673635937771521
642592104397443072
642590008965095424
642587625899974657
642586501151199232
642583487661277184
642582175510978560
642576402814906368
642386929439260672
642386313145028608
642023513881120768
642022216557658112
641901182588289025
641894519584088064
641650786573811712
641613063901220865
641281547174219777
640519310692106240
640168337519980545
639118191281635328
638792808921477120
637109063898169344
637108266036674560
636982568995287040
636902133560832000
636862756700844032
636858393316061184
635787748536815616
635673396748021760
634859193812385792
634646640272388096
634517122039873536
634028979775602688
632960985410633728
632698169004953600
632328257094815744
631935218635550720
631934946244849664
631813724215492608
631813651935047680
631606848949321728
631491887631740929
631490662555213824
630801983813779456
628565357494538240
627432454027022337
627431112311115776
626773199737335808
626771662395035648
626072505799741440
621830378228060160
621106030416539648
621105944743641088
620961376400310272
620697538358673408
617111845451624448
616371803921911808
616006183472599040
614861005978365952
613427014268121088
613375140173234176
613018609418309632
612723264771637248
612708069689044992
612705118761254913
612296136737468417
612259543129522176
611277720022986752
610493838918967298
607280675389980672
605034233082445824
599669217579782145
599550657255768065
598886770273583104
598885529317298176
596404105997758465
596048631355944960
595332633791336448
594579437775028224
594205884714127360
594205079005057024
594056838632505344
593476362284969984
593329533505273858
593129759627812864
593127841266466817
593126699589468161
592761261768728576
592711532452179968
592412170404499456
592329134820306945
592303348574920704
592267263933227009
592065603860443136
592051242110558208
592006460248231936
591970766008094723
591964196973088768
591663294399717376
591660618832216065
591657455295148032
591164843131940865
585374994693099521
584452579569971200
583701054434324480
583699571835928576
583698849471922177
583686822754029568
583684788285874176
583411777381105665
583411087090946048
583410210452025346
583285992024485888
583284961203003393
582977594053795840
582903011627810816
582242825464475648
582234057943068673
582233626080714752
581891110600998912
581890708954460161
581882503415230466
581797373711556609
580769938601697281
579428773306617856
579309030444679169
578246752773406720
578097794067517440
577881490857455617
577880720674197504
575777521079205888
575777493744939008
575701706228412416
573532440196591616
573531368530964480
573175927259054081
572513584426557440
570507537902014466
570170251817590784
569599790490587136
569252885290098688
568426984356716544
567699145054375936
566643610095857664
565848396150226945
565544683581886464
564363567558701057
562947613897809920
562246345591767040
561687865864634368
560481402911600642
559340898111074305
555488336685445120
554042298850230272
551440005969633282
547349929094422528
546755267249971200
546341645868756992
545471340065456128
544041509985603584
543853852710023168
543853394016731136
543853214966095873
543690552902815744
543081605309284353
542999831522709505
539882697007857664
539143017462910977
538395619501416448
537293377759240192
536634455226466304
535847078325284865
535107423564881920
534411241578459136
534077201679798272
533607882873262082
532347570278764544
531862280997044224
531474247042859008
531149934473392128
531032841660792832
530751280457605121
530535684873150464
530076864656576512
529710738340732928
529369801798336513
529032129758232577
528846111570538496
528654966445977601
528608266578694144
528584448241987585
528584280738238464
528184915444002816
526133334963785728
525658826507157504
524993504947470336
524987924035559424
524960458197843970
524646172497960961
524310979459305473
523207304657653760
522847773759000576
522471107161370624
521652338532970496
520587413731569665
520222330732036096
519885511070986240
519160975304294400
518844613163888640
518766728747044864
518343043783467008
517975854261862401
517618054939688960
517312211975278592
517125087707684864
516762487962599424
516310902476267520
515895559819755520
515433920171487232
515139584720510976
514851356603998208
514037992978018304
513687682518491136
513317545147785218
512302461248606208
511534089698942978
511189957138857984
511188917320556544
509791869572640768
509092067675365376
508666154848485376
508361929568419840
507926309456973824
507576591275130880
507273885352341504
506130663691399169
505511718013784064
505109583556116480
504865224625627136
504258685401436160
503982551279472641
503897197537021952
503266985711386624
503233178014728194
502896467795644416
502569434809389059
501575001586167808
501572333941698560
500343880852578304
499927801546305538
499678092101558272
499481859084939264
499211775854669824
498942120791535616
498556027474702336
498095465364086785
497811430964355072
497269014091923456
497025723832352768
496610914922033156
495332562437292032
495168541478227968
494932471511646208
494888932815802370
494598492996648961
494007641106964481
493983844110839808
493899259180118016
493524884459237377
493418570613665792
493128896435339264
493016237501194240
492743634903519232
492740753978699776
492282182073729024
491984815269236736
491946121967579136
491607094462656512
490950660259467264
490851584536891392
490541430969233408
490521210749337601
490484211678068736
490065152511725568
489810781551083520
489756685917892608
489440576551407616
489349574536863744
489211180133535744
489030264983535616
488872296426123265
488845996462333953
488627710600544256
488472507670740992
488155712078352385
487958266450685953
487908861655781376
487629618480816128
486915876432515072
486656063844806656
486257421862465538
485877288374763520
484752110454439936
484449300957921281
484449131168276482
483864275195158528
483864046886592512
483375186234707969
481834813465169921
479997800302661633
479383497140736000
478179495610822656
477555185573580800
477188197231783937
477091008245547008
476670751466999808
476070847262629889
475614771702550528
475001359909912576
475001323801157632
474999019769327616
474047997827772417
473476061112438784
473119373154988032
473119353395625985
472848097723183104
472440805861228544
472440786462597120
471967656963084288
471967644564721664
471967626432741376
471967071023013888
471698600771084288
471256686225682433
470917343778852864
470894734819356673
470635584495423488
469968566465220608
469399625212760064
468878129914982400
468878083869917184
468878067809918977
468876857140858881
468722887457652736
468722857015394304
468722834831704064
468470960249507840
468470938011324416
468438702826332163
467749904366845952
467391700097171456
466980039477583873
465933496087621632
465596530540281857
465596513561751552
465490778332987393
464840638316298240
464369792309153792
464077173591003137
463610505563623424
462869179612561408
462869148335607808
462606690375180288
461902479383609344
461086480853897216
460767545101139968
460540755766169600
460074628116123649
459560661451038720
459559714234568704
458935863347793920
458541471780859904
458541448968040448
458541427912638464
458539949680492544
457916458312695808
457545902304288768
456531087187918848
456522533206892544
456129163746103296
456128962419507200
456128755875196928
456118044906258432
455104699285643264
454629159898447872
454627418699866112
454627288110223361
454627163107360768
454627053136928768
454303453276545024
452178257753149440
451851498629378048
451384976190504961
451384961703358464
451384949611192320
451384916044156928
451061323561201664
450713303535616000
450713299718795265
450713252507688960
450365915834880000
449943263181815811
449943235126128640
449943204499316736
449193879883878400
449190558393585664
448839176012955648
448838889160323072
448838886257860608
448838259331063808
448534632251002880
448534605973700608
448499003605676032
448099210450468864
447822233361477632
447822171805851648
447812317242482688
447812292957458432
447811978862809089
447059415909556224
446725860293627906
446725831469965312
446716199846813696
446311688556773376
446012612497514496
446012606755504129
445927758816743424
445622460784734208
445622372670791680
445487489097035777
445309960977915905
445284261416173568
445226403290943488
445130594130083840
444388135217004544
444385460672937984
444385280082984960
443773577708732416
443773001868541952
443772960110022656
443465711827300352
443465677656305664
443465651857158145
443427652133998592
443415315364712448
443060278679584769
443059927612157952
442754204676149248
442753985620238339
442753791293943808
442369811386212352
442369785033416705
442369765009805313
441970203929608192
441852856531165184
441852827477237760
441852791192309760
441647331440877568
441647323241017344
441647297022398464
441647261848985600
441647240462237696
441645326068633601
441645309299818496
441645287590084608
441645274105389056
441645257944743936
441645243377926144
441645218014957568
441645199467745280
441645178374619136
441645158350991360
441608563258318849
441600180304240641
441596794976620544
441596792279674881
441596758142238720
441596752509272064
441581582915489792
441581565798535168
441581547372961792
441581527252877312
441581508235898880
441581490288459776
441581487184707584
441581476656988160
441581432461590528
441581414438690818
441557155398037504
441557126507692033
441557121248030721
441551427396464641
441551413039353856
441551403090444288
441551379040321537
441551345926291457
441496319958720512
441496312786472960
441496277382352896
441495497707388928
441495477868322816
441495458410926080
441495439310077953
441495423703056384
441495406498041856
441495386432491520
441495369231654912
441495348817981440
441495327846449152
441435224430641152
441435204788715520
441435173977341952
441435170357645312
441432564688236544
441432555863437313
441432541674102784
441432530202685440
441432487349473280
441432467644645376
441432449089036288
441432428549509121
441339759076855809
441339690734858240
441339670417637377
441338853673414658
441338801324322817
441338782437363713
441338764729020417
441338747679170560
441338728477622273
441337262924918784
441337243601739776
441337228456112128
441337211087503360
441337118032678912
441332959128600578
441319015701807104
441316280109649920
441316105475608576
441316095635750913
441316072864878592
441316023841861633
441203212226666496
440961231751360512
440952416734019584
440952397863854080
440952377076908032
440952300132384769
440911402363260929
440521335148904448
440520973239201792
440518978830876672
440518961231581184
440518942780817408
440518905841594368
440478593467318272
440478570620919808
440478563725475842
440478531127365633
440172383086084096
440172344846602240
440172074330775552
440171717429051392
440127346251952128
440127274613211136
440127236696723456
440104092804055041
440104077847166976
440104071346016256
440104022188773377
440056025065209856
440056013937713152
439853113860952064
439474928031907840
439474899313500160
439474854967140352
439474793713508356
439474778320408576
439405498828615680
438699691711410176
438261242806165504
438261208899403776
438017211987660800
437981421165375488
437335599159468033
437308929262223360
437308921431486464
437308902968152064
437308861851381761
437306325681598464
437264415709487104
437264374030667777
436949708507213824
436946798943674368
436946782690750464
436946760758738944
436946757931794433
436944649824243712
436944237314469888
436582896686866433
436581061167153153
436229088836345856
436208550525030402
436207898885390336
436207860901773312
436207840106385408
436207036687482880
436001015876550656
435884651006406656
435884525261189120
435149304819634176
435148453065555969
435148415341977601
435142157398470657
435141397185056768
434784079536750592
433956069212454912
433876518457327616
433680125407023105
433678088787206144
433678065106182144
433678063529123840
433678023880347648
433678019119837184
433677973557084160
433677946705154048
433677928866775040
433677909497507841
433677894884532224
433316107093827584
433315309098119168
433314364880613376
433313653333696512
433313510442156032
433313257525628929
432969535353004032
432237569821388800
432237412308516864
432233119211868160
432233104317902848
431914496932970496
431512089002512384
431511741198237696
431172833881104385
431172811449962496
430433983307210752
429656286977069056
429656261232451584
429656237824028672
429656220124069888
429655558640377856
429655549404512256
429654404216913921
429654392678416384
429654380523298816
429326007624298496
429325601905074176
429325492081410049
429325484611346432
429325455460950016
429325433927376896
429325421021528065
428933120168300544
428933105312079872
428933089881231360
428933064799293440
428933034189279232
428933020360658944
428932998810320896
428556916944814080
428556898120781824
428556876461387778
428556842000998400
428556841216663552
427427443079913472
427427437367263232
427427232584568832
427427208588963840
427427201232175104
427392940429021184
427392839690256384
427392797965316097
427392769267871744
427392725085077504
427228942513500160
427227776438243328
427222171220721664
427222157505359872
426806900618166272
426806556433612800
426806328259252224
426806318180335618
426803406423195648
426294926947536898
426114202202546176
426114171387015168
426114168018989057
426114116844277760
426077922383122432
426077897141800960
426077847011483648
426077829034692608
426077793995489281
426077770918428672
426023336364494848
426023320522612736
426023299056173056
426023266575474688
426023239706742784
426023222027780097
425680152870526976
425680123845963776
425680110059290624
425679431278280704
424493150980546560
424493122207629313
424493105761763328
424493058240286720
424493038896173056
423533700777656320
423533678023557122
423533659518287872
423533647178649600
423477496135573506
423477430406615040
423358041254535168
423357915131822080
423043045043761152
423042515802263552
423042480331059200
423042480154902528
423042435447791616
423042410902732800
423042409229197312
423042377633529856
422752733830340608
422752676951384064
422752651714236416
422663791403597824
422663707395895296
422662480280961024
422662448299384832
422034138527707136
422034105992503296
422034052087283712
422034024769789952
421935603807440896
421935547444387840
421935542146977792
421935491907592192
421597006415794176
421596872642670592
421596824953434112
421184707238572032
421184242773938177
421184216576299008
420937501571043328
420572266574143488
420274444435988480
420191286772396032
420191103225450496
420190926708170752
419734579332014080
419734298468814848
419071198585438209
419071181837578240
419071159385489408
418863152932331520
418863124268470272
418863050356432896
418685159576461312
418326457753280512
418326390124335104
418305269043822592
418023136282808320
417958019461558272
417957417021079552
417761440708440064
417641569408544768
417641266357469184
417408190029266944
417370599670181888
417358332438257664
417357804916457472
417172615795843072
417167133844713472
417013633936531456
416949130532233216
416883849231368192
416667837839982592
416619420908539904
416542703498055680
416516699928924160
416516289931513856
416214112830758912
416213781942132736
415938680692686848
415937910064824320
415560506439909376
415206943968743424
415195996671709184
415139051399045120
415138857878028288
414729761936904192
414642267467816960
414416206113046529
414415946972164096
413144500790652928
412191756974059520
412164684213944320
411884165324607488
411852089908666368
411779250623369216
411542266298523648
410864910261059585
410470145178759170
410416750812213248
410121642493628417
409090050295881728
407977922340069376
407977699484114944
407599796929970177
407564417770192896
407116931087757312
407114142152413184
407113343770828800
407113043706138624
407107778239811584
407107279142789120
407105506634108928
407103740546936832
406737440909852672
406736786644545537
406137398687694848
406137149902561280
405808309049253888
401557283983065088
401557257902886912
399943494942597120
398561109122113536
396906150215827456
396905802583506944
396022431313571840
395256745586851840
395256230790590464
394225163493195776
394070126376783872
394069366108852224
391661055405228032
391332741289361408
391332707747500032
391332688881541120
391332658678341632
391332641091641344
390215996147261440
389680599914782720
387971711448383490
387656203108880384
387001877113864192
386561054735884288
385846686704476161
385846493305139200
385267654736748544
384803544186257408
384401202106363904
384309073656958976
384308691723624448
383364743664119808
383364268332023808
382101145763577856
380050149428715520
379659815179804672
378238377524756480
378234104938246144
377525623994220544
376639032622870528
375292211493339136
373996223516397568
373512447417925632
369561372473831424
367652057366679552
366307560090906624
366307143340654592
365397127939112960
365029238912454656
363363421015662592
357978801608728576
357977983732445184
357977349033189376
355347740529659904
355304841792348160
355304503068725249
355136686306496513
