836028241194295296
835933744234172420
835267492960325633
834906770065612805
834885913230446592
830953347981021185
830870447369564161
830858196013060097
830858054119796737
827225242657361920
826926610498490368
824034797244686336
824034664742408192
823941105032933376
823917959621976064
823911860739018752
823911024973598722
823910500689801216
823908403953053697
819589886965485568
819322276671721472
818336806076719104
818308834473046021
818294816433840128
818282196150517760
818282127552692227
818266673534771200
818253646332772352
817415766131752960
817085035438219265
817068048741855232
816829471764295680
816750002676469760
815377295292571649
813482605303590914
813076953552953344
812708499700535296
812385402426257408
812342130144374784
812024558970695680
811738613285351424
811304270649663488
810898437377966080
810530076613709824
810485008490106881
810167702937485316
810167697438687233
810160663607836672
809911386729910272
809805315734532097
809518608032243712
809442996156596224
809202199108554752
809201191485931520
809172882936864769
809100777918701568
809076250375585792
809067557206380544
809066349179699200
809064693843128320
809062617662701568
808856843577487360
808856302445150208
808856035737776129
808855246747275264
808855085887295488
808854493429264384
808849050002825216
808782412444409856
808739078967435264
808514519664185344
808477812503900160
808446975028838407
808416144797220864
808394663656701952
808393616464850944
808355754004520960
808333885608034304
808333273004806144
808332447058305024
808325144049422338
808324777798615044
808324519605596161
808324312952238080
808323701930233856
808321965530353664
808318011039838209
808317852402872320
808317381789396992
808138861909942272
808138841315950592
808138448678699008
807993406177808384
807630967816867842
807398861463437312
807329000804622336
807288599200661507
807009808234725377
806906227519197187
806543854828560384
806181435275034624
805904673869824000
805842705091739648
805819052958564352
805456644645621760
805149296651739136
805094278582059009
804731936472203264
804718125748985856
804464214819471360
804463601914253312
804369566088523776
804119515730542592
804115365869535234
804007157477888000
803739840684490753
803726454856916992
803720436676632576
803656288341106688
803641816587190272
803375204802199556
803299903363391488
802919925866065920
802195152827650048
801832781718245376
801470387347341313
801142522017763328
799760499357274112
799682674382123008
798583735897571328
798226407172276225
796853315053096961
796759384609161216
795667246093922304
795419491903488000
794275641273286661
794241592773189633
794208881283133440
793960420688003072
793551328756633600
793231679083065344
793138518595731458
793135652229353472
791332563189051392
790699981292187648
789529368150151169
788112488059445248
788058201698598912
785931179258028032
784841326839803904
775724916133900292
771020632968470528
769214318873341957
768892451293581312
768624538405875713
768611784194269184
768611514592825344
768129413149962241
767814253701050369
766429765515423744
766318410032484352
765954429673615360
765898856420610049
765584903689809920
765369009206235136
765322594123853825
765225671664676864
765024602288304129
765024423850020864
764912749839130624
764900222879141888
764870557229658112
764870526648975360
764870476736847873
764870399205138433
764870281567477760
764870247581044737
764600166431064065
764552822209720320
764492264231940097
764478615652143105
764477430446772224
764477402177081344
764477180604669957
764477017735573506
764476799602479105
764451603009064960
764277863566630914
764230079803039744
764230038782824449
764229949259550721
764222384912027648
764214619594371075
764214482092511232
764180615956602880
764178291947220992
764178275924975617
764176227284332544
764143880979615744
764135637846982656
764099606275686401
763918220117979138
763883584750956545
763859909322473472
763849045903183873
763849005914730497
763842614550343680
763838467369349120
763786799961354241
763554760670580736
763523799513915392
763495556186451968
763482685633208320
763450648763392000
763439282077839360
763434479029399553
763432735163637760
763432520901795840
763432478296027137
763414676927426560
763186276971388928
763186261041348608
763186243786027008
763185018843701248
763155937481797632
763150861832818688
763131915561934848
763131470995042305
763131121483722752
763129516516487170
763129471830339584
763103992926699521
763071751857197057
763048435666653184
762860058296279041
762842971108552705
762842907514540037
762842829945135105
762816538365702144
762797205224697856
762797079508856832
762796972877066241
762784923191087105
762720440498257920
762320328798253059
762312095006269442
762311349615464448
762063850438963200
762021617111212032
761989561593372672
761984472661135360
761960311716884480
761960212978806784
761958625459920896
761958573844815872
761958525442494464
761956643340857344
761956570561261568
761743710157627392
761722988060258305
761694892145856512
761689063204065280
761642761279778816
761615686141480960
761615591274713088
761615493719429120
761615295496589312
761615241763368960
761615061085401090
761368650456498176
761320877333983232
761275562237329408
760981878211960832
760637523034988544
760626596675846144
760143116909223936
759418327600996352
759055940666597376
758469983315726336
758348778516549633
758339359057678336
757944147701407744
757944032664231936
757943876933996544
757943760508506113
757751879682043905
757695857558900737
756243822867197952
755069691349958656
754054290000392192
753996099006844928
753651213212581889
753651130077327360
753472175449870336
753471956293332992
753471736088186880
753273023826763778
752672878458351616
752626469193396224
751130642134343680
748284691929698304
747873233873973249
747832380358955009
746020664419594240
745755546125377536
744940476768235520
743136908000145408
743136778752659456
743136552180551680
742763198168731648
740587192007827456
738770489363947520
737687900007981056
736260493073993728
735640638851420161
734892773116129280
729811827803070464
728721614150324224
726131494104621056
725398937817911296
725353966658187264
725323892714131457
723556782421856256
