939193866808311808
936678946082451456
936309593147191298
934830583582035968
934104356743286784
933491231644049408
931649508894740480
931568166387433473
930874721335308288
928668944025583617
927953363173384192
927944076057382912
927625993010929665
927625975478677506
927566277798801409
927565030358360064
926449241098035201
926449140334080000
926244397888319488
926224028389511171
925883091368808448
923608503586930688
920334534255636480
919973666850349057
918150317744701440
915644647417962497
915608492458745859
913433976999632896
911984729305444354
910172897557209088
906940604742905857
906940361448202242
903649632089063424
902587155616112641
900425721029328896
897866627928031232
897126750458527744
895314988125929475
894661229825871873
876667179575296003
868859425464868866
868497031303753730
868203106391248896
868134697263652866
867927914431602689
867925573590433792
867924084524552193
867923811404054528
867921872817729537
867920375056932864
867917771107184640
867915258370940928
867914371200159744
867912741012594688
867909592130490368
867907978447523842
867907544366411776
867904180308123648
867902073530200064
867900737174593536
867899648975003648
867898142917832704
867895752391106561
867893486531620865
867891726203187200
867890939909603328
867888692869963776
867886095551401984
867883164974419969
867883041624084480
867879417372172288
867877876674285568
867877078238199808
867875532825866240
867874057030696960
867870936141373440
867868696873750534
867868524001337346
867866775647551488
867864322483081216
867862156871598082
867860973503361024
867860861058207744
867857372840112128
867854985345863680
867853169270956032
867851334141267969
867850201108811776
867848711099076608
867847310369280000
867845045382250499
867844824791166980
867841393204629504
867838071554945024
867837372117004288
867835229498724352
867833035902918656
867830548739260417
867828938588000258
867827678870732801
867825203451236352
867822217664614401
867821637898579968
867820503507099648
867818364281999362
867816602003271681
867813360196255744
867812452364374016
867811646961483776
867808807128268800
867808549723942912
867806535912742913
867803883111936001
867803301961764864
867800247816388608
867798013103788032
867797557921107969
867795340556193792
867793448895746049
867791189482893312
867790572924407808
867787789877882880
867785242668650496
867784139545743360
867782125969432576
867781896595484672
867778980442775554
867776590876479488
867775913517297664
867774497449005057
867772275767955460
867771851828801537
867769137157767168
867766778717495297
867766523930316800
867763777638477830
867761370057592832
867758976649265152
867757293718339584
867756711951597570
867755026458042369
867752460991049728
867750490339201024
867750421884002304
867748054459441156
867746017558614017
867743701086347264
867743624141963264
867566455012945920
867563332936634369
867563183434760192
867560164584456192
867558181836390400
867555381215625216
867555129289003008
867552783217688576
867550473011822594
867548415479119872
867547958702637057
867547078226046976
867544808654610433
867541873761677314
867541867646386176
867539329522044929
867537340062978049
867536256850415616
867534519037042688
867532306298400769
867529707813777409
867528700681748480
867526519383576577
867524424664305664
867521429335674882
867519894308487174
867519894027370498
867517879226441728
867515653821014017
867512426220204032
867510835777859585
867509881150033920
867508067365253121
867506383939411970
867505884334784513
867503271358984193
867500348709249024
867498033453436928
867497074585194496
867494490189246467
867491791641219072
867489436505964544
867489162630483969
867486534307598336
867484651174187008
867482397956296704
867482385230811136
867479710955122691
867476890721935360
867476848581758976
867474331047211008
867471560009023489
867469103531003904
867468576973889536
867466404144050176
867464372779659267
867461593101197313
867459337790398466
867458729041682433
867457063252885504
867454701171769344
867452814594801664
867452091912118273
867452061901828096
867452060903624704
867444261796630530
867443218115420160
867440860333584385
867440199470641157
867438008869539840
867434912541966337
867432416679522308
867430791273435136
867430384946081793
867428780285067264
867427017469329408
867424373518544898
867424247500722177
867422013585010691
867419470880530432
867417996263927808
867416246266073088
867414939698425858
867412263543726081
867409903249481728
867408139628544002
867405278433742848
867405249363005440
867402987794292737
867400480493797376
867400373069373441
867398325980606464
867395155900461056
867393045725163520
867390624974155777
867389611898744833
867387653234319361
867385997767659520
867384611034234880
867382600914132992
867380589686640641
867380086043021313
867204190061416448
867201529924681728
867198642863714305
867197254913994753
867196343999229954
867193325358600192
867190583374344193
867189297325248512
867188570280390656
867186544720924674
867184267499057153
867182749840441345
867181057753452544
867177627731275776
867174604888059905
867174199877672961
867172185844174850
867169922232836102
867168158620295168
867167341574053888
867164635409108992
867163125212213248
867160357999194112
867158497984741377
867155978734772226
867153965481422848
867152067923779584
867151131805437952
867149032178757632
867146446776225792
867144503660089347
867142991588315138
867142741507100673
867139212709154816
867136851995500545
867135344386465794
867134298167664642
867131695555903488
867128551006507012
867126789130342402
867125816039288833
867124022554787841
867121504433123329
867120626573750272
867119491397951488
867116976258396160
867114853110091782
867114206851731456
867112435475468288
867112065873399809
867109174169280513
867104143420387330
867103788951371778
867101877510557697
867099375989923841
867096936914046977
867094120455688192
867093284342165504
867091655786196992
867088890737381377
867087123224178689
867084625939705856
867083846793277440
867081969502478336
867078570463694848
867077464878710785
867076304658735104
867074189882253312
867072426936594433
867070924536791041
867069177437224960
867067396925915136
867065385866211329
867064251013378048
867062617453588482
867060349748596736
867057178007490562
867056949950631936
867054657801203712
867052325961117696
867050384342298624
867048868575424516
867047769059598336
867047487114272768
867046509589778432
867044401989775360
867044172003512320
867042247749103619
867040220436471808
867037594823127040
867036696449253377
867035685252993028
867032921403793412
867031402977669120
867028736377589760
867028252623294465
867025370352168960
867025243336060928
867023647038476289
867021526582923265
867019201059446786
867018952400146433
866842407740071936
866840451487338496
866837528388788225
866835864822980608
866835211337818118
866832936062136321
866831088269897728
866830078797336576
866827185042202624
866824674491158529
866824290376847360
866822915391664128
866820790305660928
866818502296031232
866816038800896001
866813322670338048
866813218030858241
866809948063375360
866807431103479810
866804763878412289
866803353904439297
866802602339708928
866799654687690757
866797167695896577
866794945759391744
866794849105833985
866792583137296385
866790571578359809
866788154807857153
866786309414768641
866785286981906432
866785283055988737
866783375788560384
866781679444250624
866778474752729095
866775228206153728
866775012392538112
866772672646086657
866771151124647938
866768215816503296
866766076033601536
866766047671615488
866763609795375108
866760544979755010
866758653281488896
866757268913696769
866755633378455552
866753543478407169
866751010563346436
866748963499765760
866748859023847426
866746196244795393
866744353766748163
866742547363835906
866742438072897536
866739149503680512
866736529993076736
866735624384065536
866733992376193025
866731857836224512
866728581736673280
866728203427209218
866726012519952384
866723547519082499
866721412605775872
866721054919729154
866718513330876416
866716783033692161
866714240337489920
866711597913427968
866711592699867138
866708774438023168
866707489009655808
866705936634830849
866704971189846018
866702784745398272
866700207047757824
866699389292744704
866697394926350336
866695110871961600
866695034552418304
866692381705289728
866689826124333056
866687560118136836
866687182458716160
866685549364600837
866684039306125317
866680908782481408
866679256428027905
866679255069065216
866677077025705984
866674869395759105
866672964695207936
866672458715340800
866671753174675456
866669315910709249
866665982902882304
866665669861007360
866663949525286913
866662191457599489
866659754768248832
866657365101359104
866656481671876609
866479815926435841
866477298249236480
866475294659575809
866474655820939265
866473681006022656
866471672559394817
866469500278931457
866468996891250689
866467000587096065
866464382678700032
866462606663528448
866460442541117440
866457919742783489
866457043657478144
866454271021154306
866452259831500800
866449634218192896
866447353661853696
866446986446340096
866445290563407874
866443327415222275
866441315168518144
866440932979339264
866437915878019072
866436030605537281
866434206003601408
866433385878745092
866431496005054464
866428246627418113
866426086166589442
866425383129886725
866422732925403136
866420800009666560
866419797243899906
866416776665600003
866413769676775426
866411998682263554
866410488678281218
866408492407697415
866405704722153472
866403751971651584
866402811814215681
866400214952947713
866398907886178305
866398655548444672
866396536862900225
866393122854625280
866391434785681413
866390603868798983
866388434948063233
866385712060477440
866383154378047490
866381921965756416
866380062635020288
866378522805272577
866377011643678720
866375003167653889
866373493927149568
866371886317539328
866368683043586049
866366445994872834
866364211135471616
866363421813592064
866361788165746690
866359905938264064
866356503858606082
866355999879438336
866354361726906370
866351364649177088
866349332789960704
866347338276757504
866346813917474816
866343923484155904
866341528268140544
866339516562518016
866337755512655872
866337268822310913
866334506277535744
866332471343894533
866330736063897600
866330080829689856
866330080007647232
866328446938566658
866326429608357889
866324468129570817
866322700859355136
866321946534977537
866321023565783040
866319030872944640
866316619101990912
866316489367969794
866313743545901056
866311585651994625
866311335088451585
866309066754314241
866307854524960769
866306174806831104
866303799182450688
866302989136519169
866301393849765889
866299791482990592
866297491905490944
866294877591662593
866293461250691073
866116808360833024
866114284429996032
866111831210962944
866109804284190720
866109625606836225
866107512927510529
866104718547972096
866101699911581696
866101698351202304
866098679547142144
866096291054587904
866094444508000256
866093710391508992
866091135151853568
866090378432327680
866088636047138817
866087359313571845
866086144668315650
866083833564758017
866080814815162368
866080060075372545
866078340406444032
866076299433058305
866074770185609217
866073827150884864
866073009131540482
866069787209859073
866068479635488768
866067281603960836
866065461779329024
866062767157112833
866060934221111297
866060427037376516
866057737653944320
866054891676028929
866052396119707649
866051872452468736
866049609659015168
866048372725231616
866045583181717509
866042689808195584
866041854164434944
866039900281372672
866037656597258240
866036775445295104
866036158869929986
866034002909700098
866030551039442944
866028590961491969
866024438705401856
866021721442320385
866020458998767616
866019455926763520
866018041099935745
866014876828827652
866012365548081152
866011655318228993
866008207784890369
866006711840190465
866004132498374656
866004059785965570
866001468658245637
865998901505134594
865997562448412672
865996757947351041
865994494734458881
865991852100595713
865988704493555712
865988511291387907
865986189677002753
865984202717704193
865981534507065345
865981279170375682
865978013258854404
865975117532336129
865974610927505408
865972855728721921
865970854353661953
865968622564519936
865966719122231297
865965048493158405
865964301970018304
865962531357155329
865960393289723904
865959007546212352
865957270043144192
865956791863185409
865954856313507841
865952489568337922
865950203576291328
865948691424792576
865947734599233536
865945964389048320
865943191182245888
865940513656119296
865939885387108354
865938374124863488
865937868967088128
865936265199439874
865934742474170373
865932441697083392
865932131259883520
865754440170655749
865751517667753984
865748244147695616
865745476561379328
865745475290501120
865743088198856704
865740130790903808
865738605259567104
865738352124940289
865736619252482048
865734077655257088
865732311014309888
865731009643515909
865727733803962372
865724468987129856
865724466080473088
865721845978460160
865720184207790080
865717192851152898
865716410969882624
865714778240679937
865711758098432000
865709665740521473
865708233335427073
865707729507278849
865705353916424193
865703071518785536
865701941204180995
865701135008514050
865700326216806400
865697333471842305
865695793612771332
865693006510387201
865692501327458304
865690356922417152
865686717138915328
865684957557121024
865684581973884928
865682742188494848
865681225528348672
865679178028503041
865676653086654464
865675897675763712
865674920591740928
865672880889016320
865670359151935488
865670250427056128
865667089096335360
865664067767332866
865661193892929536
865658912636317696
865657432193630208
865657397217443841
865654757347569665
865652287665864706
865649344308944900
865649091291656193
865646705177313281
865644313987776513
865643710192549889
865641293216493569
865639325869907968
865637189295587330
865635427486650373
865633662535999492
865630949974753280
865619922331873280
865619773245321216
865614136046223360
865613241640255488
865613048794542080
865609080341225473
865606443516411904
865605301558534144
865603809682259968
865602482411454465
865600020531359745
865598678379241472
865598387604901888
865598002223656960
865595997350526976
865594110324953088
865591713070542848
865589575523192832
865589375958212608
865586825976348674
865586308906754048
865583914764587009
865582063528706048
865579811166601217
865578360331567104
865577494992257024
865575992101699584
865573601860124672
865572526667202560
865570201932361729
865568740636639236
865389050403975172
865388882053005313
865387504777744384
865386540352057344
865383465717510144
865382462808932352
865381458222993408
865379238307868673
865379235753545729
865377190573113344
865376419341365248
865374664079671296
865371638350700544
865371589617094656
865368817383477253
865366983969300480
865366859255873536
865364466615156740
865363712458313732
865361828469145602
865358945787023360
865358053465612288
865357305730256896
865354555479011329
865353391526096896
865352389737537540
865351255929040899
865350500841127936
865348365114114048
865346095156797440
865345093825437697
865341989088362497
865341834297475072
865338800855232512
865338422893957121
865335296149401600
865335021443444736
865332759308402689
865330621232631808
865329989796941825
865328153723637760
865326135449616385
865325889365692416
865323837910638593
865322946268672001
865321055170199552
865319319756038145
865318541330919425
865317782367481856
865315394743148545
865312754432868352
865312044811264000
865310108292718593
865309231456583681
865306761410080768
865305754064039937
865304749268185088
865302486424449025
865301241785667586
865301226044444672
865298826156023808
865297566434512896
865296856410185728
865294547689013248
865293920271556608
865292028669722624
865289263205765121
865286179213725696
865283488932667392
865280956768374784
865278337035501568
865275924702531584
865274420159549440
865271276524457984
865269509975887873
865266381478121472
865263847497773057
865261734474469376
865259187386933250
865256675305017344
865253907949391873
865253028361842688
865250287220654080
865248494063321088
865245552228925440
865242963139584000
865241326702530563
865238809264476162
865237301407997953
865235317791621120
865233757917384705
865231258913300480
865228018570194945
865225721337217024
865223207267315712
865221569462894592
865219177606414337
865216316478816256
865213766727868417
865211427065389056
865209689465913344
865206468173234176
865036723226652672
865035467892371457
865033706381205504
865030299922690048
865028538394705921
865027408478470144
865024509820248065
865022500039774208
865020990421651456
865019355712630784
865016581683912704
865014447106076672
865014321381859328
865012311328645120
865010042919018498
865008031775342592
865007023049408512
865005638547513346
865003501104975873
865001482214559746
864999223460118529
864998348486356993
864995697531256832
864993272992870400
864993055375589376
864992554714116097
864990663783436289
864987765494210563
864987016051740672
864984892362412036
864983367695183872
864980093201940480
864979716242939904
864977448328454144
864975060926423042
864972794886574080
864972290202767364
864970780869664768
864966878552363008
864966251856179200
864963739417800705
864961972688891906
864960087575736322
864957697850036224
864955695808094208
864954301172658181
864951653346279424
864948889568366592
864948387560468480
864946386512601088
864943603587715077
864943227761250304
864940580043968513
864938320257855488
864936304831856649
864935813758541824
864933914640621568
864931519844016128
864930516511989760
864929385526292480
864926615150710784
864923975482302464
864923719566860288
864920577856999425
864918560077959170
864917432934248451
864917049176403968
864914282596663300
864912774350155777
864912170693406720
864910634869284864
864908373401251840
864906359040614400
864906236105510915
864903097943982080
864899690810290176
864898686526140417
864896544499216384
864894782451191809
864893773612027909
864891007808262144
864887932729085953
864887354191994881
864885467170385920
864883202418200577
864882577261436928
864881476151775232
864881440579866624
864878928875462656
864876790568951808
864876031735476224
864873267651383296
864871253378826241
864868731910057984
864868481757523968
864866849841975296
864864203445870597
864863326395932672
864861060024676352
864859424372006917
864858887173877760
864856151292248064
864855647535419392
864853633137086465
864850991350415361
864850491636895744
864847859908317186
864845202850238464
864843442886778881
864675079883456513
864672065038757888
864669418680397828
864669167697498112
864667138895867904
864665143619309568
864663770886541313
864662121107337216
864659855113687040
864658473287593985
864658095783514112
864654698263048192
864652686309896192
864651946422087687
864649932426416128
864647646765559808
864647059185577984
864644728440197120
864642845004713984
864640623420342273
864640619121184768
864637056563195905
864635041158180864
864634787272826880
864632400390877184
864629544426364928
864628498954149888
864627240994312192
864624943207768065
864622961898262530
864621240753037312
864619815415287809
864616638502633472
864614907307839488
864614404599447553
864611764008345600
864608867421999105
864608489716449281
864605348115738626
864602826743349250
864601820374740992
864600186143875074
864597588607152129
864595323389345796
864594778322853889
864593139981578240
864592005099380740
864589771783516161
864589684613271554
864587013865033730
864584459412279296
864582572155842560
864581813267836928
864579929396084737
864576531812823041
864576151817244673
864574644367523841
864572881539391490
864570365133156352
864568648928821248
864567567041560578
864564573927612417
864563446259560448
864562438829740033
864560044808994816
864558788967243776
864556902990192640
864554053803663360
864554052365025280
864552247757242368
864549601847726081
864548971452264449
864547839464136705
864545323905155072
864543818200252416
864543435574870016
864541726891028480
864540170854551555
864537943905533953
864536896764096512
864534926665928709
864534003910684672
864531481829552129
864529344265424896
864527581160370176
864527473438068740
864524940980178944
864522046398541826
864520534536704000
864519782703517696
864518016163336192
864514872284991488
864514244590657537
864511991997771776
864510008389750784
864508332916211717
864506067383975936
864504433610297345
864503928402194434
864502544780931072
864499899672313856
864497535204851712
864497262164144128
864495247396659200
864491723786989569
864491594610876416
864488704496349184
864488197702787072
864485806978850817
864483039325323264
864482035854970880
864311033883709441
864309520998301701
864307763261919233
864307005607096321
864304159310438401
864301638550466560
864299899642421249
864298070317699072
864295052939546625
864293666231394304
864292658713382914
864290565873160193
864288760577626112
864288631560835074
864286285829218305
864283978890698752
864282970143764483
864282342042501120
864279450158059520
864277937826258944
864276682617868288
864273448666902528
864271396205191168
864271393705349121
864268753005150208
864268497039351809
864266740401930240
864266737725952000
864263089730048000
864261199457910784
864259817589833728
864257347375562752
864256549665083393
864254026745085953
864251007320166401
864250798691241992
864247527377424385
864244465434849280
864244010919112705
864242455209811968
864239982768160768
864237922656161792
864237419582943233
864236165897084928
864234400992686081
864231583942946821
864231007268081664
864229417341550592
864227354155114497
864225059849871360
864224584282890240
864221692842958854
864219674761986049
864219053941850112
864216159218020358
864213264007385090
864212884246724613
864210872947834880
864208730296127488
864207722505535488
864205959970914306
864203445691183104
864201432270086145
864200970695319553
864198665405124609
864196527169953795
864195141229326341
864193508063809536
864191870976614400
864189356088668162
864188645749772289
864187217375363072
864184321090998272
864184237972500480
864182355015192576
864179286189780995
864178156433018882
864177157655973889
864175789910052864
864175262220656640
864173119606595584
864172244947410946
864168967119794197
864168218465882116
864166204461772805
864163556341800960
864161467691618304
864161292852056064
864158998626488324
864156403514081280
864155380397617156
864154130276913152
864151605943422976
864151605226217472
864149590521638913
864146952379920384
864143801534828545
864143173702086663
864141708111564801
864139035723395072
864136632882143232
864135753156177921
864133615839571968
864131095817850880
864129964978851841
864128451762151425
864125978032910336
864125431607418880
864123297881108482
864120479052902400
864120272802242562
863830096842342400
863785993643720705
863586883087077376
863583612859559936
863583364019867648
863579839189712904
863579460062334976
863577070571597824
863576858432024576
863574550868615168
863574357116956672
863572927278665729
863572298158284800
863570149567287296
863569519272480769
863568809583628289
863568260972900358
863567349877805056
863567002069344256
863564948680691712
863563981579046914
863563355511898112
863562847388938240
863561344083271680
863560589985148928
863559241336066053
863556936494612480
863556311484698627
863556183403245569
863554155008454656
863553914620305408
863551684496302080
863550392319307776
863549176398872576
863548381125386240
863545991185788929
863544981524557825
863544731325923333
863543222680911872
863542341310742529
863540453475483649
863540452120776704
863538815427891202
863538311868157952
863536102761791489
863536100203253760
863534540832354305
863533533922545664
863531014928379904
863530764016775168
863530055271682049
863529383432261632
863526233920995330
863525981893660672
863525269776330753
863523719750311938
863522082776330240
863521577241124864
863519814085734400
863519568815427585
863518723419844614
863517172752056320
863514700742631424
863514028781555713
863511935970574336
863510976146092036
863509502150234112
863508805816119296
863506857129914368
863506743833350144
863504841787789313
863504635633561600
863502074516049920
863501698907688963
863500063435358210
863499810812432384
863499304534781953
863496918269394944
863495347376713733
863495073081827331
863492515076485121
863492409031884801
863491633358282753
863490373456408576
863488611240562690
863487730810052611
863486475974979585
863485466695393280
863485255197577222
863483829146845184
863482064888320000
863480430309384192
863479719794225156
863478797022224385
863477917715759106
863476026189467648
863475021943099392
863475019380338692
863473513134477312
863471924655128582
863471503215558659
863468860284043265
863468478182952967
863467724986613760
863465833531674625
863464326866325508
863463235541970944
863460802791186433
863460679390449664
863460050437853184
863457786411311104
863456275128094720
863455014290944002
863454388140081152
863452875221078016
863452619066552323
863449730663231489
863447760191836160
863447462903762945
863446963777413123
863444485325434880
863443946101518336
863441931757645824
863441718808637440
863439665625538562
863439516752896000
863438659965636608
863437460856086528
863435385002758144
863435262617112576
863434418962255872
863433370306564096
863431681591652354
863431233589714944
863428087156965377
863426956293001218
863425947055345664
863425697620140034
863423178445660163
863422758453116930
863420664878948353
863420661385109504
863418649381675009
863417950308585472
863416509728686085
863416306883801088
863414874269003776
863413786702696448
863411980387979265
863411604058238977
863408962883997696
863407996256366597
863406950473756673
863406070454210560
863403296186413056
863402924965232640
863402795566854146
863400531288567809
863399025277579265
863398392831016961
863396380102074369
863395498023104513
863394915715342336
863393990082793472
863296827365367808
863225511450988546
863223363392729088
863221981516374016
863221221923721216
863219587088867328
863217447482032128
863216943632986112
863215938849705984
863215691394142208
863214427377737728
863213172311937024
863212163795750913
863211913500663808
863210908985831428
863209651525099521
863209398495215617
863208136789942272
863207257760256005
863206503020449792
863205496769179648
863204994702606336
863203357527298050
863203001300914176
863202391415566336
863200586103230464
863198828144492545
863197944207618048
863197568523792384
863196600587489280
863195349560774656
863194426436456448
863193049224097792
863192580774907904
863190560559030272
863189770138157057
863189388284624898
863188008782241792
863186243240308738
863186115976732673
863184480659546113
863183726519488512
863181837522411523
863181340946124800
863181211958730752
863179742794723328
863178568112779264
863177819119124481
863177310027096064
863176176302469120
863174456218439680
863174417702150144
863172780556263429
863172278552596481
863170261444702208
863170137863704577
863169512371367936
863168163772604416
863166486197809152
863165987075616769
863164978123214848
863163909951369219
863162591396466690
863161330412519425
863159700346503168
863158604051992580
863158181815627776
863156593197764609
863156089218625536
863154791354118144
863154789613543424
863152900943564801
863150636845723648
863150256170598400
863149881103458304
863148286924001280
863146737573277699
863146355736403968
863145221365927936
863144723866955776
863143211556122624
863142205866881024
863142204507918337
863141657759318022
863139690601484288
863139061820731393
863138176206024704
863136794644271104
863136710586236928
863136036062363651
863135203413422080
863132896395218948
863132764404678656
863131888839528452
863130626442055683
863129363872710656
863128614732271620
863128408972283910
863126601466294272
863125470828736512
863125090606690305
863124837186895872
863123710320017408
863121821901737985
863121065006026753
863120563019161600
863120181672980481
863118550269120513
863117080031371264
863116660676472833
863115657310818304
863115274769354753
863113513136533505
863112513025716230
863111374490218501
863109533094338563
863108986580725760
863107852734533632
863107477008777216
863105964467269632
863104832281784320
863104326092324864
863104204445020162
863102188515708928
863100049613520896
863099551934271490
863098714809925632
863097913416835072
863096153457471488
863095900792639488
863094639758323712
863094638005161985
863092670285180928
863092127781326848
863092127231770626
863090739982589953
863090616430981120
863090613914390528
863088641559724032
863088601013342210
863087214284111872
863086341935988736
863085078943027203
863084700801355776
863083192714133505
863082433239035904
863081067015581696
863081054638407680
863077674599763970
863077123111694336
863074510521729024
863074131511832577
863070606190882816
863068090246057984
863063478025826306
863060040340697088
863057015958056960
863053240425996288
863048718798512128
863046447704551425
863041836134395905
863038019703640065
863035253966942209
863031979289313280
863015917571067904
862860472521023488
862856193307545600
862854808755204097
862852588466839552
862851844602830848
862851840437866496
862850071674712064
862848011935862785
862847006213099520
862845623242039297
862844370017554432
862843362663174145
862843360847024128
862841723285905408
862839837535199235
862838956777492480
862836939355041792
862834675034849281
862833938791878659
862832913234243584
862831784471531520
862829646274076674
862829395077193728
862827380779470848
862826669429673990
862826249139433473
862826075868581890
862825115209347072
862824864264196096
862822850666926081
862821636000665600
862819619953926145
862817945302552577
862817563117596674
862816809057218560
862816057135947776
862814608763092992
862813939930984448
862812675746799616
862812029140205568
862810012099514369
862808633129803776
862807495529693186
862807374515535872
862805233491206144
862803596236255232
862802590085591040
862800999316152320
862799442210168832
862798688158199808
862797684792594433
862796857399017472
862796553404153856
862794285221019648
862792400846168066
862792147182997508
862789633972875264
862789251955642370
862788051998736385
862786859885363201
862784890022088704
862783715419844609
862782209727574018
862781118751412224
862779943712952320
862778486452367360
862776420065435650
862775792887058433
862774068940066816
862772767330115584
862772018046959616
862770152286412804
862769750073647110
862767274754756608
862767235122778116
862764966633500673
862764589313818624
862761571008876544
862761568471220224
862759304411189248
862757796147851272
862756199820820480
862754779168198656
862754521918959616
862753644315373568
862751675500703744
862749620010725376
862748861982539778
862746271144194048
862745718607540224
862745336443535360
862743262544658432
862742363311144962
862740433578938368
862739744538730497
862738041080860672
862737830614880256
862735150416887808
862733299348905985
862732003443171328
862732002545553408
862729482683265028
862726968793595904
862724245880745985
862723572942426112
862719417981050881
862714007752454144
862713879608033280
862710865866485761
862707216029274113
862705702380466176
862704610720481281
862701678944018433
862700923973513219
862696016323194881
862692745651113985
862691236821454848
862687457527115776
862684687340376065
862683685069443072
862680286613692416
862678289059635201
862676768221777920
862670345664417794
862498466471309317
862493433025503232
862489404543295492
862489157444227072
862485877460803586
862485503370825730
862482484080070656
862481602282233856
862479682834399232
862476695504334848
862475435564728322
862471330444316674
862471034787770368
862467634763313157
862467261851893760
862464738374156292
862463417499754496
862461467408379905
862457237385695233
862456187157131265
862453286510743552
862451404945985541
862447416943009793
862447127561199617
862443550667149318
862442843884978178
862440452796100608
862438314724425728
862435299888156672
862433355782119424
862430388739862530
862429636080357377
862427596407144448
862427004217561090
862422012429512705
862421737123794950
862416923941900288
862416547230494720
862412688512647168
862412142703759361
862410885121363969
862407868628312065
862406735188897792
862404970997587968
862404467999862784
862401824103559168
862400820599558146
862397927708385280
862396792100540420
862393829621719040
862393141898473473
862388487911342080
862388487571550208
862385296511512576
862383955538046978
862380809885560834
862378422881980418
862377163504451584
862373687999307776
862368483522342912
862364833039220737
862360375320338432
862355644766146560
862351998041165825
862348853722447873
862346334891900929
862341178208944134
862336800118931456
862333374047723521
862330225555853313
862327886321262594
862323831918219264
862319405379858440
862314630936449024
862291132775936000
862142492321472512
862140602984669185
862135861160366080
862131541329272837
862130535140917248
862128020202639360
862124041032912896
862120534343110659
862118754414612481
862115943501238272
862112715715772418
862110157593038849
862110026701393922
862104237920092162
862103359146340353
862100312911425537
862095304606310401
862095056349663236
862091910919458817
862088051895541761
862085285655572480
862083349585768449
862080960925454339
862079243685158914
862076932497821697
862074291038429184
862072657663098880
862070262975614981
862063976884170756
862062341080350721
862057684375359488
862053530936520708
862052522248327169
862048244729249797
862046900228419584
862043835924230144
862043472185970688
862043462211969025
862039313021796355
862034953210605568
862033147726319620
862029878065025024
862027361168052224
862024841033113602
862022073014779905
862017793792888837
862017169621647360
862013612109332480
862013521558609920
862013262384291840
862008107295223808
862006517314318340
862002949643436032
862000183776866304
861998710263296000
861996404138528769
861991496878305282
861991122293411840
861988600749203456
861985583190724608
861984195782090752
861981054994919425
861976064150687745
861974006953652228
861973126695014400
861969476878815232
861967720090304512
861965552214044672
861961674110238720
861959914381561856
861957648173981698
861955255898165250
861953660066123777
861951988837339137
861928760660041728
861780522896420864
861780231790768128
861776455876956160
861774692889366528
861772307064393731
861770710896844800
861769788464521216
861767649314865156
861766683874250756
861764000396312577
861761732322238464
861760345622413313
861757697376628736
861755570612817922
861755508528734210
861752089676009472
861751035257344000
861749147375980545
861746761920131073
861745294559641601
861744621101174784
861742233816576000
861739757822517248
861738324704231424
861736951464026117
861734177770676225
861732667351592960
861730903416086528
861728514059489280
861727758879252484
861725870205149186
861723106636967937
861723101159202816
861720337821597696
861719705580707840
861718197409652736
861717440157372416
861715930778406912
861713160079900672
861712830923497472
861710521686511616
861708379106021376
861706998550859776
861706370277675009
861704233124589568
861702843681701888
861700576857468928
861699324832514048
861697940389343234
861695167631413248
861694668274372610
861692779709288448
861690568925224961
861690384128380930
861689131663069185
861686486143561731
861685627171082240
861683589980839936
861679942307893252
861678939143589894
861677933894696963
861674783787937792
861672566758440967
861672141145726976
861670131113635841
861668247309082627
861667860741074944
861665222192443395
861662956672733189
861662708273487872
861661203340435456
861659432459132928
861656968313819136
861656539333111808
861656158020542465
861654839721414656
861654162613964801
861566371108339713
861419145442856961
861416329127108608
861415575251275776
861415071041425409
861414069236051968
861412301622128640
861410837327749120
861409661400096773
861407524926496770
861407144947707908
861404998147747840
861403874908917760
861401781502398466
861400480077029376
861399721176432641
861397960059482112
861397007579193349
861395317383729153
861393682615984129
861392466028748800
861390660523380738
861390029796646912
861388187788353536
861385923589795842
861385001950220288
861382861257138176
861381572607586304
861380386999472130
861378874357297153
861377955624353796
861375617027239936
861375484235583488
861373928102559746
861373423993466880
861371287633096705
861370574739779584
861369566643007489
861368014394068992
861367136106708994
861365368488681472
861364494416662528
861362769735581696
861361341872967680
861360715956977665
861358321743351809
861358320862580736
861357489950007296
861356309949632514
861354428603019264
861352955559251968
861351658286141440
861351653756239872
861348929165815808
861347923191320576
861346748626849796
861345779088330752
861343605306400772
861342975036710912
861340710943043584
861340082103615488
861336936795049984
861336935884869632
861334086207639552
861333658942230532
861331522304999425
861331270307123201
861328499776335872
861327872031698946
861326362178715648
861325480594731008
861323470587736069
861322842503340038
861321457384771589
861318891351441410
861318503114166273
861317304541380608
861315415401803778
861314912932573186
861313274494799882
861312816892043268
861310939349626880
861309375872454658
861308242978373632
861306732647251969
861304593908731905
861304131516018691
861301953875390468
861301076045312000
861300440968941572
861299187153072128
861297590352175104
861296293049769984
861294903124516869
861293142116630532
861292557153730560
861291049871970304
861290627379732480
861288324337729537
861288321590407169
861285468960436225
861285214714286080
861282954684792834
861282954294824961
861280939275681792
861280561696055298
861278671629320192
861277665302646788
861276406784958466
861274523546603520
861274019831701506
861272887164055553
861270998418632704
861269659852689408
861268858191183875
861267221905113088
861265366156279809
861263827735851008
861262795073040386
861261307860971521
861259928769527808
861257156749905922
861257154543722496
861255774806343680
861254015358775297
861253259864006656
861251530929971205
861249481991475201
861248986015027203
861246712987439105
861246460628742145
861244526287081472
861243567045566464
861241680120471553
861239164641083393
861239163789692928
861236395842707460
861236369972133888
861234888153997312
861232667433603077
861232496599498758
861229727599800320
861228845290192901
861226206599024644
861226205298688000
861224071308201984
861224067113902081
861220586118418433
861056961982283781
861054950981459968
861053317748862977
861051930176614400
861050922998353920
861050170481532928
861048448619081728
861047398210170884
861045134498070528
861044759573528576
861042490861912069
861042364944703488
861040353239064581
861040350714093569
861038341961244672
861037214251266048
861035702804520960
861034944000405504
861033003891425282
861032092750270464
861029669235290113
861029279475400704
861026513847812097
861025882928009217
861024753485840388
861023620772003840
861022140728057858
861020725272096768
861018836195258369
861018458875670528
861016199597105152
861015066094841857
861013426092597250
861012170674507781
861011916730355712
861009274448818176
861008139998703617
861007640293502981
861005417039753216
861005412014927872
861003108859744256
861002355529142272
861000594160484352
860998200500658177
860996944084307968
860994803554824192
860994801239560192
860991785555963906
860991532937228288
860989391229116417
860989018338676736
860987129509412864
860986042790359041
860984735031590912
860982348644577280
860982218071695360
860979575639203842
860978993918554113
860977493683179520
860975803806470144
860975423848669184
860973916600360961
860973203170238466
860972156309655552
860970517796462594
860969890710159362
860968630804246528
860967122251509762
860965862194515968
860964352702246912
860963851398938624
860961707228901378
860960868879740929
860958060914913281
860957308100255744
860956049024704512
860954791396114434
860953660389568512
860951895648722945
860950767049596928
860948876106268673
860948874575437824
860945730650992642
860945021603860480
860942586403586048
860942585401094145
860939817097494529
860938683062636546
860937213621788674
860936670039998469
860934026806403075
860932767814701058
860931890789974018
860929879189196800
860929461465870336
860927356617326592
860926101765447680
860924840672464896
860923332853731328
860922578940162049
860920691255914496
860920190762196993
860918297625329664
860917400388202496
860915783374962689
860914273714921476
860913812043689984
860912135840419843
860911255447638016
860908865772294144
860908612570558464
860906973365243905
860906217794924547
860904456585654272
860902445907681280
860901563338022912
860900184846479361
860897915891568640
860897709707939845
860895273014497280
860894724831498242
860893389121884162
860893387519557633
860890236636758017
860890113747890176
860887888606711817
860886887413633026
860886088273076227
860886085311889410
860884115171815424
860883322922299392
860881854773198849
860880595324473345
860877824185561088
860877781076455424
860875641931149312
860874551273631744
860874256586080258
860873694511542273
860871366228283395
860870481586659328
860868092334886914
860867845588209665
860865071408451584
860863688563191808
860863058117353472
860862559762735104
860860715275612160
860859666615631872
860858300879052803
860841596438183939
860694466356813824
860692059103129600
860690595169390592
860689289570635777
860688534113591296
860687527996518403
860685896064143360
860685342676049920
860684889783488512
860682620539215872
860681110560407553
860680231920816128
860677716252790788
860676747678818304
860675699631423492
860674319491497984
860672226122768384
860672224314916864
860669662278938625
860668150567882752
860668150077161472
860665723076718592
860665381215768577
860663372991397888
860662487225696256
860660603182034945
860660601697300481
860657956001636353
860656868217245696
860654684754911234
860653427730329600
860653178253172740
860651665892024320
860650538198851584
860648677601312768
860648270389022720
860646260222701568
860645752795693056
860643989086756864
860643488056180737
860641473531965440
860641224088309760
860638707417837568
860638705312296960
860636947815026688
860635813452935168
860634935266291712
860632139104231424
860631956861718530
860629903045210112
860629899580780545
860628015813984256
860626928579031040
860625242938634240
860623859988430848
860622475490729984
860622306913157121
860620631334932480
860619372213280773
860618869085523968
860617316077375489
860615809550438400
860614681077141505
860614169049038849
860611781106036736
860611779222790144
860610021578731520
860609264959860736
860606494949208064
860606491727978496
860604230461272064
860604105680703488
860601460844834817
860601001748910080
860600974498516992
860600968496504833
860600966185463808
860600960443453440
860592278561107968
860590764044296197
860590263265370112
860587372693643264
860587133089837056
860585483172282369
860584097567191042
860582088290029569
860581955443859458
860579943855640577
860579587746672642
860577647327416320
860576551309643777
860574661213650945
860574034496552960
860571765935833088
860570884796542976
860569879447052288
860568244893167616
860565980942139393
860565116575723520
860563211623510016
860562707405303808
860560445295534080
860559840820830208
860556792719446021
860556294230614016
860554837855002624
860552937466212355
860552511975026689
860551253834813440
860550371604934656
860548904772923392
860548614422245376
860546379214704640
860545598105280513
860543832911474696
860542366717026304
860541821423935488
860540601045004288
860539308217966592
860537544307593220
860536663080136704
860534649831010306
860533769895366658
860530874219200513
860530115561869320
860529112766697473
860526471978340353
860526466097872896
860523827801071616
860523194377261057
860520680105947136
860520556264906752
860518292729061385
860518286634754048
860515900159643648
860515441118261248
860513505404911616
860512626232758272
860510613830762496
860508728264712192
860508394750390273
860505830902423552
860505806835417096
860504067499544577
860503187803049984
860501177439584256
860500329154138114
860497782800625664
860496265976705025
860332434520518657
860330670903701504
860328910852169728
860328287813369861
860325891200741376
860325889070047232
860323882611421184
860322496289157122
860321988858052610
860319349197897728
860318341637996545
860318092613873664
860317085234286596
860314693092749312
860314691633127426
860311845852389376
860311826227187712
860309283191345152
860308779300261888
860306316287500294
860305257661947904
860303116880793601
860303114620076034
860300851025412096
860299719876235264
860299094148997120
860297203293749248
860297202496876544
860294182795083776
860293724265488386
860291542237491200
860290656882876417
860288393648975877
860287689526042624
860286633517699072
860284869166977024
860283489198931969
860282358330789889
860280847399780352
860280088704802816
860278076067938305
860277701277622272
860275057792253952
860274804326363141
860272788673892352
860271533968773120
860270024296103936
860269018267082752
860268690079703041
860266039636107264
860265058219290624
860263529231810560
860262724063944704
860261087857586176
860259506760151043
860259115800678400
860256437997629440
860255805140074496
860254674498318336
860254215553384448
860251905917890561
860251904433061888
860248928607973377
860248130184503296
860246749730000896
860245110881222656
860244225144889347
860242591127924741
860241967065825281
860240912361848833
860240121806848001
860237185362145280
860237185315991552
860235802365788161
860235295807217668
860232786891997184
860232528585687041
860230637982298112
860230010401165314
860228045071945729
860226988853932032
860225107108777985
860224029210402817
860222463120199681
860220701931909121
860219567880245249
860217558317879296
860216928333434881
860214408391401472
860214028441964545
860212898534240260
860211889996955648
860209754731315200
860209676025311233
860207159681929218
860207158415294465
860204387674841090
860204088302206976
860202582534389760
860202077431181312
860199563201826816
860199055640715267
860196586592362498
860195787590049794
860193774856753152
860193266477797378
860191891362635777
860190047227834370
860189744440987648
860187103455563777
860186473081040896
860184000832446464
860183951931039746
860181816417955842
860181568903622656
860178926123053056
860178420294189058
860176159153299459
860175655132180480
860174139755311106
860173264475136000
860172759850262530
860169866443198464
860169381019602950
860166846582050816
860166841565683712
860165232907476992
860164334655336452
860163947424616449
860162437299003392
860162135388594176
860160806788485120
860159089409753089
860158794025889793
860156774678224896
860155772604436480
860154264227917824
860152628931694592
860150783001722880
860149231386071040
860147515869597696
860147510970642433
860145214031364096
860144260972244992
860142704008863744
860141328834977793
860140575210786817
860138912764899329
860138429929140224
860136696309989376
860136321553240069
860132742398439424
859970173398376448
859967832414715904
859967829939978240
859966052427550721
859966051081232385
859963378038697984
859963002711400448
859960610003574787
859959981017268224
859957106769891328
859956845020106752
859954321689112579
859953832666812416
859952430850691073
859950546660331520
859950435104370690
859948408160833537
859947523930193920
859945177863131136
859943878408929280
859942618276524033
859941509935898625
859938955277598720
859937633585201154
859936849103646722
859934314603180032
859934057580421122
859932090221154304
859930787688448000
859930786052616194
859927770868191232
859927013729218560
859924501219430400
859924498971340801
859921226332082177
859921224364945409
859918959579205632
859917576767516673
859916589323431936
859914479848615937
859914476988051456
859912419455455234
859911964671320065
859909527386206209
859909526941822977
859906522532503552
859906252117291008
859904115928948736
859903655260114944
859902352719052800
859900560018993153
859900242904457217
859897693077995521
859897193326628864
859895450928807936
859895051522105345
859893419333881856
859892288167829504
859891281182511104
859889473622036483
859888654168330242
859886010460774400
859885112275726340
859883368661610497
859882488205897728
859881166849048576
859881089229369344
859878716759048192
859877313101647873
859876553018269697
859874163993042949
859873804272750592
859872530693312514
859870892385591297
859869275665944578
859868130327375872
859867624238452737
859865607336013825
859865103872782336
859862858959646720
859861855199744001
859860074004701184
859859115442663424
859856926942867457
859855816064729088
859853930263695360
859852520893681665
859852017187028992
859850307328716807
859850024993386496
859847630595264514
859847241971978242
859845476077752323
859844849113190403
859842961865048064
859841574792024064
859839813733810176
859838054768529409
859838052100964352
859836293857124368
859834909854240769
859833649885261828
859832513694490624
859830504958435334
859830375564156929
859828255213453313
859827759669010432
859824887954853888
859824109085175814
859823211063779328
859820961318805508
859820439459291136
859819169767989256
859817038604361728
859816911365955584
859814771364962304
859814524588830720
859812402375819264
859812031125491712
859809238377476096
859808988854136832
859806973860220928
859806324762259456
859804457101533184
859802942651719683
859802314642776065
859799923692273664
859799803005415425
859799722835312646
859797535182999552
859797533350088704
859794783346327555
859793884527964160
859792631035023361
859791751132917761
859790865157554180
859790271332143105
859788603626586112
859787843782283264
859785374280933378
859785080692199424
859783187538554881
859782686520619008
859782330239594497
859780565909819392
859780092414873602
859778031002497025
859777785488920576
859776146401112064
859774313817399296
859773897876623360
859772120221577216
859607537284505600
859606025862819841
859605368514727936
859604013402247168
859603133319741441
859601122289438720
859600363980247040
859598222859358208
859596602100592640
859596344826187776
859594575094132737
859594319891714048
859591930551955456
859591173903712257
859589681150922752
859588569354166272
859587276623548417
859586396822151169
859584774612168708
859583120886177792
859582493250506757
859580529208963072
859580527539621889
859577713597841412
859577711706218498
859575842833391616
859574457521909760
859573808696569857
859572178311933953
859571174006829058
859570061497044992
859568779004694528
859566891660136448
859566135699804160
859564002686455808
859563417824366593
859562015496564739
859559969385046016
859558731406880769
859558085144215556
859555946242158592
859555794156752897
859554417959469056
859553801006706692
859552540127526913
859549770960039938
859549645508403200
859547372413743104
859547006074839040
859544992473374720
859544989373792256
859543480338571264
859542731626086400
859540463719780352
859540360711868416
859537554403676160
859536890206277636
859535938548113408
859534485779615744
859533681970565120
859531052653711361
859530507863896065
859528248157511683
859528241920573441
859526051554373632
859525727162642432
859525334206521344
859523945795637248
859522918971314176
859520950055972866
859519319893585921
859518591124865024
859517155439767552
859516112391819267
859514292353282048
859512896463810560
859511330335854593
859510537192951808
859509372388597763
859507861679943680
859506884117766145
859504711082311681
859503974357008385
859503724108144640
859501824323276801
859500705043947522
859498937732014082
859497176690565123
859496629010935811
859494267085103107
859493267758600192
859492255912136705
859490385781043201
859489738469888001
859487360031096833
859486970686394370
859485100672774145
859483837738385408
859482650196688896
859481939971014659
859480961033097218
859479308032716800
859478452336041984
859477428137275392
859476088543526912
859475282943758336
859475033634332673
859472626972061697
859471872542601217
859470251515424768
859468488011915264
859467137374617600
859466087439716352
859464824010440705
859463013568581633
859462598466707456
859460471136677888
859459426394284032
859458422047166464
859457416693415937
859455651361288192
859454644921217024
859451880312889345
859451650918019073
859450480329732096
859448860409810944
859446087593201664
859445450793000971
859442429132460032
859442428507557888
859439676133974018
859439663970439168
859437411864104960
859437394189221888
859435632006967296
859434911333314561
859433002107097089
859432419275005952
859431053408251904
859429796513804289
859427062469324800
859426985403191297
859424594838646785
859423696964001792
859422181356384256
859419665105399808
859418908834631682
859417170551418881
859416898924163072
859415388710481925
859414882604773376
859412371655331840
859411644048449536
859409240993275905
859392044921348096
859246193133719553
859244511196741633
859242244758491137
859241620390203392
859240361381822465
859239981604327425
859237586312802304
859237161547304962
859234950373150720
859234696487739393
859231545198071810
859231534695432193
859228925582553088
859227763076673536
859226898194411520
859225156140584960
859224650940907523
859223249112182784
859222762803671040
859220821608419330
859220231365025793
859218845545975809
859217045828894720
859216039665696770
859214547600760833
859213180899385345
859212619173040128
859210411152998400
859209798876884993
859208076775358465
859207483910443009
859205634356543488
859205222928982018
859203621786972161
859202106607230976
859202044468633604
859199845659287552
859198741022113792
859197598019801090
859195310282870785
859195061120139268
859193176078376960
859193143387926528
859190991957495809
859189420485992448
859187530201260032
859186502777044994
859185137401176064
859184438286143488
859183000122163201
859181474796507139
859179962141749249
859178545322569728
859177443973902336
859176530613858304
859174683295481860
859174172030902273
859171800110030849
859171405094694912
859170563289468930
859168985610424320
859168628767379457
859166126202380289
859166125145427968
859163602065948673
859162497860984833
859161970011975680
859159582131748864
859158821146677248
859158157880422401
859156323065319426
859155548691984385
859154191746519040
859152783030849536
859150613921353729
859150273666789376
859148379108122624
859148026920673280
859147246574718976
859145074705403905
859144997395890178
859143251374342145
859142556017446913
859141319318523904
859140977784737792
859139697666404352
859138954460901381
859137436731006977
859136950997004290
859134757120208898
859134414915334144
859134048597188608
859132449351229440
859131235012145157
859130005699399681
859128247447162880
859127362902003713
859125603026468865
859125117359726593
859122423270166528
859121959145177089
859121336257564673
859119272735408130
859119084012699648
859116887443206147
859116291382272002
859114653900734464
859113619249823744
859112266385510402
859110133632192512
859109621088362496
859107736080064514
859106603555057666
859105561828352000
859103223348637698
859103220714622976
859101447241248774
859101284963692547
859099950281629699
859099051912032256
859097164907245569
859097061672747009
859095906020458496
859093894042198023
859093738194337793
859091632674746368
859091484385173505
859089459299725313
859089455524851712
859087742940086272
859086110814810114
859086099557355525
859083449189138433
859083449096970240
859080933286301696
859079391497920513
859077914893176833
859076359716564992
859076153352564744
859074958219202560
859073350508916737
859073096933834753
859072753273581572
859071750050656256
859070832714317824
859069579716435969
859067108008898560
859067105597173760
859065224854372353
859064042580791296
859062857694150656
859061429676257281
859058412738322433
859029660289585154
858882760194306048
858878822367809536
858877719672651776
858876714939797505
858875744243593216
858875045443235841
858874195689836547
858873029010612224
858871931273129984
858871555736166400
858870764417818626
858869559532695553
858868535770173441
858868534469906432
858867781667880962
858866146283589635
858865492668420096
858865390390267904
858864224273145857
858862963419217920
858862820569620480
858861605609766912
858860197405745152
858859345458626561
858858939076816896
858857836935294980
858856959507824643
858855451630477313
858854626640179200
858853904662048769
858852825362812930
858851643642740736
858850794438877186
858850379160850433
858849539167531009
858848531699904512
858847415343906816
858846767777030144
858846010331844609
858845003153649664
858843502872055809
858843243697631232
858842580083257345
858841483176280067
858840474160963584
858839468345880580
858839093354139648
858837848077762560
858836951142735872
858836286886563840
858835700678086661
858834275046707200
858833309689884672
858832925273489409
858831918141493248
858831165628854272
858830941355204608
858829906578472960
858828490669518848
858827264317902848
858826231986487297
858825972262502401
858824881844224000
858823709469134848
858823703018254336
858822983309283328
858821741849833473
858820599061377025
858820593902391297
858820226502332416
858819118706941958
858818331616391169
858817918892732418
858816313455775744
858815151398629376
858814933764636672
858813894357331968
858813267426390016
858811535220764672
858811159230730241
858810370508697600
858809522999238657
858808104393338883
858807756756844545
858806593609183232
858805335343202306
858803984349442048
858803736659054592
858802570156015618
858801450620768257
858800551764656128
858800021302628353
858798194850975745
858796981875036161
858796684477960192
858795522143997952
858795015698558976
858793669461237762
858792753932767232
858792155325898753
858791245023502337
858790281696751616
858790275501740032
858788966224547840
858787881871192064
858786967655415812
858786623319879681
858785202621100032
858783945546227712
858783691669110784
858783096535228418
858781681687330817
858780341947031553
858780171738001412
858779575601561600
858778441725992960
858777916330696704
858776662988795904
858775420891746304
858775296719409152
858773782911168512
858772526243172357
858772525718937604
858771268006547456
858769996687822848
858769258016362497
858768126724452352
858767242149974016
858765576331808768
858765483541229572
858764113404735489
858763232319860736
858761959243755520
858761127794278401
858760540646252544
858759444578086913
858758231761584129
858758184735043584
858756925688819716
858755510513881088
858754029618384896
858754011209621504
858753153101070337
858751735678066688
858751731903201280
858750383061180417
858749470464454656
858748962572054529
858748072272306177
858747234661388289
858746986106953729
858745692231217158
858745690071105540
858744343762481152
858743333585379328
858742504409223169
858742329200562176
858740954907508736
858740079422001153
858738553181941760
858738051006300160
858737388541140992
858735911667945472
858734781793742848
858734778002145280
858733273446592512
858732261025472513
858731003518517251
858730768285224964
858729493695012866
858727871002664961
858727105642848257
858726563554185216
858725721908367361
858724486929141761
858724301368897536
858723800325787649
858722775791435776
858722034280538113
858721438982909952
858720565577867264
858719518599897088
858718927366627328
858718007866032129
858717190475960320
858715745999609858
858714773508280322
858714175216001025
858712882917277698
858712126298501120
858711717995532289
858710623248674816
858709203791347717
858707940622118913
858707731540320256
858706341153714176
858705207697559552
858704452668317698
858703667301691392
858702311975075840
858701558850179072
858701557117931520
858700299183194112
858699476105670656
858697657287684096
858697534679678976
858696299411120129
858695393491791872
858694623975415808
858694008939458561
858693128194318337
858692497198940160
858690988277149696
858690373769715712
858689612432257024
858688346515787776
858686973267107840
858686963032969217
858685705538719745
858684289122263042
858683690280304640
858683187609862145
858521713956593664
858518604203085824
858515707147018242
858515582705991680
858514415162884098
858513745387163649
858512944711299072
858512152176578560
858510673264996352
858510298256478208
858509421441409024
858508926853292032
858507618565992448
858506817328091136
858506528004997120
858505266391855104
858503756677337089
858503253100830720
858502588781789184
858501716026773505
858500232946102272
858499104158175232
858498722656813056
858497337458655238
858497054632497152
858495954034597888
858494949435854848
858494535114141696
858493943750815745
858492731106222081
858490794705080320
858489915293802496
858489751531397120
858488540174446592
858487901369270272
858486732546813953
858485977081405440
858485975181398021
858484466985168897
858483965962969088
858482958587637760
858482621273317376
858481361614766081
858480650487287808
858479849232625664
858479077312913408
858478090523115520
858476844118659072
858476043195346944
858475906557517824
858474817900728321
858474208531275776
858474202814451712
858474202109706241
