635530923891683328
634798688876032005
633678678380183552
633004164331761664
631867035824340992
630802243244179456
630067296250273793
628917437308735488
628600289285808128
627155660468285441
626738078045093888
626059249920143361
625290142916415488
624621597207474176
623921870363037696
623582092820119552
622701248513486849
622079730095947776
621002273410387968
620645106174050304
620290361328562177
619793797673799680
619537361798565889
618856069595590656
618482379464835073
618097283326976000
617619338460270592
617421481082007552
617319059739267072
617002426843951105
616655883490226176
616283941159440384
616173058378866688
615923990876540929
615204414173876224
614874770862174208
614466573269606400
613774961602375680
613016315750707200
613016149270392832
612945655372251137
612545914255884288
612306528335450112
611609366836281345
611239421946433537
610418177273692160
580048418007027713
580047453061251073
580047370165043201
580046933915484160
580046713358016513
578985717642211328
577211478966693888
576839120976285697
576467816976670721
576464035991945216
576065812970283008
573912263825973249
573184063772741632
572107836953640960
571954280728555520
571952823014969345
571760593641848832
571647291783704576
571443677203197952
571441001019138048
571349110315470848
571349089566244864
571218344210268161
571020690066964481
570653178515095552
570135731601068032
569586244637859841
569216314369298432
568848930441707520
567067877816426497
567067713248690177
567063248701513728
565854623060488192
565854597517156353
565836605559410688
565777524962381825
565601297584640002
565600311914803200
565598234639597568
565592185673117697
565585635936067586
565584085306060800
565581341631447040
565577785763450881
565576420358103040
565576243694010368
565563689827586048
565557030505951232
565546029869965315
565469252866416640
565429099859296256
565284840069922816
561599437428891649
560848227042217986
560520835459735552
558686220373745665
557606289514463232
547310173002674177
547123712390995968
536960803094540288
520356671265058817
