918917246046519296
756881610683801606
723179543591145472
714112254929547264
709781934168084480
708444313185681410
708344246256840704
708068994683502592
708019290503454720
707981871599067136
707709779825680384
707622454185725952
707322309837594624
707249588529311744
706872112296755201
705880265990627330
705812138640613376
705469806426791936
705082755437109248
704726885649911808
704364658094772224
703269724478533632
702914394833879041
702631439582363648
702553025924059136
702284403385327616
702284370002857985
702161150771761154
701825388096294914
700747061684113409
700349081831473152
700001838565724160
699700631368441858
699653163096215553
699284551864946688
698922167493218304
698253207869337601
696752824089088000
696380954663751680
695711702684274688
687825459241865216
687824884278296580
687689881020022785
675446524717871104
675385014494740480
675073362113265665
674650055198965760
674301905149890560
674277777793658880
673941531464564740
673562567265026049
673260618007240704
673215320539041792
672897635817095169
672868594879873026
672566501434519553
672526395365396480
672520362614120448
672475820468797441
672152435167637504
671819264471400449
671809038598803459
671764941230112769
671752466682134528
671506470475718656
671478229916631040
671474836280090625
671408149455347712
671388496377040896
671071181823475714
671040985317576704
671033377299001344
671031901344432129
671029970307833856
671029503511166981
671029244059873280
671028978535239680
671010832843735040
670753011661148162
670752417508679680
670752057348005888
670751680342921216
670751192046280704
670693702034173952
670677795329196032
670674742408519680
670674534098444288
670674252299952128
670673922359205888
670673494737346560
670671844840759296
670671030445342720
670648391425089536
670638573167714304
670638282850607104
670637785552969728
670637241446883329
670636761874345985
670636534681464836
670636129201336320
670635382397116417
670618192084148224
670346524300320768
670345555860586497
670344689338290176
670344313289621504
670343949777670144
670342453967220736
670341916295192576
670340349605220352
670335579570044929
670334936990134272
670334148343525376
670333806935539712
670333098106601472
670332529828741120
670332266992676864
670331670130638848
670331458335076352
670317199282864128
670316347973369856
670302765499854848
670302457142996992
670300185243750404
670299712923136001
670295529293647873
670295168944214016
670288179606368256
670287891411529729
670281670298345473
670281264851787777
670280135355015168
670279703639498753
670277880304279553
670277664993886208
670277385355444228
670271179186413568
670263478981156864
670240763830251520
670029362012545025
669988109690474497
669984855829123073
669984300918550530
669981647597621248
669979231326216192
669974825818042369
669969148429078528
669934737083883520
669933560007036928
669930975439155201
669925012661362688
669923926500339712
669920937605644288
669920654641098752
669920226541105156
669919922047217664
669919561957769217
669919350015430656
669918329092464640
669917751163547648
669911880136269824
669910285810073600
669909789443530752
669909393840951296
669908386373369857
669907706984140800
669893592433995776
669695148880588800
669694730372931584
669693626805391360
669692889274802176
669692286196838400
669682703902441472
669668016435523584
669666536043454464
669666149127208961
669664334415601664
669659363473100800
669657586472321025
669657365461897217
669651877550624769
669650507225432064
669649422209282048
669648350963068929
669647117867094016
669629192598740992
669628712732655616
669628353469509632
669628146350583808
669626713018527744
669626531275141120
669626340895649792
669625946517798912
669625571815522304
669625195624165376
669621387477184512
669613425211801600
669611669559967744
669607447942696960
669599936841814016
669599803764899840
669599351811928064
669599045237669888
669595892052176897
669590770932846592
669583241590910976
669582666069504000
669582245829681157
669581859907485696
669573982379577344
669570882990292992
669570837817626624
669570747677831168
669570694561161217
669570596385107968
669567509004025856
669566805245952001
669566279636783104
669565276053049345
669564939229507585
669564563885457408
669564115992449024
669563881455382528
669563608200671233
669562924067745793
669562789552218112
669560706484666368
669559221604651008
669557901464178688
669557029992706048
669556538307035136
669332721869586433
669310765837385728
669310441932263424
669310215771127808
669297046851981312
669296199606792192
669291389356630017
669286971223597056
669286727354224640
669286308515213313
669285894239555584
669274613768032258
669272448043319296
669263102764969985
669262477771669504
669244678466744320
669234503609511936
669232660200296448
669228624319397888
669210850385723392
669208976601387008
669208275158626304
669206900764860416
668896736396505088
668866798117261312
668840351310852098
668836229161443328
668823685730590720
668823177234137088
668822440198426624
668821684888186881
668534481557426176
668489136131543041
668458953852870656
668172163409559552
668126770558726144
668096579719442433
667809670485020672
667785727992705024
667779361743900672
667760716091232256
667758377770991616
667758247382683648
667756745461096448
667748841349779456
667504287388295168
667504117321875456
667477742217134080
667434411680522244
667403684431532032
667175086609166336
667101236349407232
667091564540235776
667090488013357056
667090070336212993
667039465571938304
666768283622768640
666737511075414016
666720902462070784
666692486937468928
666661938403766272
666431919211438080
666431693947973632
666406026619387904
666374436241584128
666371115632037888
666352748284108800
666322849955643392
665227520975855616
665215718904823808
665197164843261952
665032369213063168
664988991800737793
664987596053983232
664985545987063808
664976695640854528
664973688295460864
664970603770855424
664956237952319488
664952626459467776
664934360420773888
664918342172409856
664913460858253312
664906144603701248
664903842752917504
664901686217977856
664899901239627776
664898802411638784
664895762401071105
664893593258098688
664890991720067072
664882275960553472
664841512384090112
664839600477728768
664620262554406912
664557183191781376
664549544235962369
664532854894817282
664531479414751232
664526924371234816
664520816768348160
664514697287196672
664511469724176388
664495512343748608
664282169053868032
664247125715234816
664245872725655553
664244564845182976
664240040030015488
664239858844479488
664234645865627649
664224174156591104
664147126020997120
664140252370464769
664134770746527744
663868180008337408
663728343037022208
663726912208896000
663721201622081536
663721132827144192
663506321648410624
663053379954868224
662707935441645568
662337741544263680
662314160823255040
662052813745188864
662004150125748224
661970791014109184
661792230483496960
661792164846764032
661725234861465600
661695954454614018
661652145704333312
661634070615470080
661592562055012352
661263738045988864
661238158881787904
661214181652320256
661198109968637952
660969601010786304
660939991271370752
660879013489979392
660577033253076992
660554389791313921
660532007236206593
660531587893866496
660529495233925120
660529411574341633
660529269391626240
660529202786119684
660529121299202048
660529034347040769
660523095611043841
660522901779689472
660522136499548162
660521850846466049
660521627394908164
660520937608097792
660520440390139905
660520023245635588
660519653287059460
660519096560283648
660518613238063104
660517759156142080
660517265109090304
660515828379594756
660515023333257216
660514014867365888
660513135976161280
660512697751072768
660512000695541760
660511595437670400
660511155992010752
660510565132075008
660509841753001984
660509130482937856
660508679469441024
660508461789274112
660507961136123905
660507415541096448
660506990314201089
660506624826712064
660505923509710848
660505783663206400
660505214034817024
660504787797020672
660504160379535361
660503281123401728
660502533203484672
660501729310588929
660501079839363072
660500636098822144
660500092814811136
660499501912875009
660498524325416960
660497552073236480
660496510803714048
660478883137916930
660320325909921793
660290236606353408
660230665959555076
660138143757279236
659927315284140033
659855345699958788
659838813615845376
659792713512976384
659732433265258496
659475580816084992
659415994624925696
659053762997190656
658675568079060993
658659268825104384
658319632692965376
657596357734039552
657257723621314561
656862204457652225
656546686525792256
656253416956493824
656167766802599936
655775425214308352
655090682663600128
654701693888675841
654472143317536768
653980191904043008
653238715142172672
652611336443039744
652545502345453568
651444320810102784
651177813588885505
651079621174161408
650701986636034049
649994051261874176
649660131811000321
649267336990461952
648596974120267776
648558402067546112
648528724413952001
647471808023650304
646761433074692098
646463393117794304
646032079696691201
645990797016305664
644931661658894336
644542658577235968
643846715892715521
643837873083428865
643515979423608832
642744665058381824
642370759319392260
642039175148015620
642021986235867136
642021769377787904
641643117842534401
641425560992808961
640934705169174528
640192715884380161
639831816409452544
639514073500008448
639452892022226945
638768486165032960
638386870288695296
638094059479764992
638003371354402816
636916100211445760
636191379337707520
634818258227580932
634476560158842880
634077968491520000
633745498097082372
633738456724717568
633686144115281924
633671834324439040
633651642198462469
633639005561745408
633634022858604544
633624590455930880
633436759473303552
