701466441363488769
700379258900746240
694581069874499585
692420497238265857
689534578386579456
685598250791903232
684095050070896641
660131614161178624
659762933392519169
659399300850421761
659104039997689856
659036885214302209
658372506969964544
658078379443290112
657964954348163072
657708933809737729
657708906123124736
657708881972326400
657595088508313600
657576584468000768
657576498245689344
657232534799908864
657213932336123904
657213869706756096
657213628546838528
657199571722829824
656870330632245248
656870077086625792
656508063579373568
656340073768615936
656340015463575552
656220541842362368
656152935051620352
656141506353336320
655937775254945793
655865985786757121
655853532826898432
655835783572512768
655833962892234752
655833931623718912
655820735844249600
655799589203673089
655791054587715584
655775398987345920
655760414714691584
655754040349822976
655753972574097408
655564842179235841
655564783861657600
655549710350946305
655525912578953216
655511118727614465
655506110548344832
655503773155000320
655501216013643776
655465831158054912
655461884628373504
655461040428191744
655458325924974593
655456505517309952
655432076028612608
655413029643776001
655397987745579008
655217952405348352
655211366479872000
655204599037497344
655197980182581248
655167994465619968
655158674814472192
655143077124837376
655141226228781057
655133679103012864
655123447886970880
655111038782668800
655104419181101057
655097205309595648
655088395224399872
655081073370468353
655080881070018561
655077766153400320
655073376394829824
655073307801223168
655062030680915968
655058665775300608
655052178432720896
654793950172049408
654766467599089664
654741153212841984
654695053516910593
654694973279895552
654688226087583744
654496421563883520
654487645578330113
654477094756323328
654441819359477760
654378992489775104
654325814750609408
654142867846246400
654046469419208704
654026547423154176
654018376084250624
653986699337314304
653985734961926144
653963588114104322
653788996154232832
653646435334750209
653634925682257920
653627066844246016
653627020165804032
653626929971527680
653562681056608256
653362663037112320
653362566706499584
653344717535490049
653344363943104512
653324465154035712
653324387014148096
653324077101248512
653323096892420096
653314181798563840
653303671640342528
653299083252137984
653278835857735680
653278452603228161
653276430860574720
653267171905171456
653253795141578752
653237997186363397
653223589026512898
653069460253769728
653069278166388736
653069083374583808
653030259269369856
653018803463262208
653014069633417216
653010326091247616
653003060352978944
652996014673014785
652991712818651136
652981981953724416
652977909754281984
652974573231566848
652951878519537664
652943684674056193
652936682849701888
652928029778317312
652928002246840320
652926284813594624
652915340616175617
652913165181714432
652901873351979008
652891569737994240
652890565592281089
652890354677452800
652889704526774272
652889693336440832
652889306361532416
652888614473363456
652865701263245312
652861228801331201
652701574658048000
652666646339784704
652660424739938304
652630030476931072
652600556544921600
652600506913722368
652591124524044288
652516524767375361
652498832136101888
652464030880174080
652284553898299392
652172909515960320
652166630047223808
652162951571308544
652150622397968384
652116067150487552
652110315774021633
651963694704824320
651963571929157632
651898368998838272
651895095642353664
651888218548252672
651887949219368960
651855357505998848
651851520938389504
651850749249372160
651849561263071233
651848849644851200
651848633734725632
651847762481311744
651847687545839616
651846089297911808
651845286998900737
651844294089662464
651843869395390464
651843385431490560
651842645996630016
651842163412635648
651842156261302272
651827318206263296
651824443954561024
651822368717836288
651807627786088448
651804336872292356
651783418959695872
651783390409064448
651592901441425409
651592844059119619
651592531235311617
651547563514986497
651536783730061313
651509824904032256
651474583057383424
651443068655177728
651424208598142977
651258506771730432
651258398437015552
651243143694712832
651185131235901440
651162583097982977
651160481827155968
651112747724242944
651079798417059840
651069940917637121
650883137795260416
650873686837194752
650871940517793794
650827750555545601
650792768101416960
650720086404169729
650701033866326016
650374479227424768
650374423636144128
650354746822422528
650067902754754560
650060963698180097
650030163724386304
650012145585750016
649993574059130880
649992405119188992
649988005101330432
649984758600957953
649960872438136832
649933840983527425
649933237519716352
649706030973083648
649697865929879552
649693612909813760
649650830300217344
649647742541627393
649639591448739840
649636866136784896
649629993660645376
649627620334694400
649625391041150977
649610894121406464
649606635711688704
649590178135191552
649569572471701505
649565708217483266
649565387240005633
649564340148809728
649393874612396032
649383749608542208
649365832267489280
649344906511577088
649340850716078080
649298321450766337
649293811235950594
649293411699130368
649293159856377856
649292947234516992
649292759359094785
649292723158052864
649292397394788353
649273978515668992
649252468476370945
649231149223378944
649088087750893568
649026752338001920
649003443613339648
648997459532754944
648996140713574400
648989833973514240
648989700967960576
648968282507087873
648948557924462592
648943641457635328
648940604139794432
648918626100088832
648906415369641984
648898950452244481
648873731490648065
648851498718199813
648851471987965952
648835689178533888
648707135497334788
648706705560203264
648631900609769477
648618284795891712
648597114545549316
648557113082380288
648557080903749632
648552638041067520
648551630317600769
648550812306698241
648543338598002688
648537671975858176
648537558796730369
648537376776519681
648537294782115840
648180753654673408
648177029649559553
648176859826360320
647818002948222976
647536429015240704
647503147666046977
647455612628922368
647245691140489216
647143267025313792
647093512299659266
647091349716492288
646806419908399104
646730808456163330
646720755946749952
646538706929606656
646451392081596416
646384689188462592
646360342969225216
646353743445803008
646157174708682756
646141867801772033
646074145055203328
646014960431075330
646000995911139328
645718841981452288
645659057202704384
645300490046013440
644975020536545280
644974962629971968
644964276436869125
644903893491539968
644682163800018944
644616635408498688
644572455462264832
644549004433330176
644308614631452672
644272267149467648
644179132293775360
643895645686763520
643864274427756544
643608625618026496
643608586766036992
643536903426428928
643529286247424001
643498483182379008
643444792165138432
643272109758611456
643260144487235585
643260123830349824
643245569931014145
643242228605825028
643231504252825600
643217683224199168
643207977206288384
643203561644404736
643159966375768064
643145499395010561
643140019511652352
643124612755120130
643120702933995520
643115925525295104
643115353497694210
643099354702573568
643094599381024768
642826661788909568
642822637400403968
642790009532125184
642788613818703872
642738414559735808
642717611994648576
642716236099379200
642711151139160065
642710865683181568
642710838399242240
642550846870319104
642518447516061696
642495012320575488
642477245815132162
642434331621724160
642434236914364416
642412757539655680
642377796837208064
642367016247029761
642363961564770304
642320953117044736
642320583535955968
642320502535532544
642192967550156800
642107691066724352
642007977092747264
641717789716312066
641651248614146048
641645280849334273
641627696762458112
641376380932898816
641355790477950977
641352865001271296
640685720055623680
640553540717424640
639915304450060288
639905738773671940
639838181773340672
639809581405761538
639584398178816000
639528342547361792
639495053971320832
639475585358520320
639286786871562240
639246556554592257
639179101731840001
639174521644261376
639113133647228928
639086810459602944
638916012818100226
638825269701144577
638806187308224513
638765814649192448
638750699979800577
638745671072243713
638411027143503872
638397072723410944
638096516666691585
638050110883037184
638016785682333696
637395070052773889
637354086568849408
637294279577092096
637073274640269312
636991856790802432
636942982202023936
636940732276674561
636681188296404992
636661978430242816
636651901103116288
636651659624509440
636576225335513089
636223810727874560
636165406667857920
635971608520228865
635130578895966209
634874440254275584
634763971506122752
634442387587137536
634190110112616448
633859591432835073
633746354943078401
633713989554409475
633692544589697024
633331990670938112
632970522830082048
632610562552127489
632595554938130432
632368624389373952
632236662966190080
631624982414536704
631586750335332352
631528303170490368
631527900085288960
631527833148325888
630441791284576256
629826978518994944
629812076895023104
629811778789060608
629807108947488768
629712824219009025
629712578910928896
629309966877265920
628974305838104576
628246056782839808
627922035830685696
627529253072953344
627218455704395776
627217578683838465
626846993353154560
626412296181448704
626411990869671936
626112371426078720
626081004017487872
626045212394041344
624984111896096768
624804520615280640
624683803907264512
624683044364906496
624387725437698048
624383081932132352
624360882068324352
624345800433270784
624335672023887872
624330696744550401
624316344519888896
623970852292276224
623962252706582528
614578425467158528
614519125977632768
614472946417971200
609481588892565504
609445970867163136
