779447214108127232
779107439434080256
778288694788710400
775786783149666304
773265645265760256
772881797776494592
770727746209091584
768191645258878976
750010961302396928
749654464374513665
749297583160299520
748927215069306880
748322469061156864
748217842202345472
748214527267725313
747859643108466688
747572115776241665
747120679997186049
746832045284851712
746829778183827456
746147833317842944
746012960351354883
745785725539344384
745760377305128960
745711480289431555
745380366827978752
745323472847405057
745013784725491712
744633990171107328
744291877092884480
744233515454062592
743956112576155649
743928665797361664
743880864266780672
743518565215535104
743249494678986752
743201227102552064
742419899184611328
741428757458624512
741329029509222401
740996870164488192
740634592843964416
740287239754637312
739921629073969152
738813550521507841
738445120823922690
737720326394511360
737343014444503045
737300725802225664
736633196440231937
736270799238090752
735998770748366850
735990993787310080
735924550114770948
735578299016085504
735198588003721216
735147007396872193
734964568191946752
734905386822598656
734847421226745856
733749181517582341
733713628034031616
733442202865557504
733428679204737024
730804752066338816
720037610299588608
707745141969199105
703353878427754496
700775629390684160
689145079362007040
688058207701303296
687333292907991040
686608517134860289
686322099112181761
686017442271723520
685963617582223360
685162730492329984
684471794728710145
684202599675854849
