822926757095313409
735625893637459968
733436298313113600
723558379239686150
723213607165648896
723212338980118528
722846167869034497
722542732095447040
722532439554461696
722531247520628736
722093202749190146
721157940175073280
721157798386642944
721157780028190721
720687835473424385
720670614428741632
720311377055870976
719513030711754752
719182341990703106
717772707396509696
717699334603714560
717074383660064770
713516075133050881
709918844156915714
697620785607766017
697580646210805760
696809465111130112
695730760389521408
695044615292911617
694690845509849090
694212135165915136
694212099929583616
694211994463768576
694211965342724096
694211927816278016
694211875462995968
694211709070782465
694211687843364864
693518298231648257
693518080832475136
693518022972018688
693517917514702848
693517824539504640
693517772110712832
693517691630424064
693517634222952448
693517177429753856
693247233689407488
693226303403626496
693226132448112640
693224919606259712
693224836164792320
693204963116212224
693204923362598912
693204896867229698
693204867871961088
693204624514232320
693187043292123136
693187026036756480
693187015488110592
693186962765688833
693186938874892288
693184780377042944
693183684128575488
693180304249335808
693180244073656320
693180191724572672
693180114805215232
693180029568577536
693178471019708416
693176878706741251
693173038448181248
693166784917024768
693166726549143553
693158384187510784
693158326872383488
693146633857425409
693139827282173952
693139766997430272
693139641952706560
693139619483770881
693133726499209216
693133370235092992
693132961521139713
693132694826283009
693132655416573952
693132618942910464
693119593779302401
693119575177564160
693119541149184001
693119519212998656
693106812543893504
693106589075550208
693106552497000448
693106461270888448
693106289522507776
693106267884167168
693095725148667904
693095684250038273
693095341445394432
693095255734775808
693095228975091712
693095062163435521
693086838370672641
693086709626462208
692963224086536192
692963211021303808
692962953667198976
692962911547949056
692962897782267904
692900559087505408
692886858921947137
692852503004622851
692834014646837248
692833865149222912
692833742021210112
692833700531146753
692833679601631232
692833402630705152
692830612541960192
692814576656625665
692814204219207680
692813793819172864
692813333724987392
692813075129307136
692812991411032064
692812858833240064
692812048690884609
692811115605037056
692810702256406533
692810337318359041
692809479868456961
692809032050962432
692808241122668544
692807820677292032
692805608882327552
692802905053597697
692802679085510656
692786818291355648
692784314438684673
692778265434390528
692776767967272960
692776086338318336
692776053383700481
692776034454777856
692776023411159040
692775920931725312
692775874085543937
692775691675250688
692773988737503232
692770762730508288
692746501970210816
692717624728289282
692717567492771840
692572883973853184
692550220815597568
692542705931452416
692533158689050624
692520804697915392
692515846191624192
692477260536889344
692440136521510912
692436715986767872
692436558599688192
692436376457998336
692436343872446464
692436122358693890
692406329676173312
692406060544557056
692405829702696960
692404807911415808
692217999114182656
692216899275526144
692216833911492610
692210466228039680
692204487491108864
692204250642944000
692204059114237953
692203995746717696
692203915220221952
692203370019430400
692203245276626945
692202613136293888
692202378142076928
692202376137183233
692202256545026048
692202171383808000
692201456049471489
692201169872162816
692200925289648131
692200403203657728
692199957181370369
692199901355229184
692199775064756229
692199598195130368
692199578448347137
692199301120925696
692199262348800000
692199195554488320
692198181229166593
692197721088856064
692194787169026050
692192970167173121
692192459552616448
692192333253705730
692189851903467520
692189726481195009
692188286413094913
692187976315637760
692187028461654016
692186633467203585
692185905864523776
692185463961026560
692185364669272064
692185290442694659
692185234704613378
692184501217333249
692184314344243202
692183633529036804
692183626189033472
692182826356187137
692182534411649027
692182362663305216
692182225576660992
692182040263970817
692181494970843136
692181039863693314
692180494696501250
692179816527872000
692179145967673344
692179072806490112
692179004988723202
692178933639413760
692174032842690560
692170342182289408
692170303632490496
692161988911370242
692122301928751104
692119861833527296
692076244502859776
692067671731343360
692045197652398080
692045156380467200
692045032002605056
691855618617966592
691833001320132608
691795288424615936
691772581213372416
691744986887360513
691726871994589185
691726851077582848
691726837316063233
691726827933425664
691726812301275137
691726794966208512
691726777954095106
691726746203197440
691726716931219456
691726695502446592
691724744228376576
691718140439318528
691718124333195264
691716453976768512
691716305200631808
691706481347964928
691695118089191425
691686858368004097
691681988520988672
691666908861444096
691653835073261568
691644615754014720
691644597475250176
691440379627896832
691436336973086720
691425284499722242
691410182333542400
691395093681442818
691334708278353920
691015772630454272
691015772622057472
690972327601831938
690690966697574400
690679050705043456
690678991796105216
690639215055364096
690618241912176640
690605252622430208
690596504218697728
690338162900512768
690323063158603776
690304891755999233
690304864614625280
690304849087303681
690293159813754883
690270276701937664
690270228660428800
690270163560624129
690270107017162752
690269265375539200
690268631821750272
690264837427859456
690262635464359936
690244568818671616
689975739232354304
689960688811257856
689954952307941376
689900313583575041
689850300396503040
689838503941795840
689810842053783552
689614358863699968
689593499067396097
689582381842362370
689582253127544832
689582067240202240
689520967555506177
689512967373651968
689491611009482752
689489036176568320
689403740311281664
689399571793874946
689399232109776897
688169689822826496
687816544617807872
687806871722311680
687805648046665728
687785790676557826
687716166475751424
687665560646107136
687641315933204480
687525634675888128
687444538391015425
687437195678990338
687428898213228544
687379612330950657
686976119694753792
686742895936708608
686655739289456641
686641888892338176
686291493082943489
685650733471940608
685591968844414976
685590528813957120
685532102507368448
685527339099238400
685524743366164480
685524636604350464
685288479320752129
685211736467607552
685175087721361408
685174597545668608
684920275033440258
684860645263577088
684831040041402368
684156046378549248
684074755205419008
682612049797464068
682606987776012288
681926647788916736
680581579723259904
680123696489467904
680122193599021056
680122046710329344
680121915298586624
680121400728788992
680121265508622336
680121173342982144
680114554127319042
679716404858241026
679685769129099265
679684807152939008
679573024811671552
679043678556393472
678028119203323904
677978700898414592
677961598749696001
677668620428816385
677664459222081536
677664396211060736
677660106658590720
677551901584453632
677533450711076864
676818120607072257
675071674870571010
675035116805210112
674655774786740224
672948548179128320
670512688296886274
670346311372181504
670323746373111808
670270913858768899
670029305162797056
669569063203418113
667834989388525569
667769539594092545
667734279682523136
667511880060006400
667511821323014144
667482296761495552
667457481774247936
667452755020152834
667452485955489792
667452469736157186
667452431337283584
667452423204564992
667450930007175169
667450292225441792
667449874632183808
667449707283660800
667449105312935936
667448359393751040
667448205584433152
667448191541997569
667448175939088384
667448162437562369
667448150550970368
667448136101556224
667448123376054272
667445399746174977
667445385296797700
667445243025977344
667444723993452544
667444192440942592
667443942384889856
667443684045144064
667443425315315712
667443276992126976
667443106023931904
667443000499290112
667442834027495424
667442617156792320
667442373056704512
667442214381985792
667441919065260032
667441904217432065
667441472564760576
667441287650521089
667441194079805440
667441172663681025
667441153818628097
667440721473966080
667440650628001792
667440640087695367
667440625017556993
667440608026492929
667440106811367424
667423004637437957
667405449503707136
667405389999173632
667405373213532162
667397003052118016
667396989747752960
667396953181843456
667369634283126784
667368002724036608
667121495278120961
667089633004523520
667089534052536321
666804650935320576
666758246024151043
666751017099243520
666715953141444608
663812540862894080
663812489709142016
662757697847214080
627170970558554113
