917800160175915008
912730286013554688
897544407456534528
831548584721948673
621754752565649409
619529048314634240
619192244487073792
618811808577511424
618804236659195905
618453914325659648
618127530864738305
618087020213047298
616629940419559425
616276494206107648
616021412772343808
616021343562153984
616020284760436736
615931852939923456
615905146241847297
615542773295419392
614825572548513795
614520791548362752
614096449681276929
613748833042976768
613405044092747776
613011884229300224
611928478758232065
611639780292497408
611587444534722561
610824178963353602
610585702489833473
610585498348847106
610578564241588226
610469339418902529
609744544398094336
609382169589354497
609126569047535616
609096014205587456
609063325436145665
608353770599292928
608308387781025792
607985465795346433
607925079817646082
607562717889593344
607200332116942848
606854168054087680
606469742006657027
606156722101567488
605781221814075392
605435600682885120
604406916119330816
604360028212994048
603636846082416642
603365061495689216
603324413849640960
601477631129690112
601115236372844544
600710910601273344
600390418413400064
599303255357698048
598940875813617664
598563557899304961
598539811306090496
588846815992090625
587667445017546752
586936768131280896
586620150742302720
586582855079170048
586574433789161474
586276949154275328
586249851668664320
586216533614993408
585969917146468352
585911080330735616
585858282314575873
585609881266315265
585557676089810944
585527830244646913
585500316277301251
585489163228749825
585145531023908864
584762481383309313
584508416611094530
584423953059352576
584423939910148097
584400092842471425
584133242611113984
584128275967901697
584007560530829313
583830913726992384
583784741133918208
583726800066314240
583716436796813312
583669664359682048
583457590908035073
583399092409114624
583345154309779456
583116700695965696
583086533957160960
583066034816454656
583063222216867840
583017893295603712
582732640807059456
582716675323076608
582698061698359296
582680035795972096
582679933199130625
582602523791351808
582437459708923904
582236239069208576
582230249150160897
582230169491918848
581923807901810688
581591781059366914
581581300286390273
581570406760390656
581557639206739968
581550502606868480
581539015901368320
581521739890470912
581516273772683264
581502739353456640
581494344886161408
581494262614855680
581484687119384576
581484060553269249
581341739773886465
581315581829206016
581310005632049152
581285762173304833
581285044611719169
581261782813151233
581256338220666880
581244045047009281
581236026267561984
581231220270473216
581221184395702272
581206558308200448
581181487497654272
581176932542377984
581159295582076928
581152080146128896
581142283191341056
580968597448605696
580930718634672128
580927094961479680
580920085872664577
580917611552059393
580914737845657601
580911597821931520
580909013505695744
580908246237507584
580899272620580864
580887910540414976
580879856478474241
580868205457072129
580855700127145984
580850086537646081
580833062847700992
580826340481503233
580814122104721408
580791758373675008
580772975349239808
580768726280208384
580556912091070464
580533863585312769
580519276395806721
580496469762940928
580457782761144321
580450354950770689
580447603986423808
580439787326316545
580415970117881856
580414747323064320
580398789841813504
580192548087414784
580180533466017792
580154993518358528
580132384051314688
580068190098624512
580064691696734208
580059603313922048
580029949651767296
579795598905344000
579681237834407936
579673948054388736
579673811416588288
579419521183711232
579378115207520256
579330882693005313
579067002850938881
579044928585539584
579025182985072642
578977960255852545
578965200465870849
578745760415547392
578722836409253888
578722794168459264
578722751436840960
578711207814656000
578642032870105088
578622854612172800
578574752182226944
578564592185413632
578564397796184065
578563587901300736
578563547321389057
578560529347665920
578560518572511232
578401773590695936
578401754527592448
578401608607801347
578299856743092224
578194704551972864
578194335704817664
578044234193711105
578024051001573376
577884948750684161
577884782673031168
577665537112551424
577664737158115328
577664353266069504
577656278186520576
577635453320327168
577635143940059136
577632544260145152
577626513433980928
577619160139571200
577617487933526017
577615065815248896
577613631317151745
577611633180082176
577608732038709248
577599619732938752
577566881864794112
577566847639240704
577566813669576704
577566611315392512
577566589102395392
577541528274354176
577541345268486144
577541194193895424
577540952031563776
577540904765931520
577539950746279936
577534725343981568
577530906174312448
577521703758094336
577514795844259842
577511405256978432
577491695731744768
577474899238780928
577474764232527872
577474727310049280
577473822288285696
577326833944784897
577324121211543552
577319714835202048
577314314563944448
577307357224382464
577302778189516800
577300058804088832
577285587184459776
577278763009867776
577274646678011904
577274014487289856
577271870921146368
577271664318140416
577268272883597314
577214606319325184
577214586291511296
577214574442610688
577198851808886784
577192750493265920
577192721846145025
576797214950883328
576548970777825280
576520359479906304
576492493644034048
576426261083394048
576171055762444288
576161853799182336
576113893086343168
576094280994803712
575758168787058690
575502383054110720
575422183565983744
575366287381004288
575066916777246720
575037706427891712
574971409736146944
574971206782201856
574640679390961664
574434909571297280
574434809503592448
574287426056667136
574270092642402305
574057456499748864
574056806038773760
574055369028206592
574055355266682881
573939866385285120
573905919475499008
573685268634447876
573268435641233409
573237049538453504
573203818457907200
573203767337746434
573159118552219648
573159086100889601
573159048532475909
572820034109775872
572556939575484416
572544063695544320
572446836042047489
572443343340191744
572094779594575872
571732039893843968
571525304432267264
571407684890529792
571027363867140096
571019086928310272
570645418666647552
570342514713964545
570303843742945280
570019929212260352
569922565847650305
569676919811084288
568987260130963456
568614881630375936
568614862210932736
568613322695655425
568596806239531008
568581008338984960
568548720272232449
568534303220457472
568477715415871489
567838287517229056
567804393127706624
567777907012272129
567471841732612098
567050519609237504
566658202188533760
566300355877543936
566009589779283968
565946652079316992
565586173486460930
565283402241560578
565234484698566656
564851054081110016
563775458378928128
563504885815984129
563398375110742016
563130835566858240
563082704527572994
563064770304438272
562790190671216640
562749647329193984
562673302167388160
562387230069501952
562312312959139840
562300960035176449
562127685577490432
562125014430797825
562117270030123008
562098568203210754
562097753870712832
562084863512035328
562077669240492032
562072363131736064
562055570929111041
562048058842558464
561933610694234113
561600883390038017
561584975066443776
561344783067533312
561344405852798976
