938124907451383809
923580287132434432
923580227623645185
923399474474397696
923395470671486976
923366267326812160
918930263219978240
915617338501636096
915327920058515456
915245071758368768
872877624137089024
872873031760191488
872845684621193216
872839494520549377
872483963792572420
872164517098082304
871800181838061573
844588218850824192
844238610022846465
839968195825946624
812445943056338945
812377497849327616
811979620413108224
811695494254632960
811695462067490816
811695434158608384
811685197217304576
811278004680691712
810913888678055936
806181415381368832
801847865337221120
799687403694915584
794322839495118848
793890219179245568
793242551251771396
793237725365178368
792447636238245892
792159934205071360
792060387755601920
792042014791507968
791799476851728385
791713794397437952
791438423726907393
791425930769997824
791414044972285952
791399234314657793
791398726141153280
791386264369033217
791385708573392896
791323026256113664
791062555225563140
790970601708019712
790970082901970944
790946024931991557
790650290382839808
790634746833362944
790631012304687104
790598921093390336
790279191119794177
789915517918191616
789579534089670658
789530896869109760
789526804650426369
788876541446922240
788780318555672576
788492364000092160
788152009035689984
788150116699955202
788118990409179136
788098921163698177
787805333397786624
787741604379447296
787741288812519425
787741092271706112
787729828694728705
787724643440349184
787356633827454976
787147235855208452
787147181153095680
787080944704303104
787018072410337281
787017925009956864
787013230019289088
787010688963096577
786963376995901441
786944690541035520
786929583505362945
786738066568253442
786675385224208385
786632852674715653
786568193762406400
786436081117827072
786359549221416961
785972767027978240
785918225296916480
785906547167604736
785890609127038980
785887179549442048
785886494309257217
785886453242880000
785615059829436416
785610633144209409
785559374945136641
785554705124503552
785220571613179904
785219861697802244
784959079252762624
784876048001306624
784815112817258496
784812551838105600
784562870788952064
784528737781940224
784453244504248320
784431026843979776
784427090917494784
784426895945248770
784181456813694976
783678812546600960
783678613887541252
783670084791304193
783094290297782272
782701773127618560
782369515384496128
782007130954031104
781665228031455232
781627169948704768
781232089568075776
780903542320160772
780782079994892288
780557579827249153
780149952215412737
779817699228717056
779437076789989376
779090158364786688
778685258820571136
778400967666569217
777993095669358592
777582983926706176
776888409545670656
776571310700896256
776064786060742656
776064368169672704
775846534323826688
775408667235672065
774759372547321856
773640607508070400
772811614810546176
772464295372173312
772102020333309952
771770725598433281
771474906022195200
771134594158559233
770823473220296704
770821833033736192
770821778608312320
770735932500807680
770733152218341376
769323553661579264
764144507755515904
761259199820992512
761251507886895104
760822564784484353
760622441848721408
760290002433486849
760172515444482048
759869351360995328
759493946581987329
759436041786761216
759373153902526465
759170350278213632
759130522475978752
758866545007218688
758782375811649537
758358882712379392
758285910437879808
758172343344791552
758115447539503104
758057935264067588
758007916745990144
757795140383629312
757732155027894272
757664698020028417
757637047020507136
757363817554653184
757265974584160256
756972243771502592
756893127936323584
756624970172674050
756584861800947712
756572583848513536
756556706591768580
756543799749447681
756221753148317696
756194290276012032
755885076039077888
755849890190635008
755542841099558912
755487666322284545
755450343379439617
755162886427717632
755161392970211329
755106069979009024
755102532779716608
754780282742374401
754712699070582784
754435557887873024
754379237524516865
754377279870873600
754376178639572993
754201747887763457
754198916120272897
754198025929564161
754197090100662272
754161527012233218
754157865124765697
754155145382858754
754154558658519040
754148803897208832
754142196098490368
754137621861765120
754126620189794304
754096149942808576
754091070359678976
754090772912230401
754086515953668096
754055641048625152
754038368300699648
754023080838651904
754015000721657857
754011463388241920
753984424102862848
753983101752086528
753968528189906944
753964577402990592
753958688713416704
753956291526045696
753956088249065472
753954748521295872
753954024940904448
753948690050539521
753938660551069697
753937292159438849
753932135589826561
753927002814418945
753912630998216704
753904371859988482
753864988557647872
753864908958162944
753858330804621312
753857556213149696
753857431508090881
753856482303614980
753855602133045248
753851801292591105
753849656711323649
753849122885480448
753847834932150275
753841619590221824
753840338607886337
753834110578110466
753817991859478528
753811834545643521
753803069805043712
753797094620540928
753792454952820736
753785997616218112
753785992004317184
753782587319914496
753781420930117632
753764389656768513
753759433063211008
753735101943472128
753724830877265920
753723009928605696
753711143961530368
753699378657800193
753699288706711552
753694008602341376
753690735015137280
753675797617967104
753674125663543296
753667843237879808
753667626824499200
753644127380574209
753641530259156992
753638181237428224
753636626102820865
753636296350773248
753633737674547200
753632094207680513
753630406990176256
753626954541129729
753624924791504897
753621876019073026
753619881266864128
753616943324598272
753615669304840192
753608288378294272
753607740161863683
753607256491429889
753606667594371072
753606304086700033
753605240801275904
753605071288487937
753604862932164608
753602858067505156
753602585198669824
753601726016425986
753598390890487809
753598042679365637
753596530687221760
753594464342421504
753590781353406464
753590346366357504
753590112278020096
753589960167469056
753589856610070528
753588345104510976
753581529398325248
753580214869823488
753579310741491712
753577012229382144
753574901437435904
753574226985050115
753569038739963905
753566740404023296
753559614365413376
753554864915918849
753554525554782208
753550270068461568
753549954728103936
753545276309188608
753544469669027840
753542163657400321
753536777562959873
753534940919111680
753526524691615744
753523235581419520
753515738229452800
753514740442292226
753514733999837184
753513920153870337
753509074726064128
753505352545505280
753502820008026112
753502140039999489
753500560611958784
753499247601790976
753495754652590080
753492800604246016
753485949267382272
753485122532323328
753484211139457024
753483869379145728
753482174020526080
753471458995679232
753467709958914048
753463216299061248
753463215963594752
753463209223294977
753463192328675328
753463171742961664
753463165392867328
753462980918980608
753462970571558916
753462949390331904
753462938803896320
753462927999414273
753462918725853184
753462709635600384
753462699200131072
753462681680486400
753462657189974016
753462647517949952
753462036164509696
753456876356902912
753448270395953152
753446878507696128
753445570258178048
753441267187535872
753437426945634304
753431633382944768
753431315655958529
753430157105336320
753424046411264000
753418756919926784
753413561087471616
753413464467484672
753411584026742784
753409851707891712
753409115821449216
753405905165619201
753404265784233984
753400595805974528
753399261946007552
753398484129034240
753398093857460224
753394627747549184
753393618535055360
753393553586257920
753392954908086272
753388511550578688
753387691358597120
753386586557980672
753383744073895936
753383408990949376
753382586043379712
753375640045309952
753373120849772544
753372595362238464
753372284476207104
753372257087401984
753371509247270912
753371371028123649
753370595237126145
753369681495339008
753368071461478400
753367316339957760
753366827774775297
753366729879728128
753366710946713600
753366677950038016
753366597046145025
753365872954122240
753364971589804032
753364738315128832
753362574956081152
753360201982496768
753359866249420801
753359726235127809
753359707562123265
753358032046653440
753357440612118529
753352494030336000
753348892314390528
753346446561202176
753345915839098880
753340485658288128
753340177813078016
753338685609783297
753338123988324352
753337626384412673
753337440836857856
753335510911770624
753334362976886784
753334295863799808
753332941187526657
753332545010315264
753330118441906176
753330100993527808
753328503668420608
753325391503175682
753323930144735232
753318388928176128
753317351345446912
753317119471734784
753316621838454786
753314868522946560
753312703867785216
753312596678148096
753311981352853504
753309838994608128
753305309322502148
753305285683388417
753303508783292420
753299824946978816
753298914976026625
753298775813201920
753297010694889472
753294935453949952
753294574060134400
753294538261745664
753293047031435264
753292778642169857
753292071184666624
753291958081036289
753286414809255936
753286107584794624
753285869520293888
753285475234828288
753284889856794624
753284542413156352
753284218080272384
753283991168397312
753278546764664834
753276827246788609
753275287358492672
753275057237929984
753272735623589888
753271765787222016
753271153930620929
753270130730110976
753268079862226945
753267900882964480
753267361264734209
753266830869803008
753265268458004481
753265200740970500
753264459234156544
753264369962672132
753263328353320960
753262092140937216
753262080208146435
753260740853633024
753259467051937794
753259388698103808
753258767135809536
753258660705411073
753258362054119429
753255268352262145
753255051322281985
753253642367492096
753251027277582337
753250245346287617
753249952596230144
753248088387489793
753246642027896832
753245965872533504
753245084821229569
753244846576455681
753243680249565184
753243596673822720
753243166413688833
753242527642234884
753240034912768002
753240009671528448
753235413108531204
753234613158371328
753232252574633985
753231406398963712
753229825897136129
753229657651093504
753229418055634944
753229102308405249
753228894140899328
753228827174711297
753227273323499520
753222230356533248
753220610235305984
753218740582424576
753216820291612672
753213067953967104
753211994321203200
753211041060786176
753209872024350720
753209554905681926
753205889549504512
753205860348801024
753203595055550464
753202440049078272
753202198817878017
753201844218802176
753200329999593473
753199424273199105
753198745915830272
753198507796733954
753194563204812801
753193619847204864
753192718084427776
753191781093617664
753190880278827008
753190171512758272
753189817983258625
753189681546665984
753189488310890497
753188120212803584
753185204479537152
753184886115020800
753183728659161089
753183455010131972
753179950702657536
753178895499735040
753178702435848193
753178575621218304
753177198924697601
753176985480724480
753176768706547713
753176692160540672
753175327560433665
753175016548683776
753172623404576769
753171717183246336
753171331072401408
753170452499931136
753169760725061633
753168060391968768
753167027892662274
753166896506081280
753166432775446528
753166104604708865
753162848419782656
753160141302673408
753159517853016065
753157353353076737
753154704629047296
753154281809731584
753152621200809984
753150747290669056
753149317964107776
753148839784161280
753148704895270913
753147283936468992
753137505214435329
753137211403440128
753131568844070912
753123907570376704
753122484774371328
753118630368411648
753112812600299520
753112677157830656
753111277300510721
753110735132196864
753109823533834244
753109595246190593
753109255029452800
753109243088207872
753108911167791109
753108881140744192
753108779139489792
753108749158612992
753108451027550211
753107964643438593
753107513697046529
753107007419351040
753106826300944385
753106528241065985
753106014803722241
753105353865330688
753104332145430528
753103437135482881
753098434278780928
753098225087836160
753098158574567424
753094954222772225
753091900714913792
753089503405957122
753089325894598657
753089219401310208
753089000903172096
753088522379223040
753088201888243712
753088024771227648
753087961529450497
753087570289029120
753087058684612608
753086186999128067
753085347505041409
753085070349594625
753084502734413826
753083597041635329
753082945209073664
753081387469635584
753080600609906689
753079450921799684
753079106363850752
753078723260325888
753076855020879873
753076147081084928
753075422674489344
753074784922136576
753073816775950336
753070863021436928
753070825985740801
753066951753162752
753066433857236992
753063753235570688
753062797395668993
753062187095035904
753061703080824833
753061083271733248
753060994650218497
753060432269549568
753059645472722944
753059417050853376
753058601091018752
753057475499139072
753056536579059714
753056527284514820
753056165538312192
753055301348134912
753053943480016896
753053884902350848
753053343849648128
753053203042664449
753052147894263808
753052054239621120
753051752207790084
753051501807841280
753051172823404544
753051055903035392
753049752980234240
753049382010826752
753048844779204608
753048709248618496
753048666844254208
753048601929011200
753047560583991296
753045791195803648
753045255079858176
753044495071973376
753044189034655744
753043864563224576
753043685772701696
753042186506080256
753042112568971264
753042000836866049
753041898890158080
753041861397270529
753041772335411200
753041377856937984
753040454820597760
753039797535420417
753037640098729984
753036476854640641
753035551868018688
753034892380745728
753034760646119424
753033925560111105
753032146202210304
753031514347012096
753030015323746304
753028328571875328
753027976401264640
753027455514845184
753026662921408513
753025734000599040
753025674777010177
753025624621527040
753025456459309056
753024724616314880
753024232745873408
753023562429063168
753022713988390913
753022577942024192
753022357585874944
753022101104099328
753022100726657024
753022034796351488
753021964168536064
753020934072655872
753020738374766592
753020167395745792
753019936948166658
753019870774636544
753019811353927681
753019473112682496
753018355196375041
753018315396616192
753018008369369088
753017790282420224
753017599894495232
753017083185602560
753016288503406592
753016138682933248
753015730426122240
753014796732149760
753014290550972416
753013634905673729
753013585115123712
753013219896074240
753012869902413824
753012825992273920
753011732944007170
753011563619950592
753011254382342144
753010511315243009
753010276048396288
753008769630474240
753008700902604800
753008151364972544
753007496508223489
753006947499061248
753005609612476416
753005373578108928
753004587917774849
753003966879846400
753003557587070976
753003102203097088
753002877694521345
753002563163725825
753002526899712001
753002492418330624
753002492045111296
753002325833166848
753001011506057216
753000864298610688
753000284008263681
753000144434368512
752999039327539200
752998814038888449
752998483645181952
752998315365588992
752998225422848000
752997644130131969
752997574890524672
752997252931596288
752996940627849216
752996482496684032
752996351416213504
752996148667830272
752995337262862336
752995202307006464
752994640488337408
752994576827154432
752994109564956672
752993269932359680
752992607135858688
752992411379306497
752992131627614208
752991479761547264
752990365683027968
752990282518450176
752990199173394432
752990052699869184
752989831546888192
752989689204793344
752988964068352000
752988786523459584
752988650896359424
752988088348004353
752988047046615040
752987837268570112
752986496303456256
752986035617804289
752986011680944128
752985964008452096
752985837210447872
752985352315338752
752984943144280064
752984837221343232
752984689132965888
752984640911134720
752984060473901056
752983628527702016
752983498202284032
752983362185285632
752983125249044480
752982947221733377
752982840707391488
752982199813627904
752981854857289728
752981766491758593
752981720694042624
752980692640731136
752980386808942593
752979866652323841
752979391836065793
752979191121911808
752979104685699073
752978738673885184
752978196400787456
752977073505865728
752976865304780800
752976646588608512
752976604863696896
752976384960495616
752976361120075776
752975740941930496
752975357309882369
752975184529764353
752974672132579328
752973071179321344
752972906481590272
752972394415874048
752972238060605440
752971988474343424
752971875647496192
752971157964328960
752970990573920256
752970966683099136
752970324329639936
752970288602624000
752969938952871936
752969861983186944
752969133843632129
752969030739251200
752968279744843776
752967022724550656
752966370233503744
752966196555722752
752966168546115584
752965553338191872
752965202476306432
752964963841343488
752964767682207744
752964632197804032
752964525234585600
752964407651471360
752964211936899072
752964171214364672
752964072098836481
752963345603448832
752963258198261760
752962492121292800
752962010904666112
752961972648366081
752961820558622720
752960779217842176
752960533096046593
752960295580991488
752960260025913344
752959988906065920
752959770441625600
752959521085980676
752959485602242560
752959369969405952
752958578831396865
752958413777227777
752957006684708865
752956869065355265
752956839487082496
752956494912507904
752956428122333185
752956122777079808
752956110848397312
752955832006905856
752955820082548736
752955790248390657
752955754810707969
752955180874817536
752954687096168448
752954658969092096
752953512502304770
752953354121207808
752952903514492929
752952853048664064
752952852683685888
752952463729111040
752952410184658944
752952372767313920
752952320569188352
752952301652893696
752952025940238336
752951739007897600
752951719152070656
752951649543389184
752951630165782528
752951576063377409
752951567137943552
752951460506120192
752951323369152512
752951168783876096
752950760174825473
752950713693540352
752950441969713152
752950273392283648
752950254522109952
752950158153830401
752949946375032832
752949758163947520
752949111112896512
752948675916083200
752948557569679361
752948511461609472
752946985565425664
752946643394191360
752946561907208192
752946550033088512
752946395103961088
752946241802162177
752945716666863616
752945645179113472
752945497879359488
752945156031180800
752945114729689088
752944942624878592
752944477224902657
752943882321530880
752943854525878272
752943689261998080
752943540976574464
752943366627741697
752943092186001408
752942919531671552
752942859691536384
752942766129242112
752942653763747841
752942513413992448
752942294270029824
752942246777860096
752942108890189825
752942078917644289
752942013171965953
752941658493194240
752941582043664384
752941120645050369
752940954034638848
752940935315468289
752940180118523904
752939933443076096
752939909699080192
752939840929312768
752939711224647681
752939627401449473
752939484732203008
752939455296569344
752939022507401216
752939010708819972
752938926730457088
752938732014014464
752938473565204481
752938382720774144
752938342677786624
752937984899416065
752937934886539264
752937816170999809
752937652337246209
752937380059852803
752937271733518336
752937210442199040
752936833525223425
752936688679161856
752935654745440257
752935612072677376
752935474566565888
752935382405099520
752935255300943872
752934895144439808
752934590633816064
752934531125039104
752934215826550785
752934024289456128
752933972011737088
752933335811227649
752933266634649600
752933194031259648
752933153262542848
752932894063022080
752932809879150592
752932739511222272
752932674008813568
752932638151675904
752932436086919168
752932317220319232
752932133388161024
752932103335972864
752932061971820544
752931294888103937
752930862958678016
752930762907758592
752930534129446913
752930212468314112
752930044826165248
752929950756315136
752929950525693956
752929659856101376
752929541304164352
752929500178944002
752929458697281539
752929375939534849
752928924011679744
752928768633614336
752928436704780288
752928191782629376
752928167879331840
752927907350126593
752927830174904321
752927739938680832
752927531129376768
752927478499250177
752927280100368385
752927255144181760
752927190073774080
752926914793181184
752926902763925504
752926884950716416
752926813047828481
752926644432535552
752926567039250433
752926549142151168
752926204932526081
752926014536232960
752925456127500288
752925450150699008
752925301995298816
752925271834058752
752925259544748032
752925253551083524
752925142573907968
752925124752388097
752925089213980672
752925083274883072
752925077499281408
752925077130190848
752925023803813888
752924958091718660
752924952097980416
752924898859683840
752924810192138240
752924625747652608
752924613827436544
752924554368999424
752924499167678464
752924346138505216
752924315440455680
752924117028843520
752923997646434304
752923886199590912
752923808969871360
752923748710293504
752923706645549060
752923694700212228
752923617801871360
752923617348898816
752923504530436097
752923450423975937
752923444455485440
752923101336248320
752922949741535232
752922941382275072
752922935153815552
752922810306080768
752922809920135168
752922505497550848
752922417618522112
752922341319938048
752922331920470016
752922293307748352
752922134993711108
752922110700367872
752922092979433472
752922038054952960
752921999622537216
752921921247780864
752921877413138432
752921813244518400
752921670210379776
752921591055474688
752921498839494656
752921448742649856
752921357004922880
752921246724083712
752921246656897025
752921152574533632
752921152566075392
752921144496238593
752921035222061056
752921004867932160
752920976703094784
752920970474598401
752920969895776257
752920866988498945
752920810306666496
752920718413705216
752920638411517952
752920586658066432
752920493808680961
752920435138764801
752920434786512896
752920348148899840
752920286798880768
752920228707786752
752920171119906816
752920097597960192
752920061216641024
752919870157664256
752919869822164992
752919789815730176
752919751144251392
752919739995828224
752919717287858176
752919634630709248
752919583921545217
752919415537008643
752919388781633538
752919364098138114
752919328392040448
752919328392032256
752919301581975552
752919301577773056
752919292828487680
752919292824260608
752919249396445185
752919143817449472
752919143804919809
752919029665243136
752918950594289664
752918950497792001
752918888854138880
752918888820596736
752918882151608320
752918864854298624
752918864833327104
752918797959335936
752918732683345920
752918732310052864
752918711950913536
752918664106483713
752918594648838144
752918577779318785
752918549736271872
752918540601090049
752918530815762432
752918511274438656
752918491620003840
752918432622874624
752918423298990080
752918378713485312
752918361386778626
752918334799097856
752918293262901248
752918275646902272
752918265370771456
752918160571965440
752918134592409601
752918091231703040
752918046000295937
752917986164350976
752917971245248512
752917946985361409
752917917818163200
752917911786749952
752917911782633472
752917875984261120
752917870372192256
752917870019870720
752917858208755712
752917852294746112
752917821374332928
752917803531853824
752917779750133760
752917708346232832
752917644718723075
752917627043926016
752917603375460352
752917591304187904
752917579388157952
752917537621356544
752917484638916608
752917478062239744
752917414384246784
752917402476683264
752917396474634240
752917390313213952
752917366908985344
752917349158629376
752917331379007488
752917325406359552
752917319416881152
752917301431717888
752917289448505344
752917289436008449
752917247794946048
752917235966980097
752917235941777408
752917224105517056
752917199895998464
752917193784897538
752917169776709632
752917163799830528
752917157990719488
752917157835526144
752917151921479681
752917151913086977
752917145911107584
752917145898463235
752917139997110272
752917104152580097
752917104144232448
752917098133753856
752917068236808192
752917050352209920
752917044379521024
752917038083952640
752917020451012608
752917014579073025
752916990713434112
752916978986127360
752916940562141184
752916940440514562
752916918009376768
752916917996826625
752916904407216129
752916904398901249
752916894189957120
752916852737581056
752916846806835201
752916829010468864
752916817060859904
752916793132404736
752916793128132609
752916787251990529
752916781220581377
752916781216305153
752916757417828352
752916757409431552
752916751390609408
752916751382224896
752916745292132352
752916745279590400
752916739332026369
752916739327823872
752916733342593024
752916733342519296
752916721388748800
752916721380372480
752916715671949313
752916715479048192
752916709460160513
752916709451833344
752916703135227904
752916703114203136
752916697258962944
752916696898215936
752916671099052032
752916665252274176
752916636185743360
752899071778496512
752899020108894208
752874190773030913
752874084371800066
752823068431519744
752719540773986306
752709727646150661
752708971790643204
752679329134354432
752661704593412098
752653235983257600
752649136285970432
752630253122498560
752621007161008128
752600022282170369
752599980737605632
752599945455149056
752561721374494720
752554310009884676
752554299171803136
752531192025485312
752530836310724608
752524700857737216
752519358870544388
752490017948246017
752488315572531200
752469259385614336
752467103593082880
752438855106572289
752438807669055488
752438534481408000
752435490087849986
752428779247591424
752398243783249920
752372007765889024
752356223660404737
752336164506341377
752305400226074624
752295221212291072
752278916723683328
752278874554142720
752273151103426560
752269369040777216
752259172020785152
752218372989853696
752218253800402944
752218037588070400
752217866137513984
752217657613488128
752217615012012033
752217539246039040
752217364045832192
752217275948675072
752203401593630721
752196515787968513
752193068623736832
752183432633921536
752182214255734784
752171929046441984
752171840471068672
752171822624366592
752171810754404353
752170800036270080
752170788178894848
752170781933580288
752170758789488640
752170746860826624
752170740837851136
752170497752784896
752170473979457536
752170456329777153
752170438818557952
752170438478864384
752170119065776128
752170112975671296
752170095015628800
752170077449965569
752170065642942464
752170053978583040
752001887629561857
751973807536033792
751971611817816064
751965672092033025
751959966353723392
751959966328643584
751959959777124352
751959948624408576
751959932883218432
751959746500915200
751959352768991233
751958708318408705
751958708318380032
751958136907440128
751957342111997952
751957335543672832
751955061761118208
751955052080746497
751954320078147584
751954178151374848
751954157980921856
751954118340595713
751953523118469120
751953516957097986
751951754481184769
751951372308787201
751949268106158080
751949149818327040
751948570752790528
751946289793806336
751944651293204480
751944651289071617
751941344440922112
751936289105031168
751936226454712320
751936068191223810
751932045308358656
751931983073337344
751929814450405376
751929814442008576
751926072929841156
751913883279826945
751913756276322304
751884154812325888
751874614331006976
751865922911035392
751854539519635456
751853509113327616
751842921586888705
751829332700520448
751819924201320449
751803587538276353
751801012722118657
751789932864090113
751619053970530309
751607627168124928
751602035162689536
751592327915778048
751586961857449984
751563962324361216
751561678769131520
751536453033701376
751522868614164480
751522589248331776
751521847288537092
751521142913929216
751520742760542208
751520538904768513
751520300169175041
751519871788212224
751519629214752769
751519442597584898
751519111474057216
751518881160630272
751518382130814976
751512332379918336
751510114515816448
751507711938801665
751501069499322368
751496835466797056
751486660148277248
751480773530644480
751444434865131520
751437461495001088
751432636980076544
751421926946463745
751416824068083712
751395678576742400
751386978046783488
751385831730843648
751360038103609344
751315046630760448
751302374312947712
751287996914110465
751287788511780864
751287689211547648
751284284959256577
751242386714423297
751194084564279297
751164216858464256
751158836166160384
751151713428475905
751131789670756352
751129397034258432
751124960781799424
751124169723555840
751122035976261633
751117724042924032
751108484754608128
751097509494173696
751096554820218880
751096502240419842
751095676964966400
751094830688636930
751094497014984704
751090943810424832
751090270880477184
751090058766131200
751085884745789440
751085008652234753
751084211033894912
751082502177955840
751076257882746880
751073544222552064
751071836763402240
751067943660720128
751058707975249920
751049401045442560
751047953754664961
751037373937426432
751037006054977538
751027596058464257
751018920442671105
751013394832986113
751013129216077824
750988867767898112
750982146387357696
750972114555985920
750962421045403648
750953402146824192
750953225663250432
750937134178050049
750930588232617984
750930327036506113
750923437393096704
750922652777189376
750913725557714944
750911902201442304
750906087872696321
750897941921935360
750895622513790977
750888378049060864
750886041855225856
750883317751230465
750881384391028736
750874479887351812
750872471817953280
750871540367958016
750871057830076416
750870290582806528
750869865964015617
750869181944307712
750868965354721280
750867637807095808
750866656147058688
750866041106894849
750863990759182338
750863443498897408
750862426115940352
750854296384647169
750848767109111808
750847668721639424
750843034451914752
750842199080701952
750838174176256000
750836898571046912
750836047949410304
750828416618799104
750828360989761537
750827300455800832
750826153171050496
750826150432165889
750825309646180352
750821929125163008
750820345267957764
750820090820431872
750817728055767040
750816959835418624
750811933293498368
750807041178869760
750806537015136256
750806470359330816
750804041240752128
750801682104143872
750800310126276609
750795999770128384
750794981099515904
750793980686643200
750793830480220160
750793396361453568
750793386861293568
750784740941180928
750784350640189440
750783772388233216
750783254702149632
750781169684262913
750780534591066112
750780091672649728
750779831621595136
750779364548030464
750779107969904640
750778521794912257
750778225660268544
750778191107633152
750778092285595648
750775489262825473
750775419918430208
750775187742732288
750774826684420100
750774759734988800
750771441813954560
750770310761156608
750768642288078854
750766688392450048
750763250766139393
750762259656286208
750762098506936320
750761136073564160
750758981065289728
750758406537949184
750757278102351872
750751859921432576
750751061393092608
750751031311503360
750751012814622720
750751006799962113
750750988491890688
750750982401761280
750750964089393152
750750951682695168
750750945416392704
750750926818775040
750750901837500417
750749124090142720
750747718570549248
750747439766704129
750747338268766208
750746907501207552
750746749271019521
750746553229336576
750746473038426112
750744680808062976
750744295724838912
750744283292966913
750739296374501376
750739124668080128
750738779485245441
750738574920802304
750735815815290880
750735477246873600
750734563639304192
750734435260112896
750733435988160512
750733405252313090
750731177456132096
750730681320296448
750730662584299520
750730545940746245
750730217346330626
750726664007462912
750725452214317056
750725175558086657
750722578268905473
750721595048488960
750720019542138880
750718603125665792
750717039988183041
750715094670069760
750714943314403328
750713304452993024
750713179861229568
750712572895072256
750712469706813440
750710714122113025
750710713782448128
750710707688083460
750710380767252480
750709855153971200
750709440135835648
750708097723736064
750706812362510336
750705670458978304
750703742220050432
750703393845366784
750703143374032897
750703076806307841
750702398201475072
750702310578237440
750701307262930945
750700891720732673
750700211215806466
750700048170651648
750700006684844032
750699601510830080
750699121418252288
750697084202823682
750695999048331264
750695700728459265
750695385211899904
750693618009059329
750691832623804416
750691614297694209
750691559763357696
750687650860847104
750687587711406080
750687217106841600
750687166473220096
750685704951181312
750683239442894848
750682004371365893
750678375396552704
750677382294409216
750675814010658816
750674976341053441
750666124346306561
750665593913696257
750664318115426304
750661071736754179
750660823840792576
750659600253194240
750655800658407424
750654703860539392
750654573941919744
750652301904261121
750652024635568129
750651848562839552
750651105273458689
750648855901851648
750648844157718528
750644880863408128
750642864787320832
750642705504477184
750642322191241216
750640999806824448
750637300246122496
750634843692601344
750633633812144135
750629352824410116
750628251538558976
750626409979142145
750626362965172226
750619988721934336
750616719132012544
750616240587087873
750612032580300800
750609885763481601
750606824605294592
750601284663652352
750597317154209793
750597231359787008
750595453297852416
750591048246755329
750587724290224129
750587208340561921
750584336525778947
750582977931964417
750582714718416896
750582129617174529
750581102117552129
750578278465998852
750576450315644931
750575856851050496
750572222322991104
750571250813112322
750570517548109824
750568343938146308
750567934456631296
750567557858549761
750565890987548672
750563897841750017
750563053725515776
750560329608855552
750560203821682688
750560137849532416
750560016873164800
750559774723416064
750559183171416064
750555331676278784
750554376067018754
750553708862246912
750552537418362880
750550047918530560
750549749573574656
750549217916092416
750548950919344130
750546216560291840
750546161719730177
750546024549249024
750543655610580992
750543227057561600
750542622855458816
750542168461377537
750541717703712768
750541246364540928
750540789089009664
750540327153524736
750540276121436160
750538740746125312
750538262683541504
750538127895330821
750538061147152384
750536965158830080
750536431739736065
750535973134536704
750535697296158720
750535235297828865
750535204494831616
750534790697410560
750534338152771584
750533948355153920
750533820575649792
750533733929791488
750533668452438016
750533418526531584
750533006150889472
750532571109351424
750532153415311360
750531433949650944
750531041635344384
750530724357238784
750529751903662081
750529688343228417
750529238483165188
750529025437605888
750528727394562048
750528200074141696
750528176372060161
750528097485631488
750527742618136576
750527638003867648
750527380591042561
750527052491550721
750526349920473092
750526283176615936
750525414670364672
750524768156213248
750524385644072961
750523374250500096
750522636770222080
750522355248537600
750522198188658688
750521213533892608
750521176808534016
750520984747200512
750520060226121728
750519741509357568
750519258778525696
750518758607773697
750518469599256576
750518358643085313
750518352393547776
750517912943730688
750517516141678594
750517446709092353
750515851942506496
750515815032631297
750515808544002048
750515728361463810
750514978176831489
750514394400894977
750513737598062592
750513321183358976
750512915346632704
750512375875330048
750512341989466112
750512094110416896
750511219421827072
750510954081726464
750510015681671172
750509978943840256
750509678015029248
750509580942061569
750509428793708544
750508960264839168
750508857525432320
750508364354826241
750508063132569601
750507844932284417
750506807609602048
750506796553428993
750506645168410625
750506522875076608
750505874293043200
750505735432220673
750505441654779904
750505374743089152
750505190436904961
750505087152173056
750504966788263936
750504936513736705
750504887868198912
750504238678044676
750503832342245376
750502709631954945
750501358357270529
750500325258244097
750500080830935040
750499973997875200
750499558686269440
750499308466630656
750499095790313474
750499035270701056
750498137597353984
750497481620807680
750497457499365376
750497342286131200
750496825895886848
750495540018679808
750494632648192000
750494535357116416
750494179965358080
750493821994086401
750493810031890432
750492951277559808
750492902258642944
750492816720015360
750492810587938816
750492804472639488
750492650747277312
750492614365896704
750492498624065536
750492461269528576
750492359301881856
750492098562912258
750492049875406848
750491934838263808
750491765220581377
750491240831987713
750491136305696768
750491075798675456
750490845673984000
750490675167137792
750488904906608640
750486942857371648
750486707632369664
750486695657631744
750486137513218048
750486009817686016
750485525232922624
750485269783076864
750484807914692608
750484771772313600
750484375574196224
750484345073184769
750483981401939968
750483653478608896
750483544271499264
750483386305622016
750483228838928384
750482703519084544
750482418822295552
750481980362338304
750481871209832448
750481779652308992
750481601138597889
750481369914941440
750480981677600768
750480534413799425
750480412674109440
750480315433398272
750480066987954176
750480012143239168
750479668726239234
750479505114865664
750479378283261952
750479294258749440
750479276240056321
750479097415864320
750478915123023872
750478776589430784
750478472703647747
750478448657723392
750478254838910976
750478218445021184
750478181744783360
750478066502152192
750477926592749568
750477468243406848
750477389197504513
750477370738380800
750477370369257472
750477298822844416
750477055767089152
750477001123770368
750476867480588288
750476831246000128
750476746311372800
750476556921745408
750476436025143296
750476201307705344
750476128360419328
750476036886831105
750475989172367360
750475480776581120
750475456252522496
750475321829265408
750475297657544704
750475206578216960
750475018606260224
750474927531106304
750474384154898432
750474152822190080
750474090549424128
750474060035792897
750473823510671360
750473526008647680
750473501606236160
750473356168667136
750473295506477056
750472964827557888
750472692948541440
750472655640227841
750472497624129536
750472354363351040
750472273564356608
750472242140581888
750472124603699201
750472099446206464
750471966222524416
750471382610300928
750471181686321152
750471108575449088
750471096248315904
750470962894675968
750470732136583168
750470683449106432
750470481141075968
750470204635820033
750470204283510784
750469966600679424
750469818503950337
750469765559250945
750469697833881600
750469533027094529
750469508255539200
750469372175523841
750469272879525888
750469254550401024
750469163550806016
750469114712379396
750469059733360645
750468647492079616
750468444819038208
750468420336963584
750468116946169856
750468092820541440
750468074449440768
750468066757062656
750468054170021888
750467958413987840
750467885294768128
750467733880336384
750467333898969088
750467278857089024
750467029258219520
750466793106317312
750466774500454401
750466725984866304
750466689406410752
750466542492459008
750466374191837184
750466314217492480
750465650577911808
750465650036871168
750465643795714049
750465491039244288
750465079057887232
750464892931411968
750464862631833605
750464747611402240
750464644444098560
750464428290736129
750464293624115200
750464210123927552
750464137562451968
750463567929876480
750463549735071744
750463225397776384
750463018308280320
750462959038586880
750462473350680576
750462442690387968
750462248594776064
750462043107389442
750461898898878464
750461892737445888
750461699258363904
750461656820424705
750461638709383168
750461511122849792
750461427782070272
750461348530692096
750461127683743745
750461115549626369
750460890269380608
750460772082339840
750460656969588736
750460602233950208
750460335417503744
750460019099914240
750459879941287936
750459745757040640
750459414461620224
750459065839472640
750459016837369856
750458824016879616
750458726390214656
750458653950418944
750458641740771328
750458617472528384
750458568457924608
750458519489359872
750458441655738368
750458309329596417
750458308805267456
750458290711072768
750458216719347713
750458034699145216
750457991678169089
750457888640933889
750457876527800320
750457858265718786
750457852049825792
750457815102156800
750457621295951872
750457307117395969
750457287580393473
750457281288949760
750457174162182144
750456980666363904
750456922092953600
750456702928125952
750456569117020160
750456556852957184
750456526507167744
750456375478591489
750456283522666496
750456215897907201
750456197535281152
750456118615220224
750456027636572160
750456015896735745
750455997500493824
750455932589486080
750455920631566336
750455920287637504
750455706029924353
750455663415832576
750455602929758208
750455566460387328
750455554015760384
750455499015856128
750455457521643521
750455457123225600
750455444804558848
750455196543688704
750455160132907008
750455087395270656
750454963810148353
750454854728896514
750454836399792128
750454806376886272
750454806003658752
750454628009906177
750454591695691776
750454506303856640
750454351898943488
750454315467182080
750454303249141761
750454236459085824
750454230431916037
750454200765517825
750454060839366656
750453781012242432
750453665840832512
750453477671784448
750453463998296068
750453457736249344
750453404682465280
750453289246875648
750453252605390848
750453228228214788
750453202235961347
750453159072456705
750453140969795584
750453110477246465
750453013106466816
750452871930388480
750452853634789377
750452847532077056
750452811343683584
750452769157292032
750452739264614400
750452679818637313
750452631496040448
750452528169390081
750452497781657600
750452424884629504
750452376281100288
750452297176535040
750452278633467904
750452181225000960
750452144826789888
750452072059809793
750452035728789504
750451968565350400
750451949548417025
750451918497914880
750451888244482049
750451869940453376
750451827808755712
750451821714370560
750451626939289600
750451584627142657
750451548203868160
750451512061538304
750451499663126528
750451499658981376
750451493136834561
750451493111607296
750451415139512320
750451414845956096
750451354573778944
750451354573737984
750451335804227584
750451305450057729
750451207882231809
750451104849080320
750451020275212289
750450971717738497
750450917804109825
750450887529607169
750450875244490752
750450802406240256
750450724069257216
750450711826014211
750450687218110464
750450650786344960
750450632343949312
750450522562322432
750450510218407937
750450447370973184
750450424444964864
750450418367344640
750450393855848449
750450393851670528
750450376084627456
750450369897984000
750450369717612546
750450338927243264
750450338923065345
750450302134792193
750450265694703617
750450241686544384
750450217158193153
750450205204443140
750450185281474561
750450168760184833
750450168722444289
750450156584128512
750450150787604481
750450150456238081
750450144420605952
750450144332525568
750450138254962688
750450138238164993
750450126112509952
750450126099869696
750450095259168768
750450064783388673
750450052389228544
750450046227746817
750450046210945024
750450028179623938
750450003617861632
750449972991004673
750449966921895936
750449948672471040
750449922143449088
750449903806009344
750449903797624832
750449891869007873
750449873581797376
750449861560922112
750449855139504128
750449837116493825
750449824818880512
750449806577840128
750449806569447424
750449782229913604
750449757911281665
750449757894504449
750449751783403520
750449715448147968
750449715435573249
750449684968116225
750449678802563074
750449678794100738
750449660637032449
750449654416830464
750449654412652544
750449648209321984
750449642089754625
750449642052083712
750449636091924480
750449605683261442
750449575811362816
750449569649991680
750449563543089152
750449563534659585
750449551631224833
750449545494999041
750449545482366976
750449539325173760
750449539320909825
750449527056850945
750449520769576960
750449520757006337
750449514557779968
750449508828389376
750449502738272256
750449496706813952
750449490885091328
750449490528657408
750449478142877696
750449466088513540
750449453736140800
750449441530793985
750449409293332480
750440824018644992
750432568458092544
750428484757966848
750409686415863808
750406903683960833
750397750261362688
750381424633524225
750349711110840321
750343070579773441
750332186998353921
750304361612324864
750187931499843584
750177595535138816
750085066026430465
750081693873156100
750076776672485376
750073829502754816
750073045109256192
750070142671790080
750049110237982721
750049066529107968
750048997805469696
750048020176121857
749997776864358400
749996016544296961
749994590522920960
749981170788552704
749893262777856000
749860310945640448
749859759528955904
749838216346243073
749803780498153472
749757466838052864
749746195061313536
749742344417660928
749739642304344064
749735574693515264
749734950568488960
749728055510183937
749721877854257156
749721335866073088
749719552540323840
749713075155021824
749683757397872640
749671735910240256
749671692952215552
749645562773803008
749640890776375297
749623574709755904
749594367363395584
749582030120243200
749500929401974785
749467351465074688
749429685600210944
749302528202772480
749268446991380480
749264997260271616
749254432244666369
749240359310340099
749189210888806401
749153538912071680
749150609253625857
749074882583945216
749072399274897408
749050141227659264
749045931719270400
749043967501619200
749043320366575616
749038368709718017
749000882184871936
748987560194551808
748984610504134658
748983422425509888
748982726674386944
748982459627286528
748947945580617728
748941947046203393
748940315675881472
748939247135043584
748932475489890305
748924569344368640
748924295473041409
748923444167794688
748922869493620737
748906646827479040
748899281935798272
748897065959239682
748883440645189632
748858954407563264
748852460505079809
748827032440549376
748773150922379264
748772747363266563
748772299944308736
748743403026784262
748727662340771840
748726338387791872
748705737023500290
748701423823572992
748695242899984384
748689890829701120
748678785399001088
748667599727169536
748664758853742596
748659308359933952
748656169556668416
748655769466220544
748644355963904000
748643792283017216
748629752198492160
748625503913807872
748623807665967104
748620934756462592
748619995337228288
748619604910448640
748616600685678593
748613245758373888
748578123566837760
748563030523281408
748559611393761280
748553709190152192
748549088111517696
748546738907021312
748544345733636096
748543862042292226
748543033503670272
748540518888419328
748533072832782336
748532790002491392
748529654294675457
748528878864330752
748527201297932288
748526998968893440
748526104705523712
748525065235369984
748518494317088770
748512681255014401
748510976190779393
748510719184756736
748509669425979394
748509008764428288
748506632603070464
748501470312423426
748499698999189505
748498848922763264
748497183037485056
748477236953526274
748471913966514177
748471163936903168
748461226556960768
748460297795473408
748454963882262528
748453132410073088
748434348555132928
748432101679067138
748429618751803392
748427120326508544
748426337908461568
748415288568254464
748414601214074885
748414286834212864
748407434696224768
748407428526407684
748406909972021248
748406818297118720
748406587736231936
748406255232835586
748406191894605824
748406035585523712
748405830312030210
748405476296056833
748405463218155521
748404360548229120
748404360216875008
748403789489549312
748402823247835140
748402422830272512
748401964422152192
748401389664092160
748401114501025793
748399962606682113
748397913009754112
748397838070124544
748397825927618560
748396986261471233
748396824831090692
748396668702310400
748395278097612800
748395187320266756
748395002980614144
748393855549059072
748393663286415361
748392821288206336
748392488172421120
748391693972537344
748391551697555456
748389187301294080
748388556079497216
748387613699112960
748386350106349568
748386020048134145
748386000943058944
748385845527326723
748385476822859776
748385225667915776
748385029995245569
748384801619574784
748384353030385664
748384320268673025
748383394367676416
748382654756683777
748382261926633473
748380842007859200
748380663234072576
748379958880382976
748379727711322112
748378896651935745
748378878436085760
748378671145226241
748378596524310528
748377968565690368
748377873375985664
748377393753169920
748377300069195776
748376717509672960
748376598819250176
748376430426324998
748376238234935296
748376058697814017
748375561664339968
748375029071613952
748374830362288133
748374452107358212
748374445815906304
748374220745359360
748374117737443328
748373982685036545
748373543231102977
748373473232322560
748373365539373057
748372844774567938
748372473041813505
748372398089572354
748372293550804992
748372206300827648
748371802456530945
748371597032038406
748371502022660096
748371242051379200
748370767801364480
748370384425197568
748370309934354433
748370191755653120
748369716364873730
748369561242705920
748369263803645953
748369207524470786
748369152298070016
748368567503097856
748368246810775552
748368234315939840
748368030825086979
748367577987026944
748367553119019008
748366735628181504
748366710328164352
748366524981837825
748365687438049280
748365377915195392
748365260336300036
748365229663346688
748364377279995904
748364345684295680
748364245952147457
748363099539795968
748363031193620480
748362635993722880
748362255998148608
748361658125279232
748361639301259264
748361627011936256
748361514399080448
748360432016986112
748360258045652992
748360129230233600
748359922769756160
748359914645401600
748359619798409216
748359601024692224
748359508330573825
748359274359721984
748359180768010240
748357616133242881
748357466962812929
748356042778505218
748354856788733952
748354518618763264
748354373508435968
748353488220889088
748352784995479556
748352026434641921
748351944737988610
748351626306433024
748351116635582465
748350954571862017
748349933200171008
748348467307646977
748348087450537985
748347833485430785
748347541737992192
748346067964465152
748345701176729600
748344507633106945
748343299442765824
748343097117925378
748342919153610753
748342742716018688
748342331846209536
748341952530132993
748341809756069888
748341084594413568
748340755505131520
748340718729465856
748339988287229952
748339664596021248
748339614599897089
748338179766247425
748337167621980161
748336981948538880
748336962923159552
748336813425586176
748336724846080000
748336712217092097
748336544126111744
748336331336540160
748336306581737472
748335725393809408
748335482795225088
748335291132350464
748335278381621249
748335154632888320
748334743914053633
748334382046273537
748334133407997953
748334034229465088
748333537728700416
748333313731891200
748333143447396357
748332685475536900
748332623672446976
748332082389147648
748332057403678720
748332026181218304
748331959298908160
748331915388690432
748331389678817280
748331271827263488
748331233512300545
748331083679174656
748330697991950337
748330660561989632
748330641737949185
748330629293477888
748330343682318340
748330324862459904
748330082054209536
748329474408607744
748328531784925184
748328147666378752
748328053349113856
748328027809943552
748327925422780416
748327616151597056
748327264366911488
748326924913508352
748326732898279425
748326595199266816
748326508024852481
748326425657126912
748325954481623041
748325693566525440
748325421351993344
748325116530941952
748324916550737921
748324835206455296
748324779434745856
748324668285673472
748324518058332161
748324499171401728
748324474416553984
748324099345113089
748324038108278784
748324037303033856
748323813884993538
748323619827134464
748322821990809601
748322484294811648
748321483806519296
748320681805287424
748320524762128385
748320161950666752
748319884610674689
748319872593993728
748319607459442688
748319595484745728
748319427393789952
748319401418469377
748318930226143232
748318881182150656
748318582350581762
748318074562977794
748317555735953408
748317448823152640
748316133338406912
748316126719795200
748315907538051072
748315831713431552
748315750360711168
748315481702948864
748315208599298049
748314667139817472
748314022022258688
748313779784417281
748313659051384832
748313398719352834
748313333330124800
748312908744925185
748312860745306113
748312154651009024
748311446094639106
748311241974702080
748311102967013376
748310782950006784
748310720886902784
748310714654175236
748310466368155648
748310207671873536
748309442811203584
748308679368146944
748308514049654784
748308333929500673
748307481864998912
748307346921652224
748306837825417216
748306145777836032
748305733708484608
748305578993147904
748305026540412928
748304459378286592
748304372132569088
748303985862336512
748303063383871488
748302970559696897
748302558649683973
748302016837885952
748301720883593216
748301714566963200
748301509830447104
748301466398449664
748301397246906368
748301298156482560
748301187091312640
748301106162237440
748301037157527554
748300802247135233
748300732420390912
748300342379503618
748300212804845568
748299941064282112
748299815692316672
748299765696237569
748299268134363138
748298935618273281
748298856211742720
748298142576087040
748297939991175169
748297841706053632
748297664127655936
748297446149627906
748297383709020161
748297272094384129
748297162253996033
748296680894693377
748296624925925376
748296314052448256
748294121089949697
748293884187336704
748293561095860224
748293095167397888
748292674105417728
748292543742251009
748292213663109120
748291838126088192
748291503676502017
748291250344755200
748291075052208130
748290810643283968
748290314146717696
748289368897392640
748289064500002816
748288864729477121
748288771473342464
748288270174294016
748288124459966464
748287695626002433
748286936779939840
748286719984709632
748286425733300224
748286210284523520
748285906042249216
748285099746091008
748284937485189120
748284483686670337
748284420692447232
748284129658081280
748284129603526656
748283160794828800
748282964606255104
748282783034802177
748282584396816384
748281226536976384
748281089240633344
748280888442519552
748280888086036480
748280610498576384
748280155534032896
748279774452187136
748279473083027456
748279140059516928
748278381825794049
748278189797978112
748277817142456321
748277705284558848
748277396881604608
748277307505160192
748277029255012352
748276892080320512
748276840591024130
748276192051003392
748275293438119937
748274495987679232
748274489637502976
748274346397818880
748273248790417408
748272711860785152
748272624464068609
748272445904166912
748272352106975233
748272239456378880
748272208175202304
748271905925279745
748271793073315841
748270880434753537
748270843373846532
748270428108390400
748269138217472002
748269119376527360
748269019623415808
748268887687340032
748268415035465728
748268396098138112
748268216393183232
748268209879425025
748267972586676229
748267817816854529
748267512421195776
748266557969600513
748265564066349056
748265259622764544
748265123463106560
748265104399949824
748264900934279168
748264475342446592
748264307595448325
748264271260200960
748264073142251520
748263276283207680
748263053209149440
748260769985224704
748260709876719616
748260322268483584
748260322260094976
748259582766522368
748259327748628480
748258610711404544
748258442368823296
748257816679350272
748257485048320000
748257386347925504
748257254319730688
748257253749207040
748257221583077376
748256995086503936
748256895144599552
748256770032709632
748256680014544896
748256314132836353
748256228493516802
748256166900228096
748255988201840640
748254757077188609
748254334907887617
748254150329151488
748254099989106688
748253629765693440
748252101021597696
748251032270999552
748250883268304896
748250596260515840
748250099130634240
748249794733170689
748249589065482240
748249439425310721
748248658861162496
748248515554357248
748248331508322305
748247645093670912
748246975955369984
748245895246839809
748245882672275456
748245857573601280
748245669895254016
748245588194402304
748245413157703680
748244982901837824
748244506789576704
748244332214263809
748243921507999744
748243462919585792
748243276424089600
748242731554603008
748242505477431297
748242400393322497
748241458981834752
748239717880168448
748239673588256768
748239547817857024
748239398420910080
748239313234624512
748238896924758017
748238555181289472
748238168978161664
748237924609626112
748237865641877504
748237821798842369
748237579200278528
748237354104610816
748237342679269376
748237323679129600
748236747557863425
748236587868135424
748235765461639168
748235666366967809
748234813333635072
748234426195206144
748233886077853696
748233698022088704
748233399932837888
748232783328206848
748232370696773632
748232039149633536
748231830596292608
748231670789083137
748231511426506752
748231467692482560
748231461984043009
748230165684051969
748230057945030657
748229640427184129
748229055003009025
748228601267425281
748228217476046849
748228211088064512
748227928954019841
748227810645291009
748227295291154432
748227182518894592
748226629097267200
748225754912063488
748224153283530752
748224034236571650
748223848202403841
748223267438112768
748223186454515712
748223128325619712
748222995173236736
748222503508541441
748222363829886976
748221892767580160
748221768242888704
748221619739340800
748221519071842304
748221190301323264
748221003130503168
748220985761882113
748220873576873984
748220854790610944
748220711886430208
748220118983806976
748219614279012352
748219103337287680
748219021925855232
748218563970768896
748218150974459907
748217901459480577
748216890405752834
748216547886280704
748216156364771328
748215709885308928
748214569659572224
748214183171284993
748213885484695552
748213609906372608
748213185442832385
748212986821566464
748212185965334530
748211848692981762
748211630354235392
748211435050655745
748211079491162112
748210905633030144
748210546202152960
748210452287492097
748210387091238912
748210300806004736
748209927722696704
748209908923805698
748208862721806336
748208844380135425
748208627224186880
748208376824291329
748207931984797696
748207464923832320
748207304504270848
748207221582921733
748207088086585344
748207055463321600
748207017186074624
748206734150295553
748206303542026240
748206179193495552
748206172864315392
748205271718125568
748205184883429376
748204680719675392
748204661568503808
748204563224629248
748204135334322177
748203394976743424
748202695589232640
748202098228002816
748201838457978880
748201032354693121
748200634931871745
748200467721687040
748200304609374213
748199806149890048
748199618018582529
748199295778590720
748199200634994688
748199088089292800
748198932316991488
748198690536337409
748198634387234816
748198184594202625
748197618933604353
748197618543517696
748197590936649729
748197542815375361
748197398707503104
748197069102297089
748196932028239872
748196931650760704
748196000595009536
748195957368487937
748195776593960960
748195683119726592
748195333650321408
748194799484710912
748194679951237120
748194555900526592
748194417673023489
748194268276088837
748194256225873920
748193840213831680
748193748463431681
748193536990863361
748193331641913344
748192904259088385
748192569536831488
748192530567553024
748192277269352448
748191895306665984
748191817510752256
748191290341220352
748191283995303936
748190655894036484
748190457138536448
748190314620346368
748190307578056704
748190265446268928
748190258647302145
748189972893564928
748189966631473152
748189873635397633
748189594454130688
748189486773768193
748189356817420288
748189220108283904
748188752288219136
748188559350214656
748187749958586368
748187508760940544
748187372500582400
748187103154974722
748186954710192128
748186436243906562
748185668438745089
748185328159072256
748183109229645824
748182616768053249
748181394942103552
748180999666753536
748180776525520897
748180714907045888
748180057688969216
748179479386689536
748179117841866752
748179018420125697
748178434057084928
748178310010540033
748178266364612609
748178197015986177
748177856132308996
748177708274716672
748177363171565568
748176854767394817
748176603721539585
748176425862070272
748175773014450176
748175306565967872
748175262668316672
748174195863883780
748173490503614464
748173235104079873
748172869482381312
748172469052137474
748172182061092864
748171529209319426
748171406244909057
748171243816288256
748171175075844098
748171139071893504
748170913917476865
748170851258793984
748170750691946496
748170725991686144
748170538825068544
748170445413744641
748169217422221312
748169031782277121
748168466536947712
748167959479095296
748167894152839168
748167714649214976
748167484738416640
748166994852093952
748166517921976325
748166215009349634
748166072373633024
748165080194285568
748164993061793792
748164905845436417
748164790359465985
748164014635548673
748163416590737408
748163144409767936
748162797121396736
748161769672085505
748160972708184065
748160935626366976
748160867015897088
748160057381007360
748159154779365376
748158920733036544
748158628528459779
748158622295719936
748158584999972864
748158561138577409
748158229054578688
748157691546083330
748157306915815424
748157238125027328
748157157254651904
748156079675052032
748156042001981441
748155752573853696
748155192302960641
748154994717646850
748154914115727362
748154820595318784
748154494555324418
748154406504304640
748154252632031232
748153766080192512
748153275141132288
748153274742636545
748153156073185281
748152844864282625
748152794348019712
748152279283314688
748152211235049472
748151270725165056
748151076927344640
748150856671891460
748150838351192065
748150781249978369
