744563615030611970
743835710499627009
743471614575054850
743109195658989568
742748639026499584
742404239377342465
741298985273462786
740955213784186880
740575787200348160
740347688370077696
739985816303206400
739271359692296193
739217310011908098
738761626178998272
738530076162203649
738390391901196290
738176001230802946
738037588808720385
737672328767639556
737327796058357760
737312760929755137
736232759513878528
735869674177462273
735500749400985600
735130053839724544
734776234475819009
733698111843930112
732964196606828544
732613351998554112
732613272768126976
732601826357350403
732247906715983872
731197396420435968
730789971552915456
730563266645102592
729747741794926592
728751275739742208
708349338150285312
707993869875425280
707631177457225728
707264211747868672
706902292952272896
706536932507947008
706165332784738304
705815011327811584
705561401427955712
705452456814055424
705136420227125249
705090189056561152
704774243699961856
704730739149901824
704522861915074562
704428530424291328
704379349223415808
704043158733262848
704008341006057473
703740735384719360
703646773655416832
703401428547674112
703355823251042307
703354188663812097
703331122122371072
703263426965966848
703244527100948480
703046721073352704
703029176480038912
703026817842745345
703024050700886018
702987311986782208
702983229763092480
702969995433672704
702965317916454912
702900987086831616
702895159017672704
702723569701281792
702703372281978880
702668510527225857
702656819563335680
702656434027130880
702655874309853184
702654921175240704
702654145249935360
702653737169395712
702627520294854657
702626438730653696
702592009211514880
702584506029441024
702555310951563264
702529335547273216
702348521471668224
702293690438406144
702233123518435328
702207239889645568
701918530200018944
701878162976706560
701821691303833600
701475332889690112
701469721141637122
701255266277335040
701128939796705280
700820607538065409
700812311179563010
700747054935445504
700515281458831360
700489079759089665
700428778921537536
700385551489245184
700099652616466432
700066554663141376
700036975299031040
699736219815514112
699724039145664512
699702417319854080
699655296214396928
699292541829533696
698973775937712129
698935456562487297
698570986665279488
698273975776858112
698206535487352832
697891076548329472
697846107917844480
697547109319442432
697477350313725952
697237953077075968
697117720060399616
696755597270585345
696518404966998019
696036615412580352
695668437805182976
695305963729911808
694970388539842560
694581177223524352
694220886887370752
693131185891840001
692882774391304193
692406591035940868
691746123568979968
691681749940568064
690678589348425728
690660273292648448
690635867694608384
690614642347892737
690383868801593344
690274946791043072
688164687439990787
688142526943920129
688055772555554816
687347752615841792
687045731618689024
684490195790475264
682259695789195265
681535108294164480
677930070271328256
677930011601428480
677577258895192064
677551252591382528
677222710791897092
667046726285463552
666788420954394624
666744425784061952
666682665928540160
665280266886213633
665260466986315776
665245394889146368
665230845385379840
665214803783249920
664977623328514048
664929689790648320
664925565267238912
664923095837204480
664867103703347201
