939299565005606913
939254907026264064
939236291685879813
939226746209161217
939198542257717248
939179525073768449
939178957852762112
939178808187412480
939178788461584384
939000255126708225
938997064146460675
938902073621471232
938893374580510720
938873172283346947
938841953839357952
938841941461975041
938744057433591809
938638130009264128
938611686281482240
938557555906940928
938547269820932097
938531037952475141
938529539394809856
938509273159651328
938466342591545349
938455892181340160
938395123892748288
938273798675103746
938249776444919808
938215685666365440
938195931685629952
938169428054642689
938169347993780224
938169179986784256
938169134554103808
938168891972272128
938168122279890944
938095511596359680
938065850363531264
938032371877732353
937873313841451008
937798753951666176
937791557935120384
937791031973761025
937736933459062784
937685400713355264
937521235835195392
937494064349499394
937437439655862273
937397058641780737
937385327223812097
937336631668957184
937168656269750272
937156687923904514
937141703995043840
937141685179449345
937126538268631042
937126491804045312
937074553376952326
937034530980057089
936971859077234690
936945297930022912
936823994879057920
936789655810228225
936770535752531968
936763605541969921
936727792695177216
936727771736285185
936718354525630465
936690018634092544
936671753757224965
936661813629980672
936582564927635456
936433304529788932
936430909292777472
936425769303199745
936411949549711362
936358320360869888
936310834770403328
936277730223570944
936277584374927360
936249782842089472
936219536415756289
936098212091514880
936074949130932224
936068013324980226
936037819931414528
936010529625296896
936007863738155009
936007835552440320
936007477971247104
936003633866596353
935972517315076096
935932207239258112
935919186546655233
935856759574495232
935735320741580801
935713091316338688
935674930582249472
935659236729806849
935656729638985730
935656595001708544
935651766581870592
935651517096386560
935651338129571840
935629671567380481
935558833233113088
935529117222625281
935374946511007744
935336593585557511
935314548931944449
935254287298506752
935200178268712960
935163583721299969
935148605551403008
934984515080028164
934957327513477120
934900726475689984
934861377495330816
934848630682505217
934800671483879425
934631937490202624
934588018282856448
934537834530328576
934497838649790470
934449145041113090
934437020591640582
934435136803917826
934252961303285761
934233846811385856
934227644400447488
934153295823765504
934125108494589953
934046456226484224
933896623264075776
933889076142530560
933875234251386881
933864755856642048
933821618140442624
933791765194330113
933759209182769152
933713750892449793
933683551966547968
933538260869107712
933473853166235648
933435820232663045
933429365454413824
933420593050988546
933411610609283072
933382500092645376
933320666761359360
933199361533718528
933176344535556096
933169163861876738
933138969436368897
933122525411921920
933113889603993600
933093843553075202
933022107965018112
932992387168817154
932836469806436352
932807081551384577
932799886898204672
932717570901336064
932663467529601024
932649438090162177
932649346612412416
932611871282167808
932447816982687744
932420643777232897
932370429561507841
932364003522830336
932325279258828803
932311903485022208
932095229016109057
932006756993167360
932001128698515456
931961104120647680
931906867596595201
931898465893933056
931716247485599744
931697132427505664
931689220783202305
931616569045766144
931588393066221569
931567531239735297
931538182277140481
931507990749999104
931386668623556608
931359875258560512
931352319442280448
931338511453708288
931284917970972672
931284880893382657
931248970747260928
931217929961586689
931217727066218496
931217649891139584
931001536125308928
930996100726706177
930937128296558592
930899130897043457
930886917264150528
930845768004636674
930814899915247616
930639640738091009
930603011830960128
930585772302000131
930557718133395456
930485388925337605
930455675339247616
930300510464339968
930277381394391040
930263145058324480
930240124583071744
930180858505564163
930126777204330497
930075174333972480
929911107812290560
929883939614937089
929877231425413120
929827280947499014
929775180938870784
929558529421250561
929464396300111872
929425985736409094
929424404051841025
929363394410549249
929361736754499584
929213597615575040
929179509504532480
929160418362355713
929157254795923462
929123006911217664
929092829313486848
929079875931201537
929051666321739776
929032587103952897
928823190738145281
928815640181460993
928801787766820864
928790315183591425
928748193755684865
928701249083658241
928639457363931137
928464807275192320
928400389803737088
928397281405087744
928362399048110080
928350186996367362
928309056598626306
928147597839171585
928102918569504768
928076628244205568
928049076226150400
927977424540794880
927948666354257920
927918984061648901
927916062850670592
927764549973037056
927735141333684224
927726453411799041
927644166208786437
927590060849094657
927538481139765248
927374383752073221
927347216087441413
927295985335898114
927290593709084673
927250685766307840
927238471319728129
927021807894450176
926932323513323520
926927684713754625
926887685465223173
926839748441919489
926826661248622594
926824992586813440
926642804604002304
926623697301057536
926616016683192320
926571948062269442
926543156014960647
926526724833251328
926514980316475392
926467443329036288
926286466057162752
926278923775893505
926265062825881601
926254367220617216
926211456630185987
926163772837900289
925928094489305088
925921660426964993
925863672978771969
925825688770371585
925803906826997760
925801024186716162
925772328578973697
925740641606426624
925566223982780416
925528823852163073
925512379349299205
925491058791845889
925411933632724993
925408210554707970
925382261574455296
925347956231942144
925198154764554240
925196126806069254
925189729695490053
925107431570595840
925053343936008192
925001750288924673
924837658949451776
924820657053020160
924810477565366272
924753881506222080
924714990539563008
924701762249986050
924485080826998784
924441922349031426
924396614478950400
924390982099095553
924350963288289281
924288286436331520
924120319945781248
924109213927743489
924106092841496576
924086959739371521
924033716334333953
924006447981178880
923988767433805830
923978244717768704
923776521558478848
923749758530998272
923746323685367808
923742212818599937
923728370348756992
923674757178056704
923625803518267392
923565998875271168
923391383939026944
923355776978210816
923326953624604672
923288981638434817
923263674323783680
923235597493460992
923174585452941312
923029491697545216
922992863616622594
922975638822227968
922947567926865921
922902570930143233
922875220821716992
922845540278263810
922690365966180352
922663479315746817
922652998735626240
922570720881897473
922516607729045505
922465048848748544
922300952559878152
922273755157712896
922217148705067008
922176497636593666
922165061585723392
922116099143020544
921948392904888321
921936149744152577
921875772998082560
921854252687024128
921814227165306881
921755174514970625
921751587818786816
921580081205665792
921569400624500736
921550236912422912
921527770810912768
921512862853615616
921469705214447616
921441551947063296
921240562144907264
921213041668165632
921212892342611968
921205484945854465
921191652437430272
921138020115501058
920999127462432768
920854687947067392
920790229103136769
920752230898262017
920727462178443271
920698896376057856
920636099336245248
920517296061407237
920492789917474816
920438948945715200
920396539557761027
920343658414641152
920338534963302401
920312102845321217
920311849371013120
920308844957437953
920154404342419456
920125493394968576
920116290278313984
920063812589498373
920034018661486592
919979887997407233
919928329272221697
919766124832677888
919764216290168832
919761321750560768
919737039590961152
919680446404931584
919640526235807744
919628348745232385
919411666105851904
919338567847108608
919317552865644544
919277526249287683
919276932918906880
919217191014338560
919214854656884736
919067495989948416
919038129054547973
919032660751724544
919013530455638016
919007113023811584
918933002520088576
918904840251731973
918886873845653504
918826069951696896
918704601859178496
918676332002897921
918674403000537088
918668778807930881
918654907816857602
918614079140397056
918601322303127552
918553838369624065
918463196335345664
918317964100849664
918311517006725120
918253549863297025
918251118735609857
918215539029430272
918162197506940928
918131564449599488
917956060706635776
917948628806840321
917902210884947972
917888308402847745
917865344571764736
917813566677372928
917801816611590144
917772115067179008
917737405171585025
917615980368539649
917592057996283904
917579602209443840
917497277635268609
917443196061474826
917391594185281537
917232192723603457
917227529508982784
917200351815663616
917143712010002432
917104572023402497
917091608889380864
916874928644919296
916861715517788160
916802336131112960
916780821218058240
916740808979521536
916681070254481411
916678171436699648
916498342393335809
916495967880450053
916476818814914562
916396279084630016
916368124294975488
916318673958264832
916168641145720832
916139582634283009
916138450574893057
916132029582008320
916118195475542016
916108247400173568
916078073535135744
916064618212098051
915927114100158464
915805750101979136
915781228376330242
915775558159650816
915716799693561856
915715190800478209
915678799441907713
915625476068126720
915564160586588163
915419376429539328
915412668131012608
915365488741441536
915352785792757761
915332478767915013
915291901208743936
915265076881477642
915235406496636928
915051323262980097
915042864480112640
914960568326541314
914919474561732609
914906476648521728
914854904224714753
914690794786828288
914687680793006081
914663624752402433
914606994249719809
914566844396294144
914554910951264257
914505911305203713
914338238705389569
914325752669249536
914244089226424322
914204098492235776
914144925209460736
914144896071737345
914141447305269248
913962420862902272
913961628445675520
913959216557248512
913940109233442816
913932662708072448
913859561571934209
913831380307644416
913602877804957697
913599972024733696
913595350539259905
913581502469898240
913527870353559552
913479366050566144
913419346432622593
913244534955528194
913180084164595713
913176749952954368
913142079236247552
913088730302500866
912906898470514690
912882640788885506
912876700962361344
912828790501466112
912816313034317824
912786107087179779
912728382420512775
912698694293651456
912544007703670785
912514115364671488
912513817405423617
912506150700109824
912453452722262016
912423411120566272
912369766693785601
912318169091641344
912163285654482944
912154108303478788
912126931067338755
912070301164425217
912018181887229952
911801528981315586
911789796753854465
911729395219476482
911707413312622592
911667386834661378
911604734250930182
911436252263612416
911422516354322432
911403378420445184
911322851642355713
911294666708017152
911215660918861824
911094205568606208
911066173286035457
911064019288645633
911058637166084098
911044774689374214
910991170209271808
910883704771416064
910852789319929857
910731318966833152
910707796357926914
910707664077893633
910643379888934913
910605405239341057
910552009698406410
910345905093693441
910338231123763201
910292052755218432
910191658645540864
910161962688008198
910127179677265920
909975619508871168
909969433011146753
909887147817275392
909833028851159040
909781452891541505
909617388206870529
909613479505666049
909590185591103488
909533567864262656
909481478144307203
909433892754599937
909264785266630656
909190919324405760
909170694377889792
909130680000532480
909067999642087424
909039954277302272
908892243947163650
908885785390272512
908866665852612608
908858221770788865
908786155101065216
908757968656707584
908529472130965504
908526330484011008
908521883930365952
908508071814721537
908454447352877057
908424692654059522
908316843881979904
908195353505275904
908171094884003841
908165213752578048
908106668772294656
908104810175623168
908074595978240000
908068666008391680
908015299634622466
907984438138753025
907809225744809984
907755346655150080
907667034800091138
907654943280029696
907625245825277958
907590876200882179
907452016502476800
907432727208755200
907350429696131072
907348941225775105
907296325183660032
907244735806484480
907080673487450113
907077765173825536
907053484847108096
906996878507696128
906944746425405442
906895306255724544
906728089035603969
906715359469850624
906654959529316352
906633983097700352
906593954552012801
906531294926053376
906359317338771456
906349071618670593
906329970372435968
906322261011025920
906249449025961986
906221239005564928
906019768712388613
905992741552701440
905989578242347009
905985199254667265
905971365953593344
905917755261640704
905869026924126211
905809047894589440
905634398128701440
905626689945960448
905569969680904193
905568803156840448
905531960172445696
905478612018765825
905449187944398848
905296501869617157
905272509972480005
905266309306384384
905218657294438400
905205912733978624
905118246919176192
905088521823805442
904909251952467968
904896026846396416
904813741597974529
904812833984184320
904759625869877248
904708009259130881
904543925666320384
904540071633801216
904516750909243392
904460158817980420
904408045589078016
904191374597251074
904179396801691648
904118999998504961
904097263378714624
904057250804899840
903998396691828736
903994580449845250
903825344007999488
903812375970754561
903793255837556736
903759676684283906
903712718896726017
903684536688619521
903456022588792832
903453867446333440
903448468097826817
903434646532362240
903381021449703424
903333105200660481
903271676028358656
903121169670434817
903097673170944000
903090977040211968
903033252612640768
903030584129318916
902995231519506432
902941889309138945
902921153332867073
902758277154471938
902735793474686976
902728106103930880
902681910425550848
902667684021772289
902637558810726401
902581510477410304
902551841401171970
902547966174654464
902369015959576576
902359307546763264
902337517441179653
902277019291017220
902222901017010176
902171305184768004
902007627017838592
902007219864133632
901980050530164736
901923444903874560
901871342571663360
901654668631310336
901560535967289345
901520504833679361
901460267560828929
901457854586114052
901288110495019008
901275646533488640
901256515692224512
901176009977974787
901162033550438402
901147793959641088
900919309656092673
900917905499541504
900911778598711296
900897919104159744
900844293916684293
900827315067916288
900737536338911232
900560941275906048
900555016238399488
900496524932788224
900494661399310336
900458514535116800
900405174371573763
900373845902798848
900199084690165761
900192123630354433
900145193021734912
900131732644663297
900044781627351044
900035771821903872
900015102409269252
899839827637665792
899822563035148288
899740296094863360
899739232104796161
899686189342523392
899648367864762368
899634584991793153
899471420312477696
899470524191002624
899443318731542528
899386706058760192
899334622349332480
899117940565520384
899105213038112769
899023815342264321
898983802827022336
898921147751960576
898750393248661504
898738933273550848
898719828311121920
898681944526946304
898651769013755909
898639267970244608
898611107396562944
898561226837569542
898382607536312320
898379437309341697
898375035806732288
898361204170731522
898307597412913152
898243959826391041
898049248096382976
898024241638940672
898019059446423553
897988854883471361
897959836213628928
897928581132591104
897921800725708800
897868456904806402
897662327482441730
897656172156776448
897608514306273280
897595769326362625
897565669985849350
897508088605007872
897478394824327168
897296324051259392
897285870549704704
897203558436794368
897149484093894657
897097876261801985
896933791595450370
896930384507584512
896906603529617409
896869988488937472
896849979557412864
896797916421128192
896581226177458176
896571059352240128
896487107765485568
896447095632166913
896384444378079233
896202227060281344
896183083459911684
896161333481062400
896102570363469824
896100669207085056
896074368601661440
895872709216788480
895845890245754881
895838322999906304
895824471650689028
895770889307947010
895708283373318144
895487531936034817
895425119853703168
895423096500477952
895385076653064194
895331726255206400
895330126564478976
895125639556202500
895071779525455873
895057291434708993
894971391300292609
894941660408406017
894906502498201601
894761906883313664
894749154726957056
894666847697743877
894612756938317824
894561152788725764
894397092608839685
894396973461229569
894369920200450049
894313299583565831
894261174916853762
894044507590754305
893950371562799104
893910398344318976
893847716693934080
893669171636187139
893665494653444097
893646389728563200
893610009711529984
893565869271515136
893537705988149250
893313327144865794
893309162133827584
893301618631995392
893287760303456256
893234151763181573
893188215837949952
893171927250075649
892950789643259905
892944999670837248
892886395655684096
892885288384679936
892848366736080896
892795024739577857
892793645610520577
892588925126049792
892581726987272192
892535081822294016
892524903148158982
892434665193209857
892404973090336769
892221153388920832
892212426577506305
892130146374885379
892076045205196801
892024467089756161
891958615606689792
891860369672634368
891856196872876036
891833189483806721
891809704749432833
891795798723309568
891776569752113155
891724454002294786
891607049041317888
891507809879248896
891503396301279232
891413656055021573
891373667917197312
891310995146145792
891255482270265345
891132170647023616
891128785659199488
891109687906750464
891029126827700224
891000966476181504
890903915352469504
890782420932468739
890772456084000768
890764914658336768
890751071974555649
890697461404250112
890634287871021059
890552348837371905
890414095429758976
890349664045867009
890346276293943298
890318627878174721
890311689601765376
890258308581425154
890230227108081664
890201052448010240
890052189405708289
890046017952940032
889998344097062912
889996485995233280
889897922548072448
889868220127162371
889865283514642432
889849467742150656
889713320433000448
889688685695963137
889675705856012290
889593438647316489
889539327100891137
889497901667418112
889487737652424704
889323651467812865
889321523860967432
889296484600041473
889239862594940929
889229928864120833
889187775248990208
889146334154022912
888971059575345156
888959910645575680
888876979067510784
888836954170765313
888794768637145093
888774294624403457
888592072466477057
888572969164972032
888492444832194563
888464238209110016
888443453314654208
888240133727715330
888235750411653120
888228176450781184
888214341258014721
888160760232370180
888091886594007043
888052760071077888
887877389212151813
887870428412350465
887812956599320576
887792926562144257
887775010596716544
887740321156804613
887721591601278976
887515497725661186
887512116936224768
887461640870014976
887361224782041088
887331516401033216
887327053506371587
887280036876873729
887148987266064384
887139029598318594
887056694769057792
887002589690306561
886951001948917761
886928470177193985
886786946453909504
886759745671110656
886703120264331264
886651032369057792
886577155714551808
886434367236648960
886432974056681473
886340248929783808
886300220757348353
886237554424590336
886225588733845504
886055381755191296
886036232467337216
886001661520617472
885955697153855488
885927515432288257
885903045862858752
885604818898780160
885522457729355777
885486157697568768
885340664543793153
885334473793044480
885276215241842689
885274075463118848
885238230894989312
885184898629337094
885170925972459521
884978791600332800
884924923210235904
884911189872046080
884824495063801856
884819615095959552
884794807989792768
884622549132423169
884602296264515584
884520014782582784
884468008105717760
884465895250251776
884414290043785216
884250206623191040
884248314585247748
884223060689203200
884166430576566273
884116441313816576
884114334422642688
883898027160809472
883897661862150144
883803533358886912
883764875981447168
883763501294080001
883700870428405760
883518657967599618
883499547967852544
883431402808770560
883418985588555776
883413308111548418
883169471069900800
883162310273114112
883154752716058624
883140915832999936
883087319108120576
883061998023569410
882803950709297154
882798516954963968
882739506230829056
882710426269749249
882701528661884928
882648168936198145
882442052440555520
882435622576828417
882388207438110724
882358860106936320
882287803371069441
882258085313736704
882065571436691456
882007293830758401
881983301753466880
881944378947899392
881929184964202496
881877580831391744
881713511625351168
881709840300638208
881686335534362624
881655726866911232
881629700325617664
881577631392702464
881360938351439872
881357304171565056
881266796321525761
881226788323643392
881164136377450496
881159456893087744
880985821792411648
880981961518583808
880962830593339397
880907144106831872
880882300359192580
880854116385394688
880807895453097984
880625596937756672
880622209462657029
880618029478014978
880604202325684224
880550611271528448
880514740472107008
880456323569250305
880267246857326592
880260037096165376
880202784548601856
880199639458349057
880164829692145666
880111471308537856
880104757859422210
879905321665298433
879851491967852544
879753198034194432
879751073694658560
879721366928470016
879717484177367040
879529257428557824
879528875851644929
879506566856269824
879476368286855168
879446374399475712
879446340606074882
879423593729445894
878445207448150017
878426083707805696
878389466125217794
878347175972884480
878345555570642944
878317378811056128
878314536456953857
878137840349138944
878093034671484929
878088885007400960
878087721570512896
878081338770952192
878067497404174336
878013888310235139
877995613090140160
877730506040725504
877666111420067840
877663679088644096
877644294873415680
877628097406935041
877574749328523264
877368638247849988
877361945027805184
877330992632971264
877314753496051713
877292728517877760
877214365497294849
877206816618409984
877187792689876992
877184674841415680
876999355168956416
876992095990501376
876941161268748288
876937894279163906
876909812331802629
876855698646347776
876804112922398720
876640021788471296
876612861581291524
876589594929762307
876588850327498754
876556235209834496
876504146182098944
876464525192699904
876287450162888704
876281343570833409
876238028200714240
876193365678841859
876153334062821376
876090654065131521
875908448013234179
875889348872372225
875886713331228672
875850994562805760
875849498337136640
875820942555049984
875808817409294338
875780641832488960
875559601084747776
875552113128067074
875544571417153538
875535152730046464
875530717140307968
875490628964143107
875477157522309120
875420642232893440
875193767929819136
875188117304745985
875183580225449984
875132071513116672
875129341281173508
875091323111563264
875069881602977797
875037966330187776
874832013748031488
874831875273089031
874802570002403328
874778032300544000
874776312459792384
874677615650627585
874651827882610689
874647927548936194
874480446763085824
874463357314662402
874462374425759744
874455378192461824
874432133070303235
874373115383558145
874318996778123264
874267398584586240
874129134200475648
874103313230376960
874100200666791936
874076141404946433
874019526265929729
873967406158417920
873777565936365572
873750761829695489
873656652062486530
873616603476307968
873553950619963393
873378442888261633
873371752730112001
873352631992897536
873272106347356161
873269758174666753
873243900156182528
873197021112532992
873161506321575936
873015405471813632
873012315557441536
873007860262817792
872994005386231810
872982330851414016
872940422649311234
872939095634391040
872938842369789952
872839143981764608
872809968281554944
872657065537392656
872652660020830208
872619435047235584
872600599556218881
872592613903400960
872554611835637760
872513746752741376
872501277778997251
872478544848400385
872458378278318080
872295150436974598
872294350251851776
872241281543622657
872195894002806787
872140886343380995
872111219053907968
872106807694680066
871924917159243776
871918663347077120
871896172813746176
871836402220224513
871782293630791681
871772186444517377
871755492086992897
871730677246566401
871576592472051712
871566614319247360
871539421388132353
871482808400826369
871430722040541184
871403925093699585
871390093273161728
871214038994341888
871119890979201025
871079894884773889
871066933369688064
871052358440161280
871028960448131072
871017242460397568
870835023284404225
870815920364638213
870746850252521472
870735377665052673
870707218772918273
870555837160402944
870488677289426945
870478707605069824
870471144549347329
870457295033049089
870403709720829952
870381195376431105
870204270179733504
870120320358920193
870079965626290176
870069884784345088
870055907174080516
870017896482709504
869978274587398149
869964563160158211
869852955629031424
869758431615483904
869711496485404672
869704597157421056
869645348939210752
869604162538962944
869577719469801472
869574479328018432
869501389587841024
869381963609780224
869299647428386816
869245552491462656
869194050439708672
869149822460284928
869034108969779200
869029873037324288
869002701673308160
868946075671048192
868921064822378498
868894012220084224
868798255446069248
868677316154728448
868667658719428608
868583191489150976
868578558268100608
868558439664037888
868543194224578561
868480503783067648
868446689249685505
868298329431711744
868279193100054529
868222966542340096
868198672596692993
868170471178719237
868165929817001985
868095377739853824
867949438437908480
867941959335370752
867934429838266370
867920591344607232
867880521631756288
867879778598219776
867866969575485442
867743808611647488
867583599301808128
867519202869080064
867487407742038016
867481176172351488
867472399578656769
867427855780675586
867404577699713026
867392241576423424
867221736135282688
867167850343092224
867124743568314369
867079820135604224
867067464064147456
867040674788642817
867037805775552513
866859507015708672
866845228233351168
866836336774434816
866791822579859456
866762941630119937
866708845665669120
866697200348409861
866670384363556865
866657263011979264
866580449656803328
866499157523038208
866493194153971712
866465995208232960
866409376382406657
866357282766016513
866229077073702912
866140580698607616
866046479730958336
866006455404679170
865954783642963968
865943805962448896
865877511519055875
865770867065856000
865761616234774528
865742491613626369
865661966957780992
865639984379830272
865633753632169985
865591892330692608
865525944395612161
865405238630506497
865404716083167232
865403151255388160
865397709326344194
865383855053819904
865330272929292289
865296884507848704
865191051862175744
865174379692425216
865046922280800256
865011829470142465
864982463029882880
864944465668182018
864912724656107520
864891112464551937
864866103281016832
864822810941816832
864685035554787328
864681165134974976
864631153181028353
864576508664434688
864530734509416448
864501069879033857
864471500858036224
864323056961015808
864308532518281216
864226253703974912
864181743749935104
864172142379794432
864133612152770560
864120530940686341
864120002143768578
863956456495874050
863929296825581568
863872681757859841
863820557976039424
863779191371825153
863768362404515844
863603869661704192
863595155781279744
863591471789871104
863531827864186882
863509748204937216
863502874185224193
863469774248038402
863416795964878848
863407095617646592
863224898659000325
863205754609831936
863167723345510400
863151137050021888
863125255010889728
863097069862563841
863093782950162433
863065229382561796
862874022194929664
862868559910899713
862860999522742272
862847135364120576
862832809416826880
862793536764346368
862745935155273729
862713964123348994
862655158530048000
862510188196241410
862506551977947136
862502612549152768
862445751749808130
862443180377198593
862421744501567488
862407740509106184
862354399896760321
862330152411385858
862323697851535361
862148274249232385
862141400007180289
862129160063524864
862094457184845824
862048147715096577
861994029134884864
861964337321308160
861787161892401153
861778574038245376
861771795724161026
861719871079546881
861689545468850176
861645306513043457
861635403652243458
861583822604951552
861419753663057920
861415919226167296
861392548266475520
861335923589566464
861324771434397696
861283833207029762
861279469235040257
861245366481637376
861067180812763136
861026650766618624
860973044843655168
860933025265307649
860879583306031105
860870393879572480
860691690650300416
860688188418949120
860669073713229825
860665944682762240
860600189043789825
860600026522890242
860588523329650690
860560352320344064
860517220090126336
860333771157098497
860331810575839232
860324286799777794
860310442094329858
860256838310297600
860237607774679042
860212436955271168
860192318850306049
860154814512214016
860147434143576064
859973486000975872
859909041488887808
859905731180494848
859905417849311232
859871022279004161
859817699052068866
859786969240535040
859611567704465412
859592449815195649
859588329389555712
859557730482360320
859512834291617792
859467537666453505
859457302763638785
859427613609218052
859250454148124672
859235105570783232
859208826557431808
859195747220246530
859191967640637440
859177488353832965
859152803557756933
859141692628377604
859098716652933123
859095345212653569
859047101707284482
858998683886649344
858897269273354240
858883020517933057
858855888072957956
858853728513916928
858838437469839361
858810191936184321
858799209478316032
858788054194114561
858747129707339778
858708646871609346
858705258138279937
858621957209772033
858578419289907200
858571116792733696
858530441267208192
858491360604811266
858489957689819138
858436349233385472
858396317936222209
858342873862942720
858333661770502144
858302849872273408
858259566265597952
858216029033570306
858194132266868737
858168967709552640
858155005404213248
858151456767172608
858132311812059137
858125429902848000
858096489238843393
858063281914826752
858053019300188160
858051829015478273
858023627656224768
858009417526235136
857980535444045824
857817405476745216
857795118711156736
857788460006035457
857787543227699200
857773706298499074
857763041886253057
857742231092039680
857734101033508868
857720142788218880
857715994332147713
857655675735994368
857618103341113344
857610753783853056
857455101706940416
857432115797012481
857393998750732290
857366486385647616
857356464096202752
857338542351101953
857310421677690881
857255783330926593
857096493907537920
857011702629584896
856996090314403840
856891157376364544
856707465659985920
856637502500859904
856564245965754369
856530937353515009
856365451227648000
856342693500375042
856270814005612545
856161092611043330
855989211454996480
855982563122434048
855919900946313216
855917749738012672
855859601308364800
855844147714031617
855710019089829888
855646470585954304
855634014752919553
855620179098836992
855575880458002432
855568081200001025
855560391610576898
855543901985353729
855521521737097217
855511019506065409
855486888941154304
855470939265433600
855430995302129670
855401984614158337
855259406862344192
855187575795068932
855183414349238272
855152161885487105
855118896596213760
855074026364051457
855007133385072640
854918411549380609
854895403262672896
854819746264604672
854789780428730368
854773698926182400
854756513956679681
854735343689633792
854559800545431552
854530751601287168
854477358862131201
854459395798945794
854410961415024641
854401899147276288
854354447589310464
854343766014128128
854170752274378752
854168363920130048
854118530467467264
854100772304375812
854035766770618370
854031717098819584
854027526347399168
853945205363441666
853862595379515392
853828711489122304
853734088754245634
853709582312648705
853672640090972160
853669324120367104
853631830800596992
853626069060136961
853624565192429568
853582747671158785
853455911008047105
853452508190183424
853381043612786689
853352243189481472
853322881677316100
853312013321347072
853267671474896896
853264957693194241
853251819086258178
853109720240017408
853083465830551552
853023685216800768
853005108426178560
852988108543074305
852950168005730309
852923404336472065
852907049973424129
852722692075778052
852702296433721345
852646708836282368
852582244023775232
852544688565485574
852542909354299392
852537230711279620
852381716899651584
852283053355532288
852267585886449670
852236992800841729
852187553805594625
852182281875857408
852023070042734593
851994036764381184
851922651966832642
851910254141034496
851872507766472706
851817737710186496
851634030218969088
851631647078404097
851602542966579208
851564068204892160
851540294554222594
851517794290208768
851492216203816961
851490801750347777
851291999684579328
851278933798469633
851210163004600320
851197369777610753
851150328548478977
851132616703172611
851087684835704832
850929874307092480
850915784746344450
850906403602673664
850844329698619392
850786157042556928
850784110910070784
850770222319587329
850754232684879872
850730818129604608
850573006657245184
850546748648980480
850522950533033985
850494653778579457
850486964067475457
850435138387398656
850413465260916738
850185971492630528
850164586850418689
850163809142616064
850161637483057152
850161077702852609
850114486665084932
850110016073981954
850079924320907264
850074472300371968
850024570736308227
850000685945024516
849844983817539584
849827030766161921
849817225842360322
849793137312772097
849767153507160066
849747229338472449
849746307677908998
849723152552923136
849716899097300992
849700263942385665
849486353154928641
849458926412279808
849421124173692930
849395183749824513
849385950107054080
849381267372158976
849365965829754881
849360338562797570
849337366313668608
849283208722206721
849281000249204737
849102280968339456
849097296906264577
849065858039238656
849027321881395201
848981126085586945
848958300578336769
848954123416416257
848941973507584000
848889430165401600
848777210483888129
848755309707489280
848742210195660800
848738888663404544
848660684212760576
848613598322667521
848558397972770819
848551001804206080
848420620207628288
848393155921801217
848379045981155328
848307584926978048
848249461637877760
848194105071079424
848169174207782912
848063489574916096
848036288230039553
847998515007639552
847986209880244224
847950251487047684
847916433690570754
847899087479418880
847898394186174464
847885823102115844
847876760435863553
847657984402407424
847649272665219072
847627850693738497
847573264524341248
847537795270922242
847508736172273665
847477124709490690
847463846675599360
847308273044774921
847256425176772608
847237195995926528
847212131565162496
847209625221025792
847186473644380162
847164713519763457
847163540653953028
847130237125234688
846949630025850880
846922215266365440
846917426113589249
846888893769273344
846849249002295296
846800651669716992
846744306694180864
846563772387020801
846560588662747136
846529124445409281
846508391648411649
846490622177529856
846465716425502722
846459314630004736
846444363127427072
846417414258593793
846403708443353088
846218562893156353
846205489516085248
846146003682119682
846123969287729152
846107602379558918
846076915396104192
846014236216168448
845856430863323140
845842353118154753
845833279622254594
845832092999192577
845770896027594752
845712734251569152
845659292258766850
845657388879351808
845499573741277188
845461106944589824
845449492438626304
845421224016707585
845413518509850624
845379710796357632
845361691814576128
845349086647767040
845340056357408771
845113002793881600
845112519261917184
845091171030519810
845036534214639616
845029899568066569
845001105935400960
844927176654966789
844771529250369538
844693963483348993
844672927543017472
844661922561757187
844649726536486913
844626830376091648
844412951666798592
844385512001622017
844334091977834496
844312527098036224
844263969808375809
844247286368690176
844228412915044352
844207612619083777
844023851344367616
844022304317362176
843992392504086528
843953925514543108
843930843567570947
843907729869733890
843884851451379712
843880663317143552
843681884949434368
843668778072358921
843662962762141696
843587223031353344
843540179147276291
843477542959009792
843319723383308288
843305619121758209
843298030531067905
843292699021234178
843234185087213568
843176040042283008
843120681592283137
842962887748571137
842936603802853376
842912782622384129
842876828515815425
842824962130022405
842803310851710977
842760232065470464
842575819658706944
842575756752568320
842554434647461888
842499815489622016
842464332998946825
842435316887764993
842390490217631744
842234847410171904
842209094496845825
842182983117357056
842159801564037121
842159732764876800
842136175494209537
842113010562916362
842090134480773120
842072913918472192
842056454215499776
842056434166730752
842056405876121601
842056395277144064
841876232572698624
841848766382641152
841817283559317504
841801312312406016
841775821752791040
841763174923816962
841744569251311616
841727240253632513
841691245533642752
841675074226802688
841670879339782144
841508500337483776
841487155516043264
841484791274917889
841455708323401730
841450352994062337
841434959298646016
841417173587394561
841370917318057984
841348134966067204
841343968340250629
841145277440524288
841132049541005312
841050506738966530
841003458417299458
840985819422851072
840948089552814081
840940906874302464
840782999658606594
840768937310732288
840764077798502400
840697435580162048
840653762058436611
840639324043505666
840583972061102080
840436713768026113
840426141177511936
840399886575099904
840387640629309441
840376089943904256
840340108461133824
840333248530141185
840310108911480832
840288267731787776
840275688682860544
840266615568650241
840239269025349632
840227535464062976
840046912682237952
840040299619602432
840039149008740352
840017711761674240
840006795309547520
839972177810231297
839963126535708672
839927621274243073
839894157992820737
839853730979803137
839698107025743872
839673185863892992
839646262018322435
839623023544107008
839613138009997312
839612985450590208
839601998626504704
839599462930649088
839588779266564096
839576298183880705
839553427244003328
839476206735093760
839339489965322240
839333723766140928
839332419668959232
839312081249787904
839310497509953537
839307307951476736
839307283641290753
839279582742208516
839239074993045504
839220173722759168
839190522086453248
839186506807922688
839139835759722496
839134167006867457
838950429660708864
838948069471301632
838947416401391616
838918968199032836
838898242951729152
838880488546791427
838855587601526785
838842620596092929
838834354528858112
838807236826787840
838799341259264000
838608447318937602
838595349233172481
838588526895775744
838513814169595904
838486784367603713
838466764405149697
838404108314894337
838246312189493248
838232197094072322
838225570408329216
838160729693962241
838102612281077761
838047256519532548
837889467339927552
837839365426536448
837836754518409219
837803390340108288
837777107887480832
837751564278321152
837729901952266241
837694198488924162
837511642934050816
837502398373429248
837481024460369920
837426383244636160
837397840745934848
837390939043815426
837345854189158404
837344853432348672
837316887189028864
837161410132049920
837109564860428288
837086303799951362
837062732008546305
837039586543038465
837016693620768768
836999486178222080
836978069655203840
836802797148471299
836777582204964864
836775346309582849
836702378569138176
836654100049711104
836597442430795776
836413734528696325
836382285784104963
836352760245338112
836343748611170304
836320012700946434
836297528337387520
836273657869647876
836273555943862274
836270530340794368
836266296635457536
836071738052075520
836058623189069827
836054305337716744
836048970262667265
835977102348414976
835930034137415680
835867431771979776
835709585503694848
835695491782430720
835624014483763200
835611366664859648
835600109601701888
835565873788256256
835549933600190464
835512433355685889
835510540738904066
835352742113722369
835339579930644480
835302639868985345
835266677675798528
835265641091371008
835255491924275200
835214837542178816
835193198360285184
835150087487639552
834984805137854464
834944266145247232
834908200273051648
834889674577563650
834870456356335619
834854193626226690
834851551848099845
834851477118189573
834851314362355712
834780306725097473
834624679985967104
834572841869795328
834558727520972804
834529295016087552
834526033240002564
834502873291579395
834496745031794693
834480017937674241
834467843395743746
834463600139988993
834266081703378944
834239590500331520
834238630965235714
834187199973302273
834165670061473797
834160897413218305
834160312882434049
834153344289607682
834117100650242048
834060703510179841
833876999403872257
833845541335400449
833824810870374400
833807047154139136
833773976505696256
833761947451547648
833761932213633024
833761006769807360
833752455930400769
833733816401420295
833535004638638080
833521925947289601
833511624354971649
833440371409580032
833393321921884160
833340499561955339
833330657090793475
833172863020527617
833158766220673025
833157966857695232
833087316747046912
833063396975198209
833029193285910528
832973826141126659
832816011887906817
832805648484048897
832765952479551493
832729958166376448
832728938560450560
832728204385329152
832678081034858496
832656462765764608
832448100480516096
832430920636518400
832428990673584129
832407564428124160
832352967214899201
832317475983327232
832243451626450944
832087969532096512
832079338099056640
832036108678656001
831992605089095684
831989307976073216
831966168382570500
831943259446472705
831888464769646592
831866220760686594
831729343479083011
831712445097992198
831701909425766401
831628952179527682
831616716207747072
831604022528335872
831601488912928768
831580373167517696
831524007958704129
831522940353134592
831353811335782401
831340295035953153
831329700475723777
831308833762983941
831281877218684933
831270358867181571
831242498198663168
831242344116658176
831242101736275968
831224125960122369
831215714417704960
831197097751887873
831178659373383680
830998277516570624
830985187945242624
830980086253907968
830903669054910466
830876754394898436
830856601594642433
830803783378669568
830793989867585536
830636174788218880
830622047105593345
830618489350213633
830550584210108421
830526662685102080
830492439664267265
830437082707456000
830279309591998464
830272972694966274
830229234023022592
830193219459768320
830192237166338048
830141383403008001
830119759366729728
829911376139272192
829900223799508992
829892262213611520
829870845652766722
829816239170154501
829780783116197889
829769429458309121
829707018072113153
829551278401404932
829549907426082818
829455886162747393
829452625376600066
829441317243613185
829441299908407296
829441280333615105
829429458478235668
829406539710623745
829192622354882561
829175967256047620
829165211089326080
829092227737608192
829079975022174208
829043694623920129
828987287258165248
828803583944568832
828797467181404160
828772122256404481
828733604285005826
828714126520221696
828714103871041536
828714085307056128
828687546263678977
828679023932952576
828660396693270528
828461582040576002
828448485959671809
828446177104363520
828366969279741952
828319901999824897
828267042008625154
828257344396095490
828099422403837952
828086014497394689
828085360622260226
828013869255753729
827989966974283776
827955731236257792
827900399193563136
827742598647398400
827741496682102789
827692492330000384
827656512323596289
827655530575429633
827604663239340032
827583029514293248
827374677723082752
827363317765308420
827355540657422336
827334159282618369
827279532029681664
827275450409836545
827275414015873029
827275392645881858
827244036696244224
827170195840040960
827014547445837824
827010468485144578
826962679348748288
826915897956777991
826892756484231169
826869855013969929
826655943572254721
826638778487996416
826628498576011264
826555507527794688
826506939458846721
826450593388564482
826285412536741888
826266864905023488
826235408224833537
826196903754887169
826194961754316800
826194940132626433
826194922130792449
826150678875746304
826123687778742275
825924860106964992
825911786176147457
825903159977586688
825830246050037765
825783180926017536
825720520503091203
825562742920736768
825548653255413760
825544797507162112
825477153458442241
825419035827380225
825363638156402689
825205864202125312
825199781320470528
825155796963045381
825119819783606273
825067981361254401
825046342779207682
824821530379038721
824818815607459840
824797449885736960
824742842979512321
824707345905319942
824633390485897217
824477825075970048
824475750761955329
824425986406154244
824379187200983040
824378433824243714
824378350223425537
824356035796365312
824333113992105988
824119206891450371
824104034294530050
824091772917792768
824018800437854209
823970243802435587
823955163975217156
823954162958401537
823913868321816576
823746688812773376
823730145873821696
823698704800555008
823660197226889216
823658365758869504
823658351284260864
823658314340925441
823614105378553857
823586972677586945
823388147254001665
823375067245608961
823373246905118720
823293510740742144
823246452709347329
823183813832536064
823025986191106048
823016589570228228
823011908756402176
822940438508224512
822882314531250176
822826939056529409
822669139009536000
822664561744576512
822619092062441474
822583113058500611
822531265106771969
822509590688518148
822283307425660929
822282126473261056
822260698470301696
822206127295393795
822170640941805568
822096594241781760
821941102441795584
821930248937897986
821922950748246018
821889298643505152
821842475543330816
821819256681730049
821796390703665153
821582499641958400
821555076930138112
821482069670981636
821433500909899781
821377151291293697
821219040194658305
821193416268726272
821161954568011776
821123496956854273
821077508019879937
821050259853996032
820851411407749123
820838338768740352
820831733373431809
820756824928423936
820709756931338240
820647102342713344
820489306859065344
820478151155326976
820475194015940608
820403734404624385
820345623119536128
820290220067344384
820132451477520385
820129845917216769
820082324595318784
820046392072830978
819994516610486272
819972881467736067
819945654206271490
819753649949835264
819745376508866561
819723991850057728
819669376643244032
819633902256029696
819559890800746496
819404393565057024
819398788737564674
819352550214406144
819305727630118912
819282613785477128
819259675535429632
819045769583927296
819018331642593282
819017529343574016
818945363851825154
818896785515151360
818840448626266112
818679828639518720
818656715919032323
818625246907363328
818586750947905536
818582380638191616
818540555110121472
818513523001147395
818314724286799872
818301622371647488
818293251367116801
818220114197745668
818173050151641089
818110387656806400
817952592248668160
817938478768017408
817930398374199296
817867006632464386
817808900363878400
817753504358006786
817595714738028544
817595662749626368
817545635889086464
817509664132886528
817436164969922562
817208694710697985
817205859105259520
817187291336679424
817132662557200384
817097207971254273
817023259585736704
816867692393222145
816866886545711104
816815875667980288
816769059723374592
816745863057960960
816722982194311168
816509083968794624
816491643406876676
816481642567135233
816408682871345160
816360065275924480
816303719306432512
816145371462307841
816119996262785025
816088523057102848
816050050086354948
816003792118353920
815976793073188864
815777980681252870
815767609618604032
815764921480806400
815683419963269120
815636334132031489
815573732471214081
815415880855195648
815401759829069824
815393384621711360
815330300507160577
815272183597506560
815216798568222720
815058999590744064
815050384402223106
815008929646280704
814972953179942912
814921107430113280
814899476498448384
814678188534140928
814671979127209984
814650565313646592
814595947401506816
814560492895215616
814486635811315716
814330961085272065
814327149331120128
814232309465546753
814186254833217537
813972353982013440
813954929903734784
813944934516588546
813871951349485569
813823363122659329
813767001818722305
813608180274053124
813583291429294080
813551814868168704
813513342715330560
813467019328819200
813440112574992384
813241228271689729
813228165040668674
813220857145331714
813146669646807041
813099601272119296
813037019404247042
812879151409537024
812865072448110592
812862804642398208
812793584852357120
812735435399106560
812680103549341697
812522321290416128
812510468929622017
812472221105094657
812436211667243008
812415964990099459
812384392974831616
812362731630264324
812135264927752192
812131264534892551
812113841421172736
812059303884587008
812023756860362752
811949901034778624
811796053284491264
811794244167991297
811742393821175808
811695589746495488
811672435649052673
811649534396928002
811435654018138113
811419804456390659
811408185743577090
811335232314109952
811286655525154816
811230300206403585
811071999439147008
811046584699981824
811015103843880962
810976614142111744
810930436184637441
810903359309934594
810704589343301632
810691459976458240
810684189003628551
810609941832761344
810562882417160192
810500320187023360
810342423641657344
810328322794291200
810326078233387008
810256852730658816
810199239624183814
810143371301941249
809985590783602688
809973772551864320
809935487045660672
809899528497352704
809847677924024322
809826050872082432
809598524832837632
809594504122695680
809577118464086016
809522583465062400
809487061430452224
809412920429912064
809259304536645632
809257558141702144
809205695727996932
809158892437569537
809135739896270848
809112819606102016
808898923935006720
808883059999277056
808871514292518912
808798533637783553
808749940742717441
808693551622225922
808535271738318848
808509850837774336
808478394996420608
808439884163772425
808393658944856064
808366638726840320
808167875034890240
808154786549919744
808147467967623168
808073216749109252
808026176623153152
807963501268529152
807805708473397250
807791606350958593
807789359034470401
807720168281505793
807662039489511424
807606640908312576
807448878308093952
807437044167413760
807398782170202112
807362812842569728
807310943830953984
807289335607336961
807061829209980928
807057808638300161
807040423688552449
806985823606439936
806950344110575617
806905892700622848
806876454831190016
806722617868550144
806720827118985217
806668966873677831
806640764163858432
806622159888121856
806599017689968644
806576099991896064
806362217587343360
806346354742198272
806334787489333248
806261818742214656
806213213591339012
806156854241951744
805998580091719684
805973142346801152
805941687075872768
805903200838619136
805857088039690242
805829949168951296
805631158327373824
805618086833487873
805610753596198913
805536536532021248
805489469013061632
805426797722607616
805269012993245184
805254923394936832
805252657417949185
805183421270126592
805125309234368516
805069947361705984
804912146849087488
804900352436961280
804862081623322625
804826101176471552
804774244794200064
804752589296386048
804525106890412032
804521079809212416
804503715973623808
804449112187961344
804413625859510273
804339743672664064
804185882249101312
804184111866904576
804132247330766855
804110226794364930
804085468983914496
804062301867429890
804039422647926784
803826798006038529
803809632284196865
803798048254164992
803725092463079424
803676501900136449
803620136263544832
803448573895569409
803436409654837249
803404960356503552
803366469904072704
803320332362903552
803293251587440640
803094419968823296
803081378388672512
803074037169565696
802999826367606784
802952756755566592
802890192231235584
802732278900105217
802718213817729024
802715953108844544
802646743485743104
802588576819113984
802533243228590081
802375425905168384
802363596936192000
802325356158054401
802289360263585792
802237512257257472
802215878901334017
801988383312637953
801984386845601792
801967004974456832
801912366673825794
801876917985116160
801803314543398912
801649144905564160
801647401639493632
801595545651384321
801548748975460353
801525568005144576
801502680518688773
801288766702948352
801272918063874048
801261346327302144
801188379941539844
801139794290081792
801085545925312512
800925110458863616
800899716267511808
800868249441288193
800838884351508484
800829757566947328
800783686178246658
800756532509970433
800557696332210176
800544611877801985
800537328125116417
800463097077104641
800416032674512897
800353455529291776
800195579200544768
800181477791113216
800179249328062464
800110014438346753
800051891329581057
799996498280845312
799838706039455744
799826951854850048
799788625697378308
799752637604315141
799733575402815488
799700795923034112
799679202173865984
799451662582747136
799447658737844224
799430303253151745
799375690282008577
799347424644972544
799346718563176448
799346032215781377
799345536373551105
799340993795473408
799266152795045888
799112462721253376
799110687222099968
799058821046009857
799012021320765440
798988859551858688
798984554174382081
798965982765187074
798752089866309636
798736229881839617
798724609176719361
798651633525780480
798624391848480768
798603080157667328
798546707470491649
798388442065408000
798362977992929280
798331540421902336
798293051617767424
798246888852045824
798219855262453761
798206840932683776
798020980895453184
798007909032423424
798000628878471168
797926375898357760
797879306827354112
797816689824038912
797808838099562496
797658852879638528
797644776271134720
797642497266688001
797573271101337600
797536995278995456
797515439479947264
797459803081764864
797302016078966785
797290159981137920
797251929600573442
797215919319740416
797213427034914816
797174805246119936
797164083564965888
797142453824393216
797129473170821120
796914942104444928
796910957117194240
796893567448973312
796838964116209665
796803487984193536
796789769057538049
796736811284447233
796729497252937728
796573954584576000
796522120171945984
796475304382496768
796452171931930624
796429299620446214
796215327235391488
796199510150094849
796187911209308160
796114958304034817
796102542853804032
796009998102962177
795851717598478336
795843110626557952
795826265366417408
795794805204942852
795756336659255297
795710083980201984
795683075158134784
795484274623442945
795471207915290624
795463912024055813
795389663871664128
795342592594612225
795280069983956992
795122161186902016
795108038004932609
795105782975131648
795036593811812354
794978451082121217
794923064547049472
794765285853163524
794753452853391360
794715214428205056
794679241682092032
794627322750058496
794605684117606400
794378244153819136
794374215394803714
794356867724099590
794307286995005440
794307224369856513
794302254241185792
794266749491408897
794193243906985984
794039013372006400
794037244063584256
793985379229634560
793938595824467968
793915449352265732
793892540084809729
793678636725497856
793651191192358912
793578212295110656
793529634080120837
793505444316741634
793473282817290240
793314990056837121
793289583534407680
793258115156279296
793219595595292672
793203201298329600
793173397832335360
793146373545877508
792947583727570944
792934478238846977
792927202811797505
791841540477968388
791837515015651329
791820133543075841
791765505736581120
791730033249357824
791656206968520705
791502304579031040
791500547002171392
791448697192218624
791401876189245440
791378712663101441
791355830788562944
791141897817522176
791126057814556673
791114484546961408
791041501895782401
790992914004467712
790936567091195904
790752860178944000
790721392513781760
790682886408208385
790636676133584897
790609653122076672
790410841531318273
790397760847618048
790316217353535492
790269172303405056
790236597136621569
790206597943492608
790048718422700033
790034625380945924
790032365213081600
789963153803272196
789919371649019904
789904995391078400
789859052583084032
789849656020860928
789691849116119040
789680040040628224
789641769730408448
789605796992651264
789598465089241092
789587375777259521
789553939624685568
789532290795921409
789304803725836288
789300785448378372
789283460229767174
789228821040001025
789209682250530818
789193323714007040
789164764496703489
789119459772465152
788965589800845312
788963828709134336
788911979205361664
788865184131608576
788842001403895808
788819120842309632
788605205772468224
788589340586803201
788577752530186240
788504767374950400
788456233330237440
788399874538631168
788241572471140352
788239757738467328
788216119207292928
788184666624917505
788146162381496320
788100017865289732
788078134348349440
788072936091648000
787874129181569024
787861055938654208
787853680007606272
787779521399365638
787732459039383552
787669840689557504
787511993997598720
787497885692792832
787495633435430913
787426439842897921
787368317908549633
787366306450382848
787337685300109312
787312950969298944
787307347630780416
787155146807574532
787149637635411969
787143314046853120
787136296116420608
787105079807672322
787069090565332992
787027778679996418
787017251002150912
787003365209309192
787003320401559552
786995613565083648
786982505752694784
786785633964400640
786768086485635073
786764097241112576
786746728519172097
786700868452229120
786700768862699521
786700750290313217
786700383171346432
786692104697352192
786665862757388288
786428854026006528
786427115843555328
786375242964959232
786328438496002048
786318384438870016
786318291111411713
786318135746031616
786310720292065280
786310219324424192
786310010997501952
786309443692666880
786308649014726656
786307808270704640
786305302987698176
786282399881723904
786068509633679360
786061864136564736
786041044257366017
785991135260971008
785968077733330944
785691437010681856
785548618447085568
785548301210886145
785548247305773057
785547432704745476
785547245043257344
785547200315199493
785547072963510272
785546772298989568
785544183050305541
785529044628410368
785250278979371008
784967675554459648
784600276774838277
784539206806806528
784460408392413184
784248929172856832
784158884470620160
784143550455943168
783840449723334656
783354848414666753
783154255356108800
783097515151360000
782626682431741957
782264259858272256
781902053199212544
781539205495283712
781177144596652032
780844689155129345
779740880899043328
779364918499868673
779091787851952128
778972760387248133
778640160632307712
778315345555812353
778003263593582592
777590614380703744
777553086579703808
777286634353987584
777190695991930881
776842125153558532
776828690298732544
776487602484641796
776466207394398208
776156834499616773
776103935732027392
775741373177851904
775485576418037761
775480961794502656
775445304166453249
774668994339041281
774292578627977216
773929046937899008
773884845772668928
773606802617499648
773241106062540800
772933513293262849
772479811637940226
772117445700091904
771843522140012544
771843254765572096
771782815021199360
771392723383357440
771030005975515136
770705513604583424
770313849304150017
769943070393536512
769603011593273344
769580730678669312
769289601521451010
769218507993149440
768856029979373568
768493652444323841
768131121225826304
767851396108521473
767406238732783616
767028796411277312
766681538561974272
766364159776817152
765986718004703232
765654713610149890
765633482450096128
765629273600163840
765594397236924416
765307230090629120
765277033240854529
765234493070331904
764869560914866176
764507264409567232
764144766737063936
763782880577384449
763548044570791936
763517279422259200
763419849632743424
762740271641686016
762430055599394816
762332848175087616
762136285704253440
762015749879857153
761608269915889666
761366409649815557
761245842028302336
760973800615837696
760883446432534528
760641596194951168
760520891096760320
760279084295458817
760203599905296384
759871502271541248
759478982718947328
759433741626380288
759071476163248128
758784419301847041
758709076083761152
758437095186788357
758346373720862720
758082012506890240
757726478658211840
757659249958871040
757259424805351424
756919360762044416
756897063720321024
756534825754955776
756262623251984384
756172417752530944
755809917789929472
755447310126022656
755166643895070721
755084900232007681
754722705321099264
754454389016920064
754405594426204160
754345043578720256
754108082335145984
753998089724256257
753729570977832960
753635651199832064
753300549597036544
753273269676085249
752910712788443137
752593407705505793
752231202283716608
752178116622184449
751823571295543296
751461286559506432
751098893295812609
750736283476033537
750518152413343744
750011611969118208
749694523614367744
749649289983426560
749286928487485440
748969866825175040
748924709190926336
748562269383106561
748244962827984896
748199879999094784
747837388911677441
747542574005616641
747112580783673348
746750253295079424
746418208391987201
746388039509893121
746025625878732800
745663209315631105
745633038181212160
745300770472497156
744938269897547778
744605880356847616
744575883273445376
744258789394649088
744213519910961152
743851294595612673
743534225031368704
743488840246099969
743126476741062656
742809298988879873
742763945023377408
742378561345093633
742039150979874816
