697954528272973829
697214650904145920
697208482521616384
696864849230434304
696497427193401344
696137555801145344
695395181479092224
695047874745364480
694289647774466048
693983362927697920
693197589949214720
692866005802979328
692798665275105280
692516199025020933
692484138960605184
692467140226580480
692371466910896130
692069728026779648
692060059866681344
692054857289699330
692040158577868800
692014165779685377
691790161940725761
691720959313756160
691043998950113280
690336833562120192
689980735432855554
689601993489420288
689216959758643201
688889796501057536
688537478639292417
687800118381248513
687452832992210944
687408564156141568
687405077900976129
687035409377947648
686992875628969985
686992863192813568
686992666228338692
686992653699956736
686992639099535361
686988932265971712
686988922564534272
686988912313667585
686988338285441024
686988313379606528
686988299819442176
686988229816496128
686978178225729536
686719248648007680
686631083882995715
686630650774962176
685917715295506432
684896019771977728
684551214000902145
684189577440014336
683826434322903040
683085557304524800
683038429135810560
681903767722262528
681239387095625728
680496995061133312
680202560247066624
678376773869019136
677998030499524609
677610631302914048
676573649202102272
676181060007436292
675127867198595072
673964115212296192
673672028398972928
669315822632964096
662771571669381121
662429388487561216
662309073463848960
661955803776053248
661711269162975232
661333785040973824
660566418585333760
660526455953035264
660502328634572800
660469107704270848
660242432722776064
660195248518205440
660191260687273985
660132365155471360
659912639477252096
659880623478181888
659871892027797504
659861629820006400
659847998139076608
659829713645367296
659809325062320128
659805638055165953
659805552189440001
659805494211575809
659804274046537728
659804260352155648
659803007446478848
659802848603996160
659802806610595840
659797976550797313
659796116909592576
659795336341262336
659795260340441088
659795229311037440
659794674949816320
659794661679108096
659793799116230656
659793265273638912
659755354348105728
659749661125677056
659500414207856641
659500364777963520
659496032380678144
659488380799979520
659459708533641216
659393837672955904
659232020325797888
659214535165911040
659170815708016640
659154301068009474
659148877002444800
659141476023037952
659032227506864129
659021330520498176
658772464793579520
658723381886496769
658654511997698048
658411122677035008
658352674379726848
658025201855139840
657972078604218368
657949771160678402
657766677698867200
657738319346843649
657627301044166657
657604803623649280
657593009207271424
657412789942685696
657336001166094340
657300186511749120
657249227991461888
657245128080257024
656977777225154560
656975293656109056
656956696619712512
656915242279014401
656867195494903808
656618283945209856
656605111888838660
656584355725225984
656551165660782592
656546506397188096
656508543017709568
656489450088722434
656303895690375169
656285120647720960
656282911331643392
656246044393472000
656187152158490624
656184850123128832
656181333744488448
656175621718982656
656148919756324864
656108379119726592
655972421288128512
655904574180495360
655893175358259200
655851838017662976
655845845288402944
655844598443409408
655826371319570432
655800643928494080
655794249250832384
655793694436696064
655772088263819264
655772060677894144
655584925844803584
655577272758329344
655555349919895552
655541941153628161
655533789469282304
655512397960998912
655512181308461058
655503589675155456
655496309877506048
655471279730876416
655413612656201729
655413046295199744
655232296979533825
655205692593168384
655203872005222404
655193960353169408
655193845475311616
655191077473792000
655189858776846336
655186495486083072
655174404129730560
655173723293511681
655168496335122433
655164179578404864
655161577365073920
655159725659582464
655158503686864900
655158121980014592
655157296339644417
655156442001858560
655138928622616576
655133600845664256
655133308859215872
655128937333288960
655128623876214784
655118543894155264
655117255164846080
655103405812088832
655100922415046656
655094220047282176
655089299294044160
655086873325400064
655085624748171264
655085107036864513
655084363583918080
655083763534159872
655083109977747457
655082603825922049
655082157656768512
655081959790542849
655081683461386240
655080687540637696
655079764688900096
655078671049359360
655077887372980224
655076793578184704
655074847869956096
655074277952126977
655073640250150912
655073152813305856
655072633369661440
655071648840744960
655066896933326849
655036671520436224
655023705882427392
654878352147288065
654846607947534336
654846566142840832
654832725329776640
654820359649165312
654815463831015424
654815273015361537
654810972129882114
654801182850854914
654798404627787777
654780799992991744
654776810324955136
654765238898692096
654760414706728960
654744453303762944
654743494351675392
654733491729358848
654724623892803584
654717596873306113
654689439759765505
654686359362244610
654676540018438144
654672376815181825
654666463639244800
654666441971470336
654666422644142080
654493035078676480
654492422144028672
654491466585079808
654485394356985856
654483648469569536
654482930572484609
654481276519317504
654479959306596352
654479492790906880
654478099355074561
654476739792384000
654475781209374720
654475101283348484
654470537989586944
654469009643974657
654468100952223744
654466513907290112
654465514123628544
654464359180054529
654463175371284480
654462446036385792
654461650867609600
654460274519314434
654459075229450240
654457885850660864
654453692834312192
654452059396136960
654450155026911232
654448446879870976
654447636192210945
654446820660146176
654446132341272577
654444264085045248
654443625397420032
654443258681036800
654442796355481600
654442128257323008
654441359214948352
654440553350717440
654439786980077568
654438848366182401
654437256418082816
654428545867866112
654418893046329344
654402730023260160
654401391838937088
654388528890011648
654377150351544321
654369163553538048
654361800440283137
654309023185899520
654155707558682624
654129554500419584
654109935370788868
654090095729897472
654087525640863744
654076717070479360
654071310696386560
654069276727316480
654068601054298114
654068312737902592
654068193854558208
654068042930892800
654067676818485248
654067361713025024
654067210990678016
654067204736987136
654067050445275136
654066904210866176
654066453486825472
654066303884378112
654066133855662080
654065955182538752
654065720733470720
654011945410887680
654008148471099392
654004519492153344
654003156804722688
653946328645398529
653944008536821760
653943924818472960
653941920792600576
653791561080139776
653720167587774464
653713202560131072
653710509947031552
653707696365940736
653700197810176000
653692707554988032
653689885019250688
653684198516068352
653674013001166849
653670914584743936
653655260934762496
653630627317551104
653606782292496384
653603579194806272
653603558311378944
653601223505874944
653598682273550337
653595053877653504
653586379197181952
653579062879784960
653380728344829952
653369099486007296
653364460258639873
653343546716483584
653341419759779840
653336385554788353
653333757110427648
653302982419738625
653291549199958016
653290067356618752
653288752169615360
653288724801830916
653287946552938496
653287583217094656
653287480179822592
653286492026998788
653253461832658944
652987497178226689
652973642964451328
652973110111526912
652948009857253376
652943462740856832
652941814396137472
652926882078437376
652891434522148864
652883640137854976
652862804911763457
652656946281996288
652651834675298304
652637924798763008
652631605484261376
652619735738155008
652619096844996608
652618969250033665
652618450028773376
652618131425222656
652617958598938624
652617825043910657
652615671247822849
652615105289416704
652614883725328384
652614702531411968
652613763036647424
652613179860643840
652612940265189376
652612361681924096
652612195767861248
652611849662259200
652611619785080832
652611307464585216
652610999736860672
652601289772285952
652600759108927488
652600077878460416
652599273759051776
652598458940063744
652597852603027456
652596735525658624
652595743530852352
652595093371797504
652593031544225792
652592366851858435
652591151573245952
652589446643118081
652578323021721600
652576630045478912
652576383105798144
652576142654750720
652575815201255425
652575375852068864
652575176903688192
652573883652943872
652573495415607296
652573219900141568
652572811907608576
652572634484375552
652572442079039488
652572188168445952
652571900900589568
652571488038465536
652571228046159872
652570798087995393
652570346076291072
652570017435770880
652569796333047808
652569055363117056
652568199586713600
652567393063964672
652567124515229696
652566910379229184
652566692095066112
652566502474776576
652566303706738688
652566017617428480
652562984670068736
652562608206163968
652561854657462272
652561362447544320
652560565122895872
652559949990506497
652555230236639232
652555054210150400
652554913172426752
652554768271851520
652554633785688064
652554419494498304
652553127858561025
652552841056251904
652551752504336385
652551132154171392
652550262624681984
652545186560512000
652544843479027712
652544591791460352
652544491052658688
652536209726509056
652534637244256257
652534131562184705
652533883963965440
652533586675941376
652533338557710336
652531562366394368
652531143070248960
652530700713721856
652530579116679169
652530426754371584
652530264648757248
652529471342247936
652528006024466432
652527879499087872
652526438545948672
652525738646605824
652524678934691840
652524283076325376
652524091610562560
652523854951112709
652523636092354560
652523488918372352
652523229873987584
652522993130668032
652522351322529792
652522199408967681
652521776715468801
652505316454588416
652489965721399296
652485392814358528
652483392160800768
652289414123532288
652286172350169088
652284349337899009
652278927189151744
652241823889403904
652222963211567105
652168870543790081
652156804881715200
651928620823244800
651925361475751936
651911433953804289
651900379492425728
651884039129989120
651868102196621313
651867880775098368
651859698946150400
651846954880778240
651839792976498688
651822550176169984
651815528949006336
651815229571993600
651812722460356608
651811848728248320
651794884941119488
651792944492507136
651789467041140736
651634360441966592
651634178006487041
651568489447059456
651549071996424192
651463901041680384
651442281036169216
651441448261320704
651440826971656192
651423120092471296
651422954790629376
651210307298201600
651199151997259781
651195482740408320
651194926034628608
651172967527780352
651170252538048512
651164451161243648
651155948426293249
651129528236929024
651085414074306560
651074166343405568
651050090975522816
650793160629596161
650792641102086145
650786909224996864
650786819492020224
650782960107413504
650778707058016256
650778648107069440
650778636874702849
650778625466195968
650778568838942720
650749429457244160
650748780019621888
650748213205577728
650747635452633088
650746780078997504
650743918489903104
650742636966375424
650742207876628485
650742162527776768
650742147273125889
650742132928610304
650741975021449216
650741956948160512
650741888857821184
650741801498865665
650738850671628288
650734703100731393
650734545206136832
650716639927754752
650671781078917120
650436267600035840
650372507707379713
650370878371303424
650087413251903488
650083415950127104
650082572295254017
650078829688426496
650064524314185728
650052578349158400
650050522867568640
650017841127686144
650000695257534464
649992102131052545
649988715746455552
649980514342834176
649979176615723009
649979140192374784
649977425384747008
649962895971758080
649734940091781120
649720609283268608
649712651723915264
649618593307471873
649615476373327872
649609726020325376
649358899699707904
649338173290618880
649323663813033984
649280173427179520
649250875702022144
649083186912165888
649025903696019456
649014397021458432
649012246517972992
649003508063010816
649001109411860480
649001012800307200
649000948371554304
649000001520046080
648998088158261248
648997895245467648
648997732107993088
648997109174132736
648995881153265664
648993700517797888
648982920154124288
648952760537247744
648943157695000577
648914763477454848
648914713695289346
648892640474198016
648892133810671617
648673259936808960
648666556059119616
648659895307206656
648638530734850048
648614994137903105
648588962462699520
648555977017438209
648551923881144320
648535358452314112
648524061962731520
648340736144838656
648297478794547200
648263752039694336
648238932639903744
648213285435654144
647935716043788288
647868280820989952
647814754300391424
647809366196772864
647803583740538881
647553051566276608
647534817337184256
647497362617663488
647428052063023104
647422009098407936
647313531025559553
647236807730462720
647236232506814465
647235603751276549
647223133775069184
647220059656421376
647061762928316416
647061673874841600
646911303223676932
646824422809038848
646818442192883712
646689622345453569
646549756911620097
646546079186481152
646546073184415744
646545926178275328
646545856213053440
646545586347311105
646545098528813057
646544976499728384
646544828226912256
646544425020035073
646544378454937600
646543550092460032
646542586920873985
646542578075078656
646542313284472832
646540928191082496
646540802651353088
646539616758034432
646538868984930309
646538479946477568
646537299241467904
646536878137585664
646536350842261504
646536069626769408
646534400528642048
646534348653490176
646533943731224578
646533439454248960
646533400761774080
646533016911609856
646532855632302080
646532125341016064
646531444559351808
646530159021940736
646529804460666883
646529611883397120
646529318428893184
646529193849675776
646528617896280064
646528512401149952
646528123375218689
646527982408851460
646527541121974273
646527099382042625
646526669377835009
646525924138029057
646518827765755904
646518032429219840
646517568413405184
646516212638203904
646512689380855809
646510853093625856
646509472605564928
646509303126298625
646508676853821440
646507484723544064
646507067239346176
646505858893922304
646504261136740352
646503722269347840
646502618219458560
646501960250621952
646501092444930048
646500136621748224
646495748092104705
646494403574394880
646492306657247232
646490800109457408
646490136935428096
646489034823348224
646488289889816576
646487600698560513
646487334855114752
646486257644666880
646485187430256640
646484396816465920
646482161860636673
646481127096516608
646480870409265154
646480035797270528
646479601636503553
646478528309923840
646478386794098688
646478027136757761
646477436524236800
646476874235777024
646476069491466240
646473500673249280
646413862288420864
646362323175669760
646340323019370500
646016790737227776
645781176859267072
645776675364405248
645766592207294464
645765067644923904
645752887155404800
645749414192021505
645734219520409601
645434683270959104
645434463535542272
645328714109091840
645009889618595840
644940629059878912
644890160484626432
644668148705181696
644585629674831872
644529953971658752
644163564316393473
643803466003955712
643579982346715136
643140876819009536
642768607177379840
642756338167119872
642374313966829568
642373852295639040
642140447406583808
641420268108431361
641314495164489730
641285058087686144
640577565116071937
639923069310492672
639922842444824577
639919044280250368
639480827609419776
639477080485302272
639476155930689537
639241131331420160
639233122429612032
639229970611503105
639229493492649985
639229453105672192
639229360470290432
638398382017417217
637330858416844800
637302010677739521
637297489406750720
637286116064825344
637049649799364608
636655358824419328
636623819168288769
636249219343323136
635963922621689857
635869977929646080
634773918893637632
634718325868728324
634519432400867328
634441463766614016
634422886044930048
634406265939210240
634377684521517056
634376803356934144
633785299605131265
633776670189588481
633670554881531904
633669054415437824
633375177900990464
632924175745843200
632922361445130240
632703351273058304
632308245437136896
631978550912921600
631897028826558468
631640530984669184
631637428927762432
631635100258603009
631631914286235648
631628653688782848
631624474735939584
631494858549538816
630892930283114496
630788902861737984
630408257924771840
629825451003740160
629699476035207168
629698626164428801
629415551744380929
629382658670264325
628726589958656000
628723152994988032
628650464238645248
627502946821914624
626914609333571584
626835615749816320
626835594367217664
626835577606803457
626835562503081984
626835551509831680
626835528684429313
626835496874872832
626830051640619008
626829043090915328
626822590921715712
626787145840078849
626549930484588544
626549859420499968
626444043979853824
626443868016218112
626443021995802624
625365892713439232
624679042264870912
624376205475614720
624228577555320833
624083222134190080
624081956104499200
624043524606918656
624021199153164288
623280364832755714
622450839190253568
622133658581909504
622089163286786049
622086075033366529
622080680025980928
622077493109878785
621848774999080960
621845968690937857
621739375508914176
621468551996518400
620986503448035328
620680547719745536
620621913010733057
620336517198643200
620301245790617600
619921509419630592
619921195341721600
619621170988449796
619615029168463872
619528301392957441
619523607018913793
619302379918196736
619302370762055681
619302360662216704
619293637046710272
619268148278116352
619245216587870208
619244780388679680
619239178061004804
619223372266905600
619222841116987394
619222138625650688
619221016670244865
619220365395558405
619219808379359233
619218373755449344
619208953432567808
619201220616523776
619173743567331329
619015159755898880
619011566441115648
619010035620802560
619007846491930624
619006132623835136
618998437762039808
618973295883366400
618958974512033792
618958312248229890
618957712303349760
618956541404672000
618955247059243009
618947433507074048
618944575449600000
618943423312072704
618916731461857280
618905929145171968
618904624569790464
618895958122717184
618894698137059328
618892939851251712
618891341854937088
618890966263402496
618889942710685696
618889236721201152
618888614563352576
618887985669410816
618884413766565889
618881989391708160
618880953386037248
618878930020229120
618877414282625028
618870597183889409
618868708572704768
618866031797358596
618863241553387521
618861661974319104
618859626013003776
618859515476230144
618858653626580993
618858128134799361
618857966125494272
618857840602664960
618855614706380802
618854614754963456
618851345219465216
618849783239720960
618849017401774080
618848337471651845
618848134735597568
618846395672457216
618841933629161472
618839635398033408
618839166562861060
618834867317444608
618832138813575168
618830620546830336
618828933299961858
618825711172751360
618823197689954305
618823083533692928
618823083525337089
618823083525324801
618823083424641025
618823083416227840
618823083407896577
618823083407867904
618823083403702277
618823083399475200
618823083395260420
618823083391123457
618823083391107072
618823083386884096
618823083386867713
618823083382730752
618823083382710272
618823083382702080
618823083378540544
618823083378524160
618823083378515970
618823083378515969
618823083378515968
618823083378479105
618823083374284800
618823083370115072
618823083365920768
618823083361759232
618823083361746944
618823083357536256
618823083357532161
618823083353370624
618823083353350145
618823083353350144
618823083353337859
618823083349159936
618823083344986113
618823083336597504
618823083198160896
618823083172995072
618823083013591040
618823082988433408
618823082980081664
618823082980057088
618823082971660289
618823082971660288
618823082967498752
618823082963271680
618823082959110144
618822957478113284
618822957327122432
618822957272596481
618822957192904704
618822957192843264
618822957188648960
618822957184516097
618822957184458757
618822957184458752
618822957184454656
618822957180321793
618822957180297216
618822957176094720
618822957171900416
618822957171896320
618822957159313408
618822957155094528
618822957150904321
618822957146767360
618822957142556673
618822957142556672
618822957142540289
618822957142540288
618822957138378753
618822957138345984
618822957138333697
618822957138317312
618822957134180356
618822957134180354
618822957134163969
618822957129953280
618822957125775361
618822957125771265
618822957125763072
618822957121544192
618822957117370368
618822957117362177
618822957117349888
618822957108961280
618822957104807937
618822957100625920
618822957100593152
618822957100584961
618822957100568577
618822957092204544
618822957083836417
618822957083836416
618822956991574016
618822956978950148
618822956978847744
618822956899270656
618822956811186176
618822956802772993
618822956802772992
618822956798619648
618822956794421248
618822956790214657
618822956781842432
618822956781838336
618822956773416960
618822956765081600
618822956756697088
618822956756676610
618822956756664320
618822956748288002
618822956748288001
618822956744089600
618822956744077312
618822956744056832
618822956739903488
618822956739895296
618822956739858433
618822956735664129
618822956735664128
618822956731531264
618822956727320577
618822956727316482
618822956727316481
618822956727316480
618822956723138560
618822956723122176
618822956718923776
618822956714737664
618822956714733568
618822956714692608
618822956710535170
618822956706332672
618822956702126080
618822956647645184
618822956647600128
618822956643389440
618822799763894272
618822799709339649
618822799700963329
618822799700963328
618822799692558336
618822799675760640
618822799671623680
618822799671603201
618822799671599104
618822799671578624
618822799667412992
618822799667408896
618822799663235073
618822799663218688
618822799659020288
618822799659003904
618822799654842369
618822799654809600
618822799650631680
618822799650627586
618822799650619392
618822799650615296
618822799650607104
618822799646457860
618822799646453760
618822799642247168
618822799642202112
618822799638069249
618822799638065152
618822799629635588
618822799621271552
618822799453495296
618822679219576833
618822679026638848
618822678967922688
618822678955302912
618822678951161857
618822678946934784
618822678938537984
618822678934327297
618822678930190336
618822678925996032
618822678909222913
618822678909190144
618822678905028608
618822678904983552
618822678904971264
618822678904967168
618822678900834304
618822678900813826
618822678900809728
618822678896623617
618822678896623616
618822678892384256
618822678888230913
618822678871457792
618822678871302144
618822678867247104
618822678867234816
618822678850465792
618822678850334721
618822678846263297
618822678842089472
618822678837919744
618822678825316352
618822678783389696
618822678779154433
618822678779154432
618822678774972416
618822678774947840
618822678770765824
618822678766579712
618822678762422277
618822678762385408
618822678762377216
618822678762360834
618822678762360832
618822678754000896
618822678753996802
618822678753996800
618822678749839360
618822678749818881
618822678749814785
618822678745645056
618822678745624576
618822678745608193
618822678745583617
618822678741446656
618822678741434368
618822678741430272
618822678737199104
618822678733017088
618822678733004800
618822678728847360
618822678728822784
618822678724673538
618822678724673537
618822678724653056
618822678724636672
618822678724616192
618822678712070145
618822678712066049
618822678712066048
618822678707896320
618822678703697920
618822678703681536
618822678703677440
618822678703665152
618822678699483136
618822678699462659
618822678699462657
618822678699450368
618822678695251968
618822678691119104
618822678691115009
618822568007598080
618822567961477120
618822567944699904
618822567944683520
618822567936303104
618822567932100608
618822567932076032
618822567927906304
618822567923712001
618822567923687425
618822567919550464
618822567919546368
618822567919493120
618822567915331584
618822567915311104
618822567915298816
618822567911157760
618822567906963456
618822567902773248
618822567898542080
618822567894360064
618822567885963264
618822567881764864
618822567873413121
618822567869157376
618822567810494464
618822567785271296
618822567772712960
618822567768522752
618822567768518656
618822567755972608
618822464634753024
618822464517357570
618822464504770560
618822464492171264
618822464488013824
618822464479592448
618822464475426816
618822464475373571
618822464475373570
618822464471212032
618822464471191553
618822464471191552
618822464471179265
618822464471179264
618822464471175168
618822464467038208
618822464467009536
618822464462815232
618822464462802944
618822464458637313
618822464458629120
618822464458608640
618822464454455298
618822464454443009
618822464454434817
618822464450265088
618822464446066689
618822464446038017
618822464441872384
618822464441839616
618822464437637120
618822464433483776
618822464433471489
618822464433430529
618822464433430528
618822464429289472
618822464429236224
618822464425078784
618822464425066497
618822464425066496
618822464425041920
618822464420888577
618822464420847616
618822464416690176
618822464416686080
618822464412512256
618822464336961536
618822464328593408
618822464290713600
618822464219557888
618822464186023936
618822464148238336
618822464148230144
618822464118857728
618822464114716672
618822464110505984
618822464110489600
618822464110481408
618822464106287104
618822464102092801
618822464102092800
618822464097906689
618822464097898496
618822464097882112
618822464093749248
618822464093745156
618822464089554948
618822464089522176
618822464085340161
618822464085340160
618822464085303297
618822464081166337
618822464081166336
618822464081129473
618822464081121280
618822464081108993
618822464081108992
618822464072753152
618822464072732672
618822464068583424
618822464068567040
618822464068526080
618822464064368640
618822464064364544
618822464064344064
618822464060133377
618822464056000513
618822464043417600
618822442660659200
618822266260979712
618822266235813888
618822266198065153
618822266198036480
618822266189651969
618822266185453568
618822266181300224
618822266181275649
618822266177105920
618822266172932096
618822266168717312
618822266147749888
618822266139377664
618822266139361280
618822266139320320
618822266135166977
618822266135166976
618822266130964481
618822266130964480
618822266130931712
618822266126749696
618822266122543107
618822266122543105
618822266118406144
618822266118385664
618822266114207744
618822266114150401
618822266093240321
618822266093182977
618822266080641024
618822266080612352
618822266076463104
618822266072211460
618822266068074497
618822266068058112
618822266068037632
618822266063880193
618822266063880192
618822266063822849
618822266063822848
618822266059685892
618822266059685891
618822266059685890
618822266059685889
618822266059665408
618822266055487488
618822266055430145
618822266051293185
618822266051293184
618822266042908673
618822266042884096
618822266042851328
618822266042847232
618822266038681600
618822266038657024
618822266038652928
618822266030321664
618822266030309376
618822266026110976
618822266026098688
618822266026070016
618822266021933056
618822266017742848
618822266017738752
618822266017697792
618822266013503488
618822266005143552
618822266005139456
618822266005127168
618822266000945152
618822266000920576
618822266000904193
618822265996771330
618822265996754944
618822265996746752
618822265996726276
618822265422127104
618822265405337600
618822265401155584
618822265401143297
618822265396940800
618822106650783748
618822106571272192
618822106520940544
618822106520907777
618822106520907776
618822106520883201
618822106520883200
618822106508357632
618822106508345344
618822106504167424
618822106504163328
618822106499940352
618822106499928064
618822106495774720
618822106495754240
618822106495746048
618822106491527168
618822106487353345
618822106487328768
618822106483191809
618822106483191808
618822106483150848
618822106474762243
618822106470576128
618822106470567936
618822106466402304
618822106466394112
618822106462224384
618822106462220288
618822106462199808
618822106462162944
618822106457972736
618822106453835776
618822106453815296
618822106453811205
618822106453790720
618822106453774336
618822106449641476
618822106445422592
618822106445414406
618822106441195521
618822106357321728
618822106319556609
618822106294390784
618822106265059328
618822106252492801
618822106252476418
618822106248282112
618822106244104192
618822106244100097
618822106244063233
618822106235731968
618822106235711489
618822106235695104
618822106235686912
618822106231537664
618822106231533569
618822106231521282
618822106227326976
618822106227298304
618822106223132672
618822106223128577
618822106218954752
618822106218909696
618822106218893312
618822106214727681
618822106214727680
618822106214723585
618822106214723584
618822106214699008
618822106210562049
618822106206367744
618822106206314496
618822106197979137
618822106197946368
618822106193743872
618822106189561857
618822106181173248
618822106176974848
618822039072157696
618822039009280000
618822038975815680
618822038946512897
618822038933872640
618822038925537281
618822038925496320
618822038925484032
618822038921342977
618822038921342976
618822038917152768
618822038917148672
618822038917136388
618822038917128192
618822038917120001
618822038917120000
618822038917115905
618822038908747776
618822038908731393
618822038908731392
618822038900375552
618822038900338688
618822038900330496
618822038891986945
618822038891982848
618822038891962369
618822038891954176
618822038887768064
618822038887755776
618822038887747584
618822038887735297
618822038879399936
618822038879387648
618822038879383556
618822038879379457
618822038879379456
618822038870994944
618822038870990848
618822038862606336
618822038850023424
618822038837440512
618822038799691777
618822038740865025
618822038657073152
618822038640291841
618822038636130304
618822038631936000
618822038627741697
618822038627713025
618822038623547392
618822038623518720
618822038623490049
618822038623490048
618822038619324418
618822038619324416
618822038619295744
618822038615158785
618822038615158784
618822038615146497
618822038615142400
618822038615101441
618822038610964480
618822038610948096
618822038610944000
618822038606770181
618822038606770180
618822038602563584
618822038598340610
618822038594154496
618822038594146304
618822038589997056
618822038585786368
618822028133560320
618822028112625664
618822028074815488
618822028070625280
618822028049666049
618822028045455360
618822028037083136
618822028032929797
618822028032897024
618822028020346880
618822028020330496
618822028011958272
618822028011925504
618822028007723008
618822028003557376
618822028003512320
618821978175082496
618821978108076032
618821978103918592
618821978099707904
618821978057797632
618821978049396736
618821978049388544
618821978045198336
618821978045161472
618821978040991744
618821978040963073
618821978036826113
618821978036826112
618821978036805632
618821978032603136
618821978028380161
618821978024222721
618821978020016129
618821978011664384
618821978011643904
618821978011607040
618821978007437312
618821977999036416
618821977994887168
618821977994870784
618821977990676480
618821977986498563
618821977986498560
618821977986461696
618821977982267393
618821977982267392
618821977978109953
618821977978077184
618821977973891074
618821977973891073
618821977973891072
618821977969704960
618821977961332736
618821977961328640
618821977961271296
618821977957134337
618821977957105664
618821977957076993
618821977952919552
618821977948712960
618821977894199296
618821977655132160
618821977621573632
618821977608990721
618821977604796417
618821977596428288
618821977596403713
618821977596403712
618821977596395520
618821977587994624
618821977583828992
618821977583808513
618821977583800320
618821977583788036
618821977579618304
618821977575456772
618821977575452673
618821977575452672
618821977575432192
618821977575424004
618821977575419905
618821977575419904
618821977571237888
618821977571225604
618821977567068161
618821977567047681
618821977567047680
618821977567031296
618821977558618117
618821977554468866
618821977554460672
618821977550245888
618821977546076160
618821901666926592
618821901654298624
618821901645967360
618821901645955073
618821901637521408
618821901633384448
618821901629194240
618821901629173761
618821901629169664
618821901620781056
618821901620772864
618821901620760577
618821901620748288
618821901616566274
618821901616566272
618821901612400640
618821901612380160
618821901608198144
618821901608189953
618821901608185856
618821901608165376
618821901603991552
618821901599801344
618821901595619328
618821901595594753
618821901595594752
618821901591441409
618821901591429120
618821901591420930
618821901591400448
618821901591384065
618821901591384064
618821901587226624
618821901587214336
618821901587206146
618821901587189760
618821901583052800
618821901583036416
618821901583032320
618821901578842113
618821901578842112
618821901578805248
618821901574643712
618821901574635521
618821901574635520
618821901574610945
618821901574610944
618821901570428928
618821901566279680
618821901566255104
618821901562068992
618821901562060800
618821901562028032
618821901557874688
618821901557846018
618821901557846017
618821901557846016
618821901553676288
618821901553659904
618821901549481984
618821901549465601
618821901545304064
618821901545250816
618821901536915458
618821901536915457
618821901536915456
618821901536899072
618821901536862208
618821901528514560
618821901528469504
618821901524332545
618821901524275200
618821901520109568
618821901507555329
618821901465595904
618821901364916224
618821901134204928
618821901012586496
618821900987408384
618821900979077120
618821900979032064
618821849925976065
618821849816784896
618821849804312576
618821849800146945
618821849795923968
618821849787580416
618821849787576320
618821849787572224
618821849787551744
618821849783357440
618821849779146752
618821849745649664
618821849733070848
618821849728851968
618821849724665856
618821849724649473
618821849720442880
618821849716260864
618821849712082944
618821849712054272
618821849712037888
618821849707847680
618821849703706624
618821849703690244
618821849703677952
618821849703665664
618821849703649280
618821849695264769
618821849695264768
618821849691127808
618821849691095042
618821849691095041
618821849691082752
618821849691066368
618821849686888448
618821849686872064
618821849682714624
618821849678540801
618821849678528512
618821849678524416
618821849678520321
618821849674330112
618821849670131712
618821849670111232
618821849665925121
618821849665904642
618821849661747201
618821849657552897
618821849657548804
618821849657540609
618821849653379073
618821849653379072
618821849653354496
618821849653334016
618821849649160192
618821849649147904
618821849644969984
618821849644957697
618821849644945408
618821849644933120
618821849636569088
618821849632407553
618821849628151809
618821849628151808
618821849623973888
618821849619820544
618821849615626240
618821849615609856
618821849615597569
618821849540128768
618821849405898752
618821849393307648
618821849393270784
618821849032577025
618821849024188416
618821849007452162
618821849003245568
618821848999067648
618821848999047168
618821848994852864
618821848994848768
618821848986484738
618821848982286336
618821848973844480
618821787766255616
618821787749625856
618821787741200384
618821787732848640
618821787732832256
618821787724460032
618821787724447744
618821787720282113
618821787720282112
618821787711864833
618821787707699200
618821787703488512
618821787703447552
618821787695075328
618821787690893312
618821787690864641
618821787682504704
618821787678281728
618821787674132480
618821787674087426
618821787674087424
618821787665715204
618821787665698816
618821787661529088
618821787661520896
618821787661508608
618821787653160960
618821787653132293
618821787653132288
618821787653115904
618821787648958464
618821787648937985
618821787644764161
618821787644755968
618821787640590336
618821787636396032
618821787636383744
618821787636375552
618821787632189440
618821787632160770
618821787632160769
618821787632144384
618821787623792640
618821787623780353
618821787619590144
618821787619586048
618821787615412224
618821787615367168
618821787611201537
618821787611201536
618821787611176960
618821787607035904
618821787607019520
618821787607007232
618821787602829312
618821787602800641
618821787602800640
618821787598630912
618821787594457088
618821787594452992
618821787594412033
618821787590246401
618821787590225921
618821787590225920
618821787586068480
618821787586064385
618821787586064384
618821787586031617
618821787586031616
618821787581853697
618821787581841408
618821787581812739
618821787581812738
618821787569229824
618821787556675584
618821787556671488
618821787544064001
618821787007197184
618821787007193088
618821787003015168
618821786998808576
618821786994626560
618821786982088704
618821786982043648
618821730992308224
618821730962944004
618821730962944002
618821730962919424
618821730900029440
618821730891640832
618821730891616256
618821730883268608
618821730879074304
618821730874851328
618821730870657024
618821730866491392
618821730862256129
618821730858074112
618821730845503488
618821730837118980
618821730832908289
618821730832883712
618821730828689409
618821730824519680
618821730820341760
618821730820325376
618821730820321280
618821730820313088
618821730816143362
618821730816143360
618821730816118784
618821730811949056
618821730807775234
618821730807775232
618821730807771136
618821730807758848
618821730803519489
618821730795167745
618821730795134976
618821730790973440
618821730786742273
618821730786742272
618821730769989632
618821730761621505
618821730736414720
618821730732240896
618821730728079363
618821730728079360
618821730723856384
618821730719662080
618821730719657984
618821730715475970
618821730715475969
618821730715475968
618821730707095552
618821730702917632
618821730702897152
618821730702893056
618821730702856192
618821730698698752
618821730698690560
618821730681888768
618821730639941633
618821730581237760
618821730577027072
618821730572832768
618821730560266242
618821730560253952
618821730551889925
618821730551877632
618821730413510656
618821730312814592
618821730304458752
618821730300239877
618821730291855362
618821730291814400
618821648632971264
618821648586813440
618821648582619136
618821648569999361
618821648569999360
618821648565837825
618821648565825536
618821648561664000
618821648561651712
618821648557428736
618821648553275392
618821648553242624
618821648549068801
618821648549060612
618821648549048320
618821648544829441
618821648540635137
618821648536469504
618821648536457216
618821648536444929
618821648536444928
618821648532307969
618821648532307968
618821648532291584
618821648532287488
618821648532271104
618821648523894784
618821648523882497
618821648519725056
618821648519700480
618821648519692288
618821648519663616
618821648515510272
618821648515497985
618821648515473408
618821648511336453
618821648511336448
618821648511299584
618821648511279108
618821648511275008
618821648507109376
618821648507080704
618821648502923264
618821648498733057
618821648498720768
618821648498716672
618821648494538753
618821648494526467
618821648494522368
618821648490328064
618821648490303489
618821648486146049
618821648486146048
618821648481976320
618821648481951748
618821648481943552
618821648481918976
618821648477761536
618821648477757440
618821648473587713
618821648473567232
618821648469368832
618821648465174528
618821648465166336
618821648033169409
618821648033140736
618821648024793088
618821648024764417
618821648020602880
618821648020582400
618821648020557824
618821648016375809
618821647995375616
618821647982829568
618821647974449154
618821647974445056
618821609202151424
618821595927195648
618821595893772288
618821595885359104
618821595885342720
618821595855998976
618821595839209472
618821595839205376
618821595835011073
618821595830857728
618821595826659328
618821595818291200
618821595805675520
618821595797307392
618821595793072132
618821595788914688
618821595784736768
618821595780542464
618821595780526080
618821595780485121
618821595776348161
618821595772157952
618821595772133376
618821595767926785
618821595767918593
618821595767902208
618821595763748864
618821595759538178
618821595759538177
618821595759538176
618821595759529984
618821595755380736
618821595755356161
618821595755347968
618821595755343872
618821595755323392
618821595751129088
618821595746975744
618821595746967552
618821595746959360
618821595742793730
618821595742793728
618821595742765056
618821595738546176
618821595734351873
618821595734351872
618821595730194432
618821595730190340
618821595730153473
618821595726016512
618821595725963264
618821595721764864
618821595717632001
618821595717632000
618821595713437697
618821595713437696
618821595713421312
618821595713413120
618821595709218816
618821595709206528
618821595705049088
618821595705028609
618821595705016320
618821595700817921
618821595700809730
618821595696627715
618821595696627713
618821595696623616
618821595696599040
618821595692441600
618821595688247296
618821595688239104
618821595675684864
618821595017179136
618821595017162752
618821595017121792
618821542793867264
618821542739361792
618821542739333120
618821542735163392
618821542735126528
618821542735122432
618821542726791168
618821542726770689
618821542722580480
618821542718349312
618821542705762309
618821542701629440
618821542701625345
618821542701596672
618821542680653824
618821542676439040
618821542672211968
618821542668075008
618821542668050432
618821542659665920
618821542659661824
618821542659641344
618821542659629056
618821542655488003
618821542655488000
618821542655471616
618821542651265025
618821542647103488
618821542647042048
618821542642905089
618821542642905088
618821542642888704
618821542642847745
618821542642847744
618821542638694401
618821542638682113
618821542638669824
618821542638653440
618821542634475524
618821542630305792
618821542630268928
618821542630264832
618821542626131968
618821542626086912
618821542626070529
618821542621937664
618821542621933569
618821542621933568
618821542621900800
618821542621880321
618821542617743360
618821542617686018
618821542617686016
618821542613528577
618821542613491712
618821542613487616
618821542609293316
618821542605144064
618821542605127680
618821542605123584
618821542600933376
618821542600929280
618821542596771840
618821542596747264
618821542592561152
618821542391218176
618821542244298755
618821542152130564
618821542097604608
618821542089216001
618821542072479744
618821542068289536
618821542064095232
618821542064070657
618821542051479552
618821542047293440
618821542043107328
618821503946199040
618821503912689664
618821503900123136
618821503891734528
618821503891689472
618821503887519744
618821503879147520
618821503879131136
618821503879127040
618821503879118848
618821503874957312
618821503874953216
618821503874936832
618821503874899968
618821503874895872
618821503870738432
618821503858163712
618821503858143232
618821503853940736
618821503849771008
618821503845580804
618821503845576704
618821503845539840
618821503841386496
618821503837147137
618821503837147136
618821503832993792
618821503832981505
618821503832981504
618821503828819968
618821503828815874
618821503828815873
618821503828815872
618821503828795396
618821503828783104
618821503824621568
618821503824592896
618821503820414977
618821503820369920
618821503816212482
618821503816175623
618821503812038656
618821503812009984
618821503807848448
618821503807844352
618821503807827968
618821503803654144
618821503803637760
618821503803596800
618821503799459840
618821503799443456
618821503799402497
618821503795249152
618821503786872832
618821503694585856
618821503560380416
618821503518408704
618821503510052864
618821503459659776
618821503455465472
618821503451328516
618821503451316225
618821503451299841
618821503451271168
618821503447138304
618821503442882561
618821503438729216
618821503434534913
618821503421935617
618821503421927424
618821503421911040
618821503417716737
618821503413559296
618821503413547009
618821503405178880
618821503405162496
618821503401000960
618821503400980480
618821503400968192
618821503396761600
618821503396749314
618821503396745216
618821503392612353
618821503392591872
618821493326258176
618821493137391616
618821493078757376
618821493070426112
618821493062041600
618821493057826817
618821493053607937
618821493053595648
618821493049401345
618821493036843008
618821493036818432
618821493032656896
618821493032644608
618821493028487168
618821493028470785
618821493028470784
618821493020094465
618821493020094464
618821493020078080
618821493020073984
618821493020041218
618821493015867392
618821493015846914
618821493011689473
618821493011689472
618821493011673088
618821493007515650
618821493007515649
618821493007458304
618821492999110656
618821492999102469
618821492999102468
618821492994895872
618821492990734336
618821492990701569
618821492986486784
618821492986482688
618821492982292480
618821492978151424
618821492973903872
618821492965552129
618821492961374208
618821492747448320
618821492743229440
618821492625801216
618821492621639681
618821492621639680
618821492617445376
618821492617441281
618821492617441280
618821492617412609
618821492617383936
618821492600623104
618821492596453376
618821492596449280
618821492592263168
618821492583890944
618821492579680256
618821492579672065
618821492575502336
618821492575485952
618821492575477760
618821492571308032
618821492571283456
618821492562874373
618821492562857984
618821492558708737
618821492554530817
618821492554526720
618821421100343297
618821421062615040
618821421029031936
618821420810903552
618821420764798976
618821420764790784
618821420760629249
618821420760625152
618821420760608768
618821420760571904
618821420756418560
618821420756377600
618821420752195584
618821420747988992
618821420743835648
618821420739633152
618821420739624961
618821420735447040
618821420735442944
618821420735418368
618821420731265025
618821420731252736
618821420731224064
618821420731211776
618821420727074816
618821420727054336
618821420722876416
618821420722855936
618821420718649345
618821420714491905
618821420714475524
618821420714459136
618821420710293506
618821420710281216
618821420710273025
618821420710273024
618821420706099200
618821420706086912
618821420706082817
618821420706070528
618821420706041856
618821420701892608
618821420701884417
618821420701884416
618821420701847552
618821420697681920
618821420693520384
618821420693463040
618821420693458944
618821420689326080
618821420689305600
618821420689293312
618821420685074432
618821420680937472
618821420672516096
618821420479549440
618821420399882240
618821420349562880
618821420316016640
618821420316012544
618821420311818240
618821420311781376
618821420307619841
618821420303405058
618821420303405056
618821420299251712
618821420299239424
618821420295016448
618821420290846721
618821420290830336
618821420282474497
618821420282462208
618821420282445824
618821420278251521
618821420274065409
618821420274032640
618821420269875200
618821420269834241
618821369598451714
618821369522991104
618821369489436672
618821369489420289
618821369078358016
618821368902197248
618821368767909888
618821368755433472
618821368700882945
618821368696696833
618821368679952384
618821368679940096
618821368671567872
618821368667357184
618821368667316225
618821368663179264
618821368663162880
618821368663121920
618821368658960384
618821368646344708
618821368642207744
618821368642162688
618821368638013441
618821368637956096
618821368633802752
618821368633798656
618821368633774080
618821368629604352
618821368629587969
618821368625430532
618821368625405952
618821368625373186
618821368625373185
618821368625373184
618821368621215744
618821368617041920
618821368617005056
618821368612827136
618821368612823040
618821368612814849
618821368612790272
618821368608653312
618821368608636931
618821368608636929
618821368608636928
618821368608616448
618821368600240128
618821368600231936
618821368591855616
618821368587644928
618821368587636736
618821368583467008
618821368579289089
618821368579248130
618821368579248129
618821368575082496
618821368575066112
618821368575053824
618821368570904577
618821368570859522
618821368570859521
618821368570843136
618821368566706177
618821368478568448
618821368466014208
618821368239493121
618821368214343680
618821368159805440
618821368151474176
618821368147255296
618821368130486273
618821368130482176
618821368130465792
618821368130441216
618821368126283776
618821368122109953
618821368122056704
618821368113709056
618821328976650241
618821328896966656
618821328888569857
618821328859234306
618821328817229824
618821328758550528
618821328754372608
618821328754331649
618821328745971712
618821328745943040
618821328741793792
618821328741761025
618821328741732353
618821328737583104
618821328737554432
618821328733384704
618821328733372416
618821328733360129
618821328729210881
618821328729206785
618821328729194496
618821328729174016
618821328729149440
618821328725000192
618821328724992000
618821328724983809
618821328724983808
618821328720822272
618821328720797696
618821328720777217
618821328720777216
618821328712396804
618821328561414144
618821328309764096
618821328209117185
618821328167116802
618821328162979840
618821328162922498
618821328158785536
618821328150396929
618821328150396928
618821328150376448
618821328150360064
618821328141991936
618821328141983744
618821328141946880
618821328137797632
618821328133603328
618821328133562368
618821328125206528
618821328112644096
618821328112615424
618821327986794496
618821327852580864
618821327844151296
618821327831613440
618821327827402752
618821327823224832
618821327819030528
618821327819022336
618821327676383232
618821327663796224
618821327642853376
618821327605133312
618821327600885760
618821327592529921
618821327592529920
618821327592509441
618821327584129024
618821327584104448
618821327579947010
618821327575760896
618821327571562496
618821327458299904
618821327445733376
618821327370240000
618821327370211328
618821327361851392
618821327361810433
618821327357616128
618821327357612032
618821327353458688
618821283111829504
618821283086790656
618821283048984576
618821283036278784
618821283011264512
618821282960965636
618821282948366336
618821282944151553
618821282927407105
618821282918965248
618821282914811904
618821282910633984
618821282910629889
618821282910629888
618821282910597120
618821282902228993
618821282902208512
618821282897989632
618821282893856768
618821282893832192
618821282893811712
618821282877059072
618821282877054977
618821282768023552
618821282755420160
618821282751250432
618821282751193089
618821282751193088
618821282746998784
618821282742861824
618821282742816772
618821282738667520
618821282738647041
618821282738647040
618821282738642944
618821282730258432
618821282730233856
618821282726068224
618821282726039552
618821282721886208
618821282721869824
618821282721865728
618821282721828864
618821282717671425
618821282717671424
618821282717663232
618821282717659136
618821282713468929
618821282713444353
618821282713444352
618821282709307394
618821282709307392
618821282709282816
618821282709274625
618821282709274624
618821282700914689
618821282700902400
618821282696704000
618821282696679425
618821282696667138
618821282696667137
618821282692513792
618821282692509696
618821282688303104
618821282688299008
618821282688278528
618821282684141569
618821282684125185
618821282679930880
618821282679910400
618821282675752960
618821282671538177
618821282667360258
618821282667347968
618821282658975745
618821282658959361
618821282658951174
618821282658951169
618821282658938880
618821282658914304
618821200773517312
618821200714821632
618821200710643713
618821200706465792
618821200702251008
618821200689635328
618821200685477892
618821200685453316
618821200681271297
618821200672915456
618821200672899072
618821200672878592
618821200668684290
618821200664522752
618821200664502272
618821200660316160
618821200660312065
618821200660287488
618821200660275200
618821200660271105
618821200656138240
618821200651943938
618821200651911168
618821200647733249
618821200647733248
618821200647688192
618821200643551232
618821200643538945
618821200643538944
618821200643497984
618821200639303680
618821200635133952
618821200630951937
618821200630939648
618821200622559232
618821200609980416
618821200609964032
618821200593207297
618821200563806208
618821200496586752
618821200484171776
618821200458969088
618821200417026048
618821200412831745
618821200412811264
618821200404443137
618821200404434944
618821200400261120
618821200400248832
618821200396066818
618821200396066816
618821200396058625
618821200391897088
618821200387702785
618821200379310080
618821200379277316
618821200375103488
618821200375062528
618821200370900993
618821200370868225
618821200366714880
618821200362500097
618821200358322176
618821121727668224
618821121685745664
618821121627037696
618821121618653185
618821121618649088
618821121614434304
618821121610280960
618821121610248192
618821121601871872
618821121597698048
618821121593491457
618821121593491456
618821121593470976
618821121589313536
618821121589288966
618821121589256192
618821121589252097
618821121585098754
618821121585098752
618821121585086464
618821121580908544
618821121576726528
618821121576714244
618821121572532224
618821121572474880
618821121568337921
618821121568296960
618821121568284674
618821121564147712
618821121564131328
618821121564114944
618821121564110848
618821121559932929
618821121559928832
618821121559896064
618821121555738624
618821121555734528
618821121551560704
618821121551544320
618821121551503361
618821121547337729
618821121547325440
618821121538936832
618821121534771200
618821121534730240
618821121534726144
618821121530593280
618821121530576896
618821121530548225
618821121526378496
618821121526341632
618821121522171904
618821121518010368
618821121517973504
618821121501212672
618821121501200384
618821121455091712
618821121442508801
618821121392029696
618821121346011136
618821121215975424
618821121190821888
618821121165627392
618821121161478144
618821121157279744
618821121157263360
618821121153081344
618821121153073152
618821121153069056
618821121148911616
618821121148895232
618821121144684544
618821121144659969
618821121140523008
618821121136324608
618821121136295937
618821121127919616
618821121127915520
618821121123725312
618821121119551488
618821082028621824
618821082007662593
618821081999273984
618821081999253504
618821081990832128
618821081726627840
618821081646923776
618821081638543361
618821081638543360
618821081630121984
618821081625980928
618821081625964548
618821081617551360
618821081613385728
618821081613377536
618821081609162752
618821081609146368
618821081605009408
618821081604993024
618821081604968449
618821081600819200
618821081600774144
618821081592426497
618821081588232192
618821081588191233
618821081302999040
618821081294614532
618821081290436610
618821081261060097
618821080946507777
618821080610942976
618821080581578756
618821080581558272
618821080581545984
618821080577347584
618821080573153285
618821080569020416
618821080568958976
618821080556437505
618821080556437504
618821080556421120
618821080556404736
618821080556392449
618821080556392448
618821080556376064
618821080552226816
618821080548048896
618821080548028416
618821080548012033
618821080539602944
618821080522838017
618821080518672384
618821080518668290
618821080518631424
618821080514478080
618821080510296064
618821080510255105
618821080501886976
618821080501866496
618821080493522944
618821080493518848
618821080493477888
618821080489267201
618821080489267200
618821080472526852
618821080438976512
618821080438972417
618821080426381312
618821080422219778
618821080418004992
618821080413814785
618821080401215488
618821080380252160
618821080376037376
618821080371863552
618821080367636480
618821080359268352
618821080355106816
618821080296329216
618821023576797184
618821023564173312
618821023551606785
618821023513858049
618821023509676032
618821023501262849
618821023497125888
618821023497064448
618821023488737280
618821023488712704
618821023484510208
618821023471939588
618821023463546880
618821023463526401
618821023463526400
618821023459356672
618821023455182848
618821023455162368
618821023455150080
618821023450984450
618821023450984449
618821023450943488
618821023450931200
618821023446794240
618821023446790144
618821023446769664
618821023442595841
618821023442579457
618821023442567168
618821023442542592
618821023438405632
618821023438344192
618821023434186754
618821023434186753
618821023430000640
618821023429984257
618821023429980160
618821023425789952
618821023421607936
618821023421595648
618821023417376768
618821023413223424
618821023413215234
618821023413215232
618821023413207040
618821023413182464
618821023413178369
618821023409000448
618821023404851200
618821023404818436
618821023404793856
618821023400656897
618821023400652800
618821023400620032
618821023396462593
618821023396462592
618821023396458496
618821023396401152
618821023392268289
618821023392264193
618821023388037120
618821023388016641
618821023383859201
618821023383834624
618821023383822337
618821023379664896
618821023379640320
618821023371292677
618821023371272192
618821023367057408
618821023354482688
618821023350300672
618821023312531458
618821023186743297
618821022909906948
618821022893121536
618821022888931328
618821022888894465
618821022876368896
618821022876332033
618821022872170497
618821022872170496
618821022872158209
618821022867935232
618821022863765504
618820986998161408
618820986893434881
618820986834677761
618820986801143808
618820986801098753
618820986796949504
618820986763386880
618820986763366401
618820986759213056
618820986754965504
618820986750808066
618820986750808064
618820986750791680
618820986742378502
618820986738200577
618820986738184192
618820986717270017
618820986708848640
618820986708840448
618820986704666624
618820986700492801
618820986700464129
618820986700435457
618820986696265728
618820986692108288
618820986692087808
618820986692083712
618820986692071424
618820986692063232
618820986692050944
618820986687852544
618820986683699201
618820986683686912
618820986683662336
618820986679504896
618820986679492608
618820986675310593
618820986671132672
618820986671120384
618820986671112192
618820986671104000
618820986666942465
618820986666942464
618820986666909696
618820986662731776
618820986662715393
618820986662711296
618820986662703104
618820986658553857
618820986658516992
618820986658508801
618820986658508800
618820986654339072
618820986650161153
618820986650161152
618820986650148865
618820986650140673
618820986650132480
618820986645946368
618820986645909504
618820986641731584
618820986641715200
618820986637582336
618820986637549568
618820986637537280
618820986633367554
618820986633351168
618820986629193728
618820986624999425
618820986624974848
618820986620805121
618820986620784640
618820986620772353
618820986620747776
618820986620743680
618820986616586241
618820986616573952
618820986612416512
618820986612379648
618820986612355072
618820986608185345
618820986432000000
618820986020999168
618820986020962305
618820914126393344
618820914092896256
618820914092855296
618820914092843008
618820914084487168
618820914080272384
618820914076119040
618820914076078081
618820914076078080
618820914067734532
618820914063519744
618820914050940929
618820914050932736
618820914050924545
618820914046730241
618820914042568704
618820914042548225
618820914038374402
618820914038374400
618820914038341637
618820914034176000
618820914034118656
618820914029985792
618820914029924352
618820914025758720
618820914025754625
618820914021593088
618820914021580800
618820914017382401
618820914017370114
618820914017357824
618820914017341440
618820914013208576
618820914013188097
618820914013188096
618820914004819968
618820914004795396
618820914004787200
618820914000625664
618820914000588801
618820913996427268
618820913996398592
618820913996394496
618820913992204288
618820913992200192
618820913992192000
618820913992179712
618820913987985408
618820913983848448
618820913979654144
618820913975455744
618820913975402496
618820913971265536
618820913971261440
618820913967046657
618820913967046656
618820913967038464
618820913962831875
618820913962831872
618820913958645761
618820913958645760
618820913946062853
618820913845374976
618820913769938944
618820913572745217
618820913501446144
618820913493069825
618820913488904192
618820913484668928
618820913484664833
618820913480470528
618820913476313088
618820913472143360
618820838838693888
618820838805118976
618820838805086208
618820838796718080
618820838796709888
618820838792515584
618820838788366337
618820838788366336
618820838788333568
618820838779977730
