756836554182647808
755749472697782272
755024529341186048
754299773004414977
753574778628374528
752910517702914049
750313639501004800
750082999509774336
748501449856925696
747830429517029376
745715125118701569
733668539375194112
733668370600603650
733668277835141120
733387498336976901
733387436575883265
733044509018316801
733044286145630208
733044266352660481
733044254109470720
732590753378078723
732578109845831680
732578015629172736
732216873417342976
732216633649987585
731221416599781377
731125468058030081
731125458658594816
731125436512673792
730798111363338240
730763033052581888
730763016455766016
730529875841437700
730513856053784578
730429009318817793
730410576787214336
730410069884579841
730409564143796224
730113584156561409
729674886046683136
729674867621154816
729674853591203840
729674655162863616
728688733562744832
728623959340650496
728623917749964801
728623764552990721
728291411234308096
727975451294076931
727935654399709185
727865367243198464
727864981828587520
727864938413330433
727582987932585987
727554058131791877
727521874876489728
727521791820881920
727521730797948928
727246132531712000
727229924013125632
727142484397137921
727142388146311168
727138293549289472
726866806627934208
726865839371214852
726181794022756352
726054874086014977
726053639542980609
725795102300446720
725773551597457408
725765076041486338
725745845589692416
725735212819308544
725725947207507968
725706948180606976
725694294691033090
725693851231510528
725692787291774977
725441530421452800
725420646587584513
725383679812329472
725055593526992896
725047191354642433
725037150253776896
725036985203699713
724992990784032768
724694764113813504
724694637122822145
724631140322185216
724370600538427392
723952110333616129
723708597755109376
723673547978223616
723671362406064128
723609606149287936
723560526735892480
723552954549190656
723541801928372225
723518759349194752
723359914651865088
723359477819314176
723359422085373952
723173824213053441
722921955377029121
722921913429852161
722840854411345921
722792018510946306
722791161828540416
722561380352700416
722544554914791424
722497078144974848
722488007643820032
722437098368868352
722426977056124928
722426763813515264
722172275986984960
722172234404655104
722150481460596737
722065004514684928
721845875581001728
721820741088493569
721760840286937088
721543441113550848
721543397853564929
721543376601026560
721466024026062848
721417019464290304
721416325575413761
721415076385832960
721414108206260224
721413867658723328
721149517643542529
721149266849304576
721148343066472449
721147812440850432
721078665468080128
721016751966785536
721013283420008448
720991682750214144
720989979883806720
720979122726506496
720977828926373888
720977342903009281
720977320039870465
720794611371937793
720793295216054272
720793205269229569
720792888897101824
720726017812393986
720709676741038081
720635387320922114
720635306182057984
720432520316219392
720429060837490690
720424597720576000
720387818661421056
720340395687682048
720340204435800064
720309530832179201
720309334257770497
720303547133210624
720279377863258112
720277796023508993
720258492930469890
720026996638658560
719978221039677440
719929995783593986
719928547574476800
719925006730403841
719924650784989185
719891122647089153
719891074823667713
719889870563446784
719614569950420993
719614297622593536
719576516569534465
719556765961056256
719273970005110784
719272757121388545
718492395831181312
718491784830140417
718479572543631361
718174999039864834
718086165342105600
718076178146402309
717788396798812161
717753627323052032
717752091083730945
717723438501216256
717442111650410496
717407231550087169
715577939098730496
715211827857195008
715188142870028288
714993342673719297
714993324873134080
714993276215025665
714819430073565184
713774146346291200
713133380951367680
712869364471562240
712869344506748929
712868669626441728
712684854215909380
712410996040597504
712410683120291840
712407364918493184
712354550766817281
710865271683223553
710827755944976384
710599074874040322
710595681518493696
710585260501766144
710156549201780736
709730327661400065
709491189662228482
709411212128362496
709401291307487232
707971044133445633
707970874515787776
707617683714514945
706907944902909952
705866841747546112
705843104201515012
705186253176700928
705154321399341056
705086929369440256
704099539842510848
699694243581992961
697819410971697152
696842081801740288
694622081145802752
694532770685665280
694521294528774144
692468557607800832
692468522451099649
692101703852634112
691743831708925953
691084060911865860
691002937812787200
690892865073901568
690200760102064129
687744522801958912
687743907057156097
685521720229281792
684752004778835968
676791000736464898
673886517681520640
663158677868646400
655789329449545729
655461709944070145
655018658729627648
655014545459576833
654844194763051009
654201846454599680
653375321379508224
652589385691475972
652491980002324480
652485471658840064
652485335432040448
651482145391685632
651123189334970368
651095454185205760
650814541115191296
650791354096705536
650440991770456064
650440761998053376
649769994616635393
649745205059452928
649589986740670464
649379595871850496
649043046957342720
649010673502912512
649008543329193984
648999229092851712
648881904335220736
648881724697374721
648612216560730112
648256454122598400
647125060373770240
647076120047710208
646434590295392256
643821095921938432
643821021695348736
643820502419529728
643436765693415424
643436537896550400
642516873616031744
642122082608922624
642052223468441601
641768704095600640
641632693680107520
637023749603110913
636584483563663360
634114817813405696
634052983529959424
633802041022771200
633734884691853312
631481057213153280
631322024720232448
631134485937926144
627171776548593664
621106484147912704
620739965954056192
620621898251014144
620606528882479104
620606255694901249
600038002111414272
545247124527808512
543511514519699457
538717817651363840
537315600885096449
535581063020830720
535451050082586624
535450907606274049
535196566664253440
535196364507189248
535196119941140480
535184166422577153
535183517899304960
