938982326104715264
937894487061299201
936590387338125312
936444838127521792
935357772601937920
934022321656000514
931700349584531456
929887076979499008
929165567734484992
927078347162701825
926298015903703040
926297968789147648
926084067065462784
925133905060962304
924457099958079496
924456860060737536
924456752132837376
924456407633727490
924456279187296256
924456089491525632
924455981207244801
924455836721836032
924455715426721792
924455036784140288
924454871423705088
924454743497498624
924454564274765824
924454425363668992
924227244914085888
924220643608088576
924183579315257349
924183147872337920
923764039171403776
923119594163920896
922607696007667712
922602092375588864
922598920831635456
922598701759053825
922319439164526592
921224640835358720
918836473377329153
918835936737116161
918687864195465217
917374621875236865
916286360234885121
916152433973309440
915532044335185922
914393604549947393
913739822061064194
913739664565010432
913614541929533440
913034660615036933
912811889062584321
912811311301484545
912527243271917568
911374684570083328
911077761657090053
909371835052990465
909220387392761856
908541103837761536
907234609867382784
906004281618300928
905429616206086144
905427409150795776
904693280666902529
903552285208330241
903467792124362753
900930869212450816
900858276505505793
899991147874893824
898394112352759808
895857392956694528
893320661036400641
890784174788886528
888998936744148992
888996673254375424
888381844034527233
888381513963720705
885710594602483712
885467918355517441
885459861621719040
885121464294232066
885121295272165376
884733267269890048
883173851684683777
881341529595420673
880962380074635264
880945746572320769
880941770573348864
880941385108541441
880750007669841925
880722130740142080
880720567258755072
880699926447087616
880689508227969024
880689392234496001
880688367981211649
880687316091666432
880659938342842368
880654837167382529
880637127238836224
878100383398326273
877319666095357952
877116706262441984
876625998439219200
875563894147657731
874207669279612928
873371814306746368
873027700226576388
872416424190386176
870573552348520448
870490275147386880
870229148941156352
869892991984349186
869892467922882560
868806286133022725
868805941700866048
868600915229425664
868462907477991424
867953698428801024
867385426679549953
867377077913141248
867375690718498816
867228813444476929
867003313077723136
867002518605254656
867001900234719233
866998449681465346
866995895321088002
866289176945217536
866281680838868992
866281384075186176
866281170975170561
866113608643518468
865846384259354624
865416826431258624
864831933431160832
863896042516824065
862880250627334144
862612952448344065
862221310893596672
861068152402325505
860343412633075712
859350483542126592
859350427929673728
858520954909200384
857880199601557504
855270001229520896
852733313626259456
852555134336761856
850993269643325440
850912539055505408
850728201118789632
850279674949255168
848556914250100737
848554155920596992
848552946593808384
847660028026691584
847075347073970176
846381033062727680
845138384972480514
842771306936520706
841208126791589888
840623387215040512
840529355960926208
840249804282318853
838014930557288449
837875297252966401
835769239755767808
834976262489837569
834354902394564608
833891966458920960
832439537271992320
829902805821452291
829166150357377025
828568279279030273
828385191047618560
827538072992641033
827366135821647876
825158103515676672
824837152668319745
824517204225953793
823850256450326529
823747773635756033
822647077096345600
821205578676600833
820598612233256960
820185876919676928
820060762601361408
817566486545870848
817202889592479745
816847277696360450
816508734599897088
816281179540189184
815927004327395328
815926502936055808
815925043494457344
815790817688174592
815558880851656704
815435699264421888
815218393171136512
815183229959319553
814764530752360448
814682529882054656
814026835533119488
813598655810650112
812361660316852224
812361482423783424
812146409889824768
811420978194554880
810772183731630080
810249989469261825
809709310464798720
809609147679473665
808642151529807872
808529290845241344
807987536517697536
807072775454257152
806332562180280324
805706197185662976
805689737705127936
805351657231917056
805299892625154048
805277945979801600
805240973613797376
804535665757159424
803235840289898496
803086093847527424
802094889668255745
801999006083719168
801417882882215936
801279896999706625
801195148973477889
801193269837168640
801060138316464128
801035723402977280
801034778166185984
800911724832497664
800657633875087361
800117234177740800
799741311800655872
799736182665924608
799462241888108544
798892837920120832
798375033882214400
797415556466868224
797359723829981184
796326721192480768
796323429683118080
796306404848111617
795475972745285633
794921943472312320
794751129808699392
794541411085365248
794298220885250048
794115863301369856
793400784020877312
793301614291357696
793091753154908160
792939335913844741
792328004521238530
792282804167901184
791967795688775680
791953789326548992
791852476857286656
791252376514617344
790517327645192192
790324774077538306
790170676912988160
790002670874394624
789986587161481220
789677791335817216
789315403189219328
789104036360228864
788590588006395904
788382633503842308
787903541872558080
787580074878865408
787252994857394176
786778832481247233
786530552962834437
786492674593296385
785972378698338305
785763985387728901
785040200917397504
784523237644533760
784241991303528449
784158574494703616
783073709816893440
782793289284149248
781792500562264064
781705286235152384
781478051276206081
781346471522164736
781317785670475777
780720025359437824
780719509556502529
780000646997028864
779908303014932480
779906890159403008
779552798073466881
779306506344800256
779168589370634241
778557184405753856
778487288896430080
778175913724903424
777822341329846273
777822016652976128
777467987469201408
777291644781465600
777080332994568192
776631793017552896
776417408571445250
776044844158296066
775826777201451008
775499571908714496
774876613456519168
774769379682594816
774095106374668288
772247509376708608
772194324448628736
772040320544563200
771558354594308096
770833733196902400
770624895411642368
769746458140635136
769669214063828992
769668587212517376
769513323352035328
769021693805391875
768080087812112384
767627541372960768
767294893983051776
766990938719686656
766935918213201920
766746140314185729
766606651537301504
766604818794229760
766604646315982848
766601288490426368
766601086308200448
766599973311873024
766599245461803008
766597944120217602
766597205201342465
766596890800422912
766556481609011201
766485242446286848
765877793758580736
765877782018686984
765877781288906752
765877416053051392
765877415449137152
765877411506446336
765877409115701248
765877408419475456
765877407798685696
765877407102410752
765877405911281664
765877404879511552
765877403465973760
765877402878836736
765877402279022592
765877399837937665
765877399250735108
765877398571249664
765877397904318464
765877393626103808
765875841708462080
764042225659449344
764041672040722432
763948222159007745
762617319658926080
762616820532555777
762616471549648896
762615824561475586
761859138091622400
761168066176622593
761164428439977986
761163672597073920
759599629667299328
758874870138544128
757062817916850176
756338082211893248
755634414705664000
755336648074883072
754975080438988800
754148583662837760
753809321863938049
753808919563087872
753546324235186176
753141035698708480
753125339400966144
753023227199356928
753004445143883776
752996276665475072
752783217212723200
752722652712693762
752419307326312448
752001581030182912
751989399324426240
751932396014940160
751288611660673028
751264793269379075
751007072628641792
750981678655569921
750898865327439872
750530040102780928
750226929001922560
750218729406029824
750198148207968256
750175569963151360
750175448596901888
750175330003025920
750165421127507969
750141008416038913
749940417089642496
749889835536674816
749879194054717440
749875718704730112
749795874075774976
749787717668630528
749463342524272640
749095900518096897
749094638728810496
748813995923021824
748782669199138816
748745980007161858
748501878082838528
748398315105099777
748325307749400577
748288628850307072
748140548708511744
748090238640230400
748085376401694720
748079888767279104
748073949305647104
748034427410915328
748027068168998913
748003175593029633
747954055956336641
747716919369793536
747707391450415104
747704165611216896
747631295937789952
747363829068210176
747313364775276544
747260447175356417
747259829484404736
747241731230433281
747241439805988865
747063623692877824
746922657359269888
746916632002437120
746908970070114304
746903656222461952
746903014657531904
746902401311858688
746902075640975360
746705074454466560
746598952871563264
746597348428681217
746575982748905472
746571775341912064
746557758460272640
746557225615917056
746554366648328192
746530744789504000
746514967126478848
746496755987025920
746249498557579264
746130799381069825
745906327726211072
745860074283876353
745798460977340420
745601190906466304
745567256940265472
745563640707833856
745538119991123968
745497123639025665
745493208365359104
745444071104118784
745443894612078592
745250596790411264
745204493554311168
745188897395716097
745149699686965249
745142815445811200
745125937943977984
745081677853106176
745079099341869056
744820175740887041
744743658289758208
744733379891978240
744731135364730880
744714452780650496
744705002904616961
744569080762503168
744481074869338112
744119688712486912
744086308600090624
744081568969404416
744081262084775936
744081123261681664
744041283946151936
744011155761467392
744008510422269953
743975876270919680
743975396065030144
743774630255681537
743720987619799040
743671991610150913
743658038075195392
743657851210637313
743656956515196928
743619117849153536
743403331897401344
743389975132114944
743216499637239808
743056279757819904
743040654448730112
743014734249758721
742960302048829440
742932257317490689
742925022235398146
742913028786622464
742665657980977152
742659626995449856
742659356311867392
742321409070903296
742161391889600513
742157504289906688
742144605064417280
742133572056850432
741999839710445568
741893418322890753
741819455840325632
741637222269628416
741583066930524160
741267979971796992
741206190655451137
741135535511621632
740817487604944898
740771314051469313
740676153078341633
740495817019162625
740413915079794688
740175209676865537
740173890220109826
740168230812196864
740101746823991296
739808150031900672
739737486319071232
739735132173705216
739734715868024832
739674783592402946
739440860891348992
739353917474111488
739121476486483968
739097336119451649
738981682464821248
738962823334776832
738912958638641152
738729364884455424
738728894073733120
738712353924120576
738682275605426176
738667431909064704
738537280554553345
738342774832046080
738182717653831680
738151068245204992
737996219692244992
737994426602160128
737980023806779392
737943536331587584
737863474387292161
736342847046176768
736338811194576898
735997758738292738
735767491641626624
735687643384582144
735613538195099649
735467725179478016
735466949895958529
735406913718980608
735061217660809216
734993077534896128
734948991243280384
734776313152692224
734706393907875840
734704963771858944
734546739630354432
734342356661473280
733595019148447744
733588296434089984
733573591548067841
733243936119107584
732752533647724544
732573046926643200
732504814131634177
732148779902730241
731981076126650368
731245462007648256
730977917350641664
730971800847458304
730955510111932417
730870484850499584
730680445852061696
730623526642851841
730616104993890304
730583914239135744
730376146265706497
730342806095597568
730341307076497409
730246999346417665
729997947224526848
729914904023543809
729151235622834176
728543346252234752
728444000420528128
728013601341091840
727787623654277121
727712522644672513
727410002399485952
725759237205430273
724954705214988289
724043859903258624
722324902154514432
720161557183913984
720026485634019330
719146245818859520
718972997999136769
717179405022445568
717024307436732416
716741424998440960
716576493091037184
716558593441591296
715676129638612992
715503126132953089
715458475401281537
715451166251999232
715442903254974464
715429638772809728
715428815187677184
715418360733937664
715416872754262016
715412804715560961
715411031212863492
715401012765327360
715366503353163781
715339537103339520
715338470210846720
715330651407433728
715274735123345408
715133812896825344
715071401498189825
715055513533345792
715037935146549248
715024538002714626
714759410149625860
714757794579218432
714664530287149058
714307145873928193
714199877916499968
714049646860115968
713976740209627137
713676404836143108
713531616421941250
713314635894677504
713310674039005185
713285104148287488
713192339171311616
712931748179476480
712890490560126976
712855237120364545
712818442747953152
712818267618951169
712810195920031745
712770970168205312
712562215614824449
712560986008502276
712525875464572929
712485394345041924
712473825141719040
712459032724971520
712363479336882176
712178142299951104
712049088498372608
711857479521607680
711807702599475200
711783481978822656
711736341395017728
711515772015779840
711408359136698368
711391490065506304
711384468834095104
711266102333087744
711199115384889345
711097728055508992
711088952711766016
710863429435793409
710764214676283392
710604492820107264
710567398085107712
710216865788862465
710027872644243457
710022153912111104
710015959482953728
710014901033541632
710011126977798144
709993803776663552
709982949882654720
709955413928747008
709915513951019008
709892371274665985
709507901778497536
709339797706428416
709202012135673856
708789792973197312
708519311414005760
708510953579618308
708495694454243333
708422434937049088
708421982124187649
708194296910843905
708106379639312384
708067028544962561
708015875362783232
707754405756538882
707741321465876481
707487093690339328
707486764160516096
707182856523653122
707109810093871104
707048465524793344
706979038703849478
706978793483849728
706663456192090112
706638748252049411
706422561601667072
706286115867795456
705656700586610688
705575803950669824
705523452304879616
705367799594668032
704992924648476676
704856623156764672
704524141018353664
704154387598479360
703911786102333440
703746675899236352
703126029846450176
703071663731154944
702687373801496577
702682585416245248
702495478525595648
702297354024656897
702223653388292096
701994847964680192
701477326052270084
701262569550512128
700909357937127424
700893358407942148
700642787746680832
700590014682431488
700536695356264448
700176122198110209
699820182907318275
699432102090006529
699410599046819843
699184845071716352
699145010013298689
698771401558331392
698144614545387521
698132634262593536
698063792933097472
698046645246783488
697684289601867777
697600583033757696
697515429179301893
697451613686878209
697448589740539904
697446407066619905
697445710778662912
697417533503057920
697321934351179776
697078384661282816
696861372756393984
696853836502167552
696706242002046976
696657658254725120
696641179790606336
696596941526933504
696515468983562240
696502745407352832
696498866431139840
696299960346791936
696234743793369088
696193240236568578
696004950879506434
695972366900449280
695971320442576896
695971264100433920
695970448996225025
695968157975052289
695951977574854656
695939262286536705
695917055460012032
695900113563205632
695900105149390848
695830241382658048
695817668889178112
695623838051254273
695566922637676545
695517470665347072
695381719600361473
695254463322284032
695213033694617604
695169057293787136
695076990085435392
694831529671970816
694767516372094976
694687262739709952
694675809341042691
694568071554437120
694567194395414528
694473387704459264
694449107159650304
694390321124257792
694175187718135808
694046922831585280
694017273313390593
693962271001686016
693594480209887232
693462245242568704
693379046067953665
693308953338343424
693237511515033600
693224026462777344
693093845890895872
693002408696377344
692990508172443648
692959955146686464
692918656297222144
692719207872466944
692640867144708096
692630512867737600
692591243574927360
692304561369821184
692277818198200320
692271153717624832
692160619492044801
692160340684070912
692155207338364928
692150262052605954
692010278628634624
691948985926422529
691629756383494144
691622821517090816
691558113812434944
691514423098277888
691473370571870208
691455641454563328
691432781251895296
691425423436189696
690889317741379588
690877244332371970
690874532500901888
690728046630862849
690700847957856257
690404035120238593
690338681320767488
689794674752512000
689787948825350146
689783723688988672
689740732991696897
689657106333564929
689637121875804164
689456224010547200
689267079141195776
688963848984895488
688949504213647360
688907579901087744
688615092254978048
688610940737081344
688577039968813056
688539192977035264
688362980455493636
688345859243638784
688326191263027203
688230814262296576
688166084860448770
688163981421219840
688159178024566785
687960204978196480
687921181291364353
687814316368646144
687814268469686272
687814012055076864
687607911107854337
687607534119550976
687598598045863936
687534719647363072
687533507619323904
687483752633602048
687462278749274112
687291329101967363
687266434922065920
687241686183837696
687240218647236609
687238390752804864
687237707819438081
687226813794267136
687153811874418688
687153507393122305
687152648798121984
687148108501921792
687145748555677696
687079149144420353
686951062905856000
686909515967500288
686888832331976704
686820211777994752
686793204000112640
686792373049794561
686708773470081025
686708284263280640
686708108299649024
686447109172637696
686378231172186112
686377800421408768
686376407111352321
686367905739476992
686200957282070528
686148145772822528
686101376854695936
686078718083596289
686078113214676992
685996166220136449
685842863901392896
685840392533573632
685839804496351233
685808020312309760
685791312293965824
685764118117142528
685756569645117440
685684500869689344
685674523283202049
685627188683608065
685627187953831936
685457125632380929
685364645574492160
685358322283876352
685321067032784896
685278919805632512
685276826499858432
685111955393150977
685110972684435456
685110451726729216
685110097895243780
685109480544047104
685108866133045248
685108512586772480
685107410382409728
685105245819514880
685104350755033089
685081705867116544
685029459422883840
685021539045998592
685010207441686528
685007165174620160
685006715486535680
685003259686162432
684993994858733569
684974478938394624
684917729980211201
684906395104247808
684714659815882753
684711860302561280
684707300980871168
684695042196246528
684691028373299200
684634539969261569
684554749430095872
684524251295006720
684523525927862272
684521213050241024
684272999604736000
684245797865525253
684175424700600320
684174666794049536
684162694837092352
683953585931960324
683950951254720512
683936324584210435
683916627298025472
683881951829229569
683869031300894720
683835956844081152
683830332001357824
683815379752345600
683800251988357120
683628545038417921
683590067957317636
683589484839976961
683589271752556544
683487728084766720
683445386850242561
683200696947085312
683188750021726208
683090531363102721
682919382956158976
682836147018559488
682836141666615296
682836141113012224
682836140366364672
682836139754000385
682836139217149952
682836138508210180
682834406034112512
682834405987975169
682834405975441408
682834405853888512
682834405841342464
682834405824557056
682834405811990528
682834405811949568
682834405803593730
682834405803560960
682834405799362560
682833705652621312
682833189002416128
682833183591809024
682833182341918720
682833181561761793
682833180794159105
682833180240556032
682833179691094016
682833179133263872
682833178499936257
682833170069372928
682832872265375744
682830280923594752
682798273246068736
682782029147062272
682758699425869824
682750295416258560
682574276650610689
682558394792673280
682555302294630400
682471161830060033
682419646742573056
682389310234955776
682359861305184256
682191680095694848
682183468332093440
682170624412889088
682146751336206336
681650334540795905
681443868944936960
681440236111396864
681387357069680641
681347237612355584
681311467522555904
681278967194750978
681099193063202816
681069210525564929
680981928036581376
680959061085437952
680667696451616768
680553908503220224
680377080014450688
680340428151992321
680333154381508608
680325594958045185
680229128084303876
680226741240004608
680216125796290560
680212319096311808
680195071132577792
680193791836307456
680193780964667393
680188319863418880
679998316940099585
679997247187107841
679947673101819904
679915131984150529
679913775873409026
679912373734383617
679896306052018176
679889354089627648
679882448394522624
679879942985781248
679869403492560896
679631251729285120
679627928146055172
679542990864449536
679512615702298625
679500414551633920
679488598190637056
679488070723321856
679487252246867968
679486452690886656
679486004063940608
679485761754796033
679485576764981250
679484891105341442
679473636550377473
679467027606679552
679244163653611520
679207658855923712
679112213236350976
679098277460107268
679074528601899008
679073866493263873
679072976004755456
679072406586044416
679072031078350849
678942302069387264
678941861638090752
678938653997981696
678936593911058432
678927832425234432
678791948182806529
678786518341705729
678741895758106625
678475271352135680
678467733101543424
678439915428945921
678399243644616704
678387487706869760
678210855427698688
678118537425117184
678100674475757568
678016989185638401
678014827650924546
677876188535087104
677769832931024896
677497133700747264
677496504471281664
677460445280645120
677442726133043200
677384211481759744
677362970687463424
677361563351691265
677361288637362177
677311824350470145
677063093273300992
677055160657416192
677009205115682821
677002426076012545
676931469017747461
676931031824470016
676929930152828928
676725732995796992
676719474314108928
676685300752515073
676684846874292225
676683347880382465
676651847940116480
676648689100677120
676645359859269632
676604402304573441
676577395495669760
676377677494792192
676302100209360897
676205232641175552
675958207462903809
675864327295930369
675842850832179200
675606066718109696
675598363450937344
675597261330485248
675596800892375040
675595813272207360
675488574037299200
675480683712806912
675308982999748608
675287773717270528
675181855008755713
675133137219887110
674755537226080257
674755397127831552
674591935953145856
674531239437578240
674530755763044353
674512996731777024
674439987765514241
674378836646039553
674217467351199745
674169254036443136
674159807314530304
674105889222082560
673744302992822273
673482965666500608
673444511079514112
673436106788999172
673331351433560064
673330309396488196
673318534064111617
673306063022612480
673274624625410048
673151516560134145
673103673690427392
673037126359842816
672786516997881856
672676108043550720
672623325001068544
672407080272183296
672374222803472384
672293411035070464
672240483150655488
672234653860823040
672228608597884929
672225526564569088
672214998106685442
672007431753437186
671909819385839616
671825923646349312
671672915860041728
671670661794963457
671639258109747200
671632335348060161
671614206270177280
671519545908142080
671519216403640320
671311935359590400
671232402744823808
671218104152797184
671217233843109888
670831832477392896
670814715770220545
670796435525365761
670615758670573568
670573031736111104
670464699205607424
670452872153313280
670417823395659776
670406673144631296
670111677287948288
670111399931215872
670108657200316416
670108352081448960
670059732913254401
669779039922610176
669728858707533824
669665303568244736
669323210928820224
669074176779636736
669071603557355521
669053250621018112
669050047884091392
668689677419958272
668672346014818304
668669225108639744
668668977913143296
668664692676681729
668649341884743680
668642119733657600
668418127324168196
668346215407448068
667884300067475456
667882931004825601
667573988550451200
667569287889055745
667530295810392064
667333132102852608
667221358649155584
667217105578827776
667203313541242882
666898044105965568
666893491767746564
666887260546195456
666775411477635072
666523273669292032
666057693329797120
665741180282515456
665694324756205568
664656500661571584
664654053708840960
664640875406970880
664610965409894400
664603254341427200
664601389088247808
664586697968115712
664586562869534720
664576773041070080
664277350469738496
664218024078086144
664204489369518080
663913809392869377
663621590924529664
663612341603442688
663566415941734400
663562542413971456
663557139294724096
663532414661206017
663517945440698372
663204727262478336
663181396626817024
662934067713843200
662933619929952256
662933096162045952
662932842335313921
662776847344758784
662750674170601472
662544061954433024
662539616147398656
662536449158471680
662511720947195905
662472260951875585
662471976192245760
662415397904347136
662250766535671808
662244591626797057
662164311150850049
662101190122070016
662100980151017473
661704125483208704
661392521826861056
661386423665315840
661383790925844480
661376402063798272
661361730749112320
661343663059021824
661051756479193088
660726314312290304
660715260303683584
660713110693539840
660645240387313665
660357568691347456
660111740894621696
660054737316929536
660054292930301952
660053700212367360
659985661454364672
659985390246436864
659972105505779712
659970965196120064
659965870123450368
659965690464595968
659937068420870144
659898655512596480
658863240374521856
658862979631456256
658855763054493696
658851433786318848
658813918572318720
658563924736913409
658561712283516928
658559332250861569
658537563116834816
658533386986762240
658521298214129664
658503498519023616
658138623221456896
657534661808099328
657451745438621696
657375547534606336
657373251799134208
657370474796548096
657346173049528320
657122339629305856
657062020399788033
657012687981838336
656984841775284224
656732534387007489
656683176698351616
656666459905507329
656446409634263040
656446332207366144
656446026409111552
656445936701280256
656386735861968897
656337054511448064
656299125856583680
656270763314380800
656270520430628864
655979472869421056
655718688021057536
655718432726319105
655718213729148928
655718013295947777
655294975010172928
655214311250374656
655214100109094912
655213834106372096
654996885107822594
654996211817140224
654995523729010688
654992184589029376
654991456990601216
654990854415888389
654818134239514624
654597818691092480
654594140190212096
654526600495558659
654502383419019268
654502232898072576
654502068602961920
654196027449307136
654120346778501121
654116374323838976
653834439475220480
653793216932749312
653486253233602560
653485906561789952
653485279253278720
653389672148795392
653123422722113536
653036745626361856
652685181845905408
652680181707079680
652097285321555968
652078935866540032
652056329666826240
652056158149197824
652012682829279232
651947780693434368
651939565528289280
651759069364121600
651666812061376512
651660189058375680
651655653950255104
651633241284313088
651366417951014912
651365835613806592
651365378153689088
651364899587792896
651364494585786368
651364101411749888
651363289339949056
651362448331677696
651362066922631168
651361444492111872
651360912012652544
651359943505899520
651357624273924096
651357252297879552
651352683031449600
651352350486040576
651297167316008960
651231711053918208
651211795764412416
650910324112158720
650910188397023232
650909991495446528
650892969663406080
650882443583619072
650756474847817728
650696100769366016
650520894482333696
650255654859485188
650158511792484352
650126856985923584
650120228496609280
649947426309206016
649791371444924416
649580609468276736
649495090554126336
649443181872979969
649372381220372480
649371964910534657
649111332453806080
649086442824728576
648637156718739456
648432968856379392
648105701596901376
648049272756244481
647758125399941121
647757169446793216
647746433265889280
647713638179053568
647441960559603713
647398442466209792
647192579876917248
647022156581326848
647021864972324864
647021586147614720
647020951956230144
647020680911917056
647020345141166080
647019039848579072
647010584819539968
647005611004174336
646960026318413824
646897011954982912
646874306799104000
646630215456817152
646590305375002624
646515153236819968
646196105588420608
645868260529958912
645864251517632512
645843686153154560
645842010822320128
645477731484979200
645447507376504832
645126806165716992
645092343830417409
645070124848955392
645061374708740096
645054148061319168
644728520447537152
644697919287771136
644697670519537665
644689329936318464
644515739018375169
644504709089243137
644421977877430272
644417449488707585
644417163852443648
644382354224619520
644382091078160384
644360244378882048
644356374172975104
644329670490648577
644053273343868928
644053162802999296
644028001445904384
643831300969861120
643687040383647744
643594874877542400
643345458878935040
643335514213515264
643317793820155905
643246187986984960
643059028298465280
642865374883631106
642697224170962944
642522905314762752
642468618391920645
642467891691040768
642314955551862784
642256078726647809
642164446685712385
641883642541817856
641883474761265152
641858488952582145
641823667249381376
641795507388588033
641782121959424000
641496640847769600
641490079039533056
641489700109307904
641460806450827264
641453851149737984
641451413307031552
641411516240109569
641372784229240832
641171048063475712
641091115823857664
641065608008888321
641053890788593665
641040993391931392
641032005619200000
640817720129404928
640793575190609920
640768976767852544
640768092231045120
640767728559726592
640767601061330944
640743859669106688
640565185086943234
640465944914100224
640076260107001860
640056460588773376
640029416140238848
640029211172950016
640029051806187520
640019889374273536
639802129654394880
639704737122795521
639704429256683520
639685802210033664
639685634333016064
639604006818578432
639373607488102401
639324839522795520
639287226711601152
639275053662765056
639257794546401284
638886027344654336
638882751488393216
638858109415460864
638657472450985984
638546985658748928
638282911490416640
638282517754327040
638281916668641280
638184852731379713
637849914358255616
637837328854175744
637777125655842816
637545081424191489
637544727244636160
637544431529422849
637544292047847424
637543865319337984
637540956561141760
637538355857723393
637474909380329472
637221543639154688
637221266085269504
637221064075026432
637213254117363712
637206880402702336
637097515431686144
636882216044371968
636852815466483712
636750211696738305
636734996682801152
636372704128573440
636082156503179264
636081908355629056
636081132602322945
636080753323974657
636079881646964736
636079477810929664
636078890780368896
636078482859106304
636018903165046784
635667117950562304
635652250942205952
635620631602724864
635620251003133953
635329010940182528
635328807109529600
635328699420815361
635328601320202241
635328524992311296
635317282445635585
635300723325054980
635300596858384384
635292026012090368
635286958395236354
635264429614080000
635251395998973952
635250413458092032
635017044778450944
635004163299090432
634997114477641728
634989459025620992
634973471173439488
634951629029122048
634944408379650048
634941930066051072
634938381009584128
634901699023478784
634885040757952514
634631437854076928
634601087887089664
634600398221930496
634534053383905280
634280211958398976
634213550911832064
634171708547723264
634167927042908161
634165060366135300
634139382837047296
633961660252848129
633913961721790464
633913821439107072
633910333657227264
633907560031125504
633894883745497088
633890464224165888
633843894602608640
633843063698423808
633823601284804608
633820362988494848
633820219291639808
633792878796476416
633613142543761408
633563588922355712
633562500949217280
633562389775052800
633545838938202112
633493301157568512
633492832263782400
633488656242712577
633482023705964544
633472621364031488
633258786988380160
633212832658624512
633212463337611264
633211991772016640
633209905072209920
633202649765150720
633179172043661312
633177934354862080
633177916738830337
633177776972017664
633166043918258177
633139372045533184
633070084819390466
633058630686887936
632958342105706496
632932308161589248
632914792819388416
632871585268023297
632871297983381504
632870632250847232
632828986805092352
632828257335951360
632827993363193856
632827338804359168
632813203328749568
632813041718050816
632763896923824130
632694624860119040
632547132696883200
632546417802743808
632529952538169344
632529838797000706
632457486767931392
632457246149083136
632457171469512704
632457070370025472
632456872520458240
632428838400749568
632428487400402944
632411425034645504
632333821137002496
632331858643185664
632119132310360064
632118956564852736
632100405586096128
632080895596433408
632059286395486208
632057147317219328
632048631806304256
632044319621447680
632044148632199168
632042571280334849
632028622241579009
631972740870881280
631966171517067264
631965935247708160
631747210938568704
631747080449597440
631737233888952320
631734435373785088
631707340715200512
631684615900659713
631676724611284992
631676555052322816
631673292550733824
631420669591453696
631398718768607232
631398455454367744
631398361472573440
631394222650839044
631384108166475776
631362063332470784
631354628760838144
631324714170978304
631324606599725056
631324321072459776
631324037126467584
631313066328748032
630989811701182464
630968968195514368
630654403503091712
630650496802521088
630644310367670272
630632639993659392
630623247273472000
630599005450407937
630587923004530688
630252878742061056
630252676878569472
630252586004795392
630244719872876544
630244645289766912
630231820643266560
630227130559897601
630225644165701632
630214500906586112
630207821502656512
630199258055098368
630186025260871680
629894267427815424
629893970705973248
629893781094068224
629890767054577665
629873012364419072
629565771824410624
629550951062478848
629550660950884354
629550442469531648
629540815296196608
629531408076308480
629529881693560833
629171239190425600
629140212204109824
629132912357679104
629132148784676866
629093240885616640
628785947304312832
628784299593060352
628776799913295872
628761498677039104
628740064726622209
628506888951476224
628502144073773056
628493597512495104
628472365706530816
628423219884761088
628393561021616129
628201594585264128
628200703006253056
628200244761751552
628106787019952128
628087131081211904
628012201878663168
627786139596800000
627690635173208065
627515774803025924
627448617335394304
627385171470323712
627378364039495680
627377655738966016
627377253438083072
627377123267858432
627376103141830656
627375890196992000
627375351296098305
627042700701921280
627040296946245632
626754079608434688
626746314605375488
626653133247221760
626620447971540992
626618987510657024
626618703803772929
626618332897243136
626616369220571137
626613728520327168
626611073811136512
626608990420606977
626589379914543104
626574938577747969
626365378411790336
626357395179073536
626353005839822848
626352645775585280
626271903129448448
626269526687129600
626209186213400576
626208508623630337
626203440583151616
626043035898499072
625948444503486464
625941404498460672
625875709949513728
625851438078410757
625847332358074368
625644146183794688
625643926209331200
625639459967647744
625630401332121601
625605517155635200
625569450088116228
625504717540601856
625300843940716544
625287864360824832
625279527112024064
625235991192829952
625227776761692160
625215156444921856
625213782260891648
625199219717107712
625198327706091520
625177028623470592
625154017119858688
624894040723562497
624891534845026304
624890475108024320
624890204801892353
624554700269092864
624381711632236544
624139505105272836
624068630297358336
624025039139143681
624024837808390144
624023048899964928
624008843966742528
623755157222879232
623707777144352768
623707721716604928
623701866350817280
623690587506614272
623656200719204352
623637089444343808
623627173375643649
623472965259280384
623411466285158400
623411209363193860
623398407097421824
623383292981714944
623342012369121280
623312127458181120
623311553111138306
623310171650060288
623310063575371776
623305472746065920
623274566534696961
623040764151504896
623033580571201536
623025290298675201
623015768079368192
623008280193986560
622985834300579841
622970873797025792
622945859706187776
622924789674545152
622671733825343488
622617208171016192
622328498745700352
622279114926460928
622278926912630784
622276166192361472
622271200266452993
622269804506951680
622259559252512768
622241921273085952
622198859989708800
621949234275872768
621949083830329344
621936289101795328
621916763714940928
621908475958984705
621688965431603201
621523135158947840
621522586367827968
621522431358992389
621501156024537088
621498538124550148
621483954663759873
621238330118799360
621238088866623488
621202576768417792
621202078145376256
621179638686064640
621130949774999552
621121159980052480
620857863276265473
620800089406181376
620768465322930176
620562857080393728
620562178781790208
620496192355598337
620492013960589312
620483531089776640
620437426020950017
620437267220402176
620202127340773376
620200950725242880
620171758004498432
620081790443724800
619741640404680704
619740686301196288
619427320772825088
619420125519851521
619398570580529152
619394816049328128
619378821335224321
619367990627311616
619297946459373568
619066101557805056
619065876231376896
619065599625457664
619024691227951104
618994404779536384
618922214495285250
618737259664150529
618694510114177024
618678462186934273
618651842352934912
618649423120306176
618587102742228992
618584195766579201
618583839875670017
618575315149979648
618574382668083201
618334134465896448
618302967301713920
618216273051316224
618215151146246145
618214618171899904
617964092406501376
617961150752391168
617955879409819648
617941939674071041
617894996574896128
617894710636617728
617682611213733888
617629534951583745
617544195516035072
617357252190707713
617355753331032066
617217323712253952
617202907772026880
616888842709286912
616825123140726784
616521162177277952
616517318798127104
616495871195222017
616456585825681412
616433246067408896
616428306817265664
616423392732909570
616416352836915200
616396786647830528
616169310294253568
616158874945626112
616158806037426177
616158727146745856
616158642975416320
616146129424674816
616145942249607168
616141316825722880
616137748865490944
616137494992695296
616124804228325376
616117931924148224
616098188135649280
616051465245851650
616044598633349120
616022815079309312
615809793874223104
615808662674649088
615802108650983425
615786678553186305
615776486713262080
615771186136363008
615751291415986176
615749655549362176
615747412137803776
615727178773364737
615439051584372736
615438929773338624
615428295543402496
615420069791813632
615402933476294656
615347105960448000
615331942314156032
615044519248199680
615007504934772736
614343773582159872
614340268381356032
614340146067054592
614317238192095232
614296964394520576
614006812778594304
614006694562168833
614006623594528768
614001628425920512
613997612912525312
613989035581788160
613985736505868288
613921117879836673
613907110225649664
613906910690025472
613886602406985728
613880139261341696
613864198263717888
613621211793346560
613595280936697856
613591195793670144
613547959893000192
613514853681131524
613499607574818817
613224378470432768
613167415057346561
612903597790076928
612903059145011200
612470618311782400
612034098652160000
612033246013079552
611781524078370816
611757297279332353
611724242011463680
611467941251579904
611450312788983808
611449006212952064
611408817474129921
611383913391460352
611376442857910272
610968960922685440
610683750683406336
610681156422471680
610681023777665024
610605874890076160
610371788636356608
610371474868838400
609933385222463489
609903152666660864
609176644494954496
608965094236663808
608964087033266176
608846413687103490
608807821220659200
608807661124112385
608616740612911104
608542314051547136
608538520374898688
608538263301820416
608534577401970688
608522479393476608
608509077883375616
608502468209688577
608501924678217728
608494998959611904
608483216727666688
608476773802766337
608468419621588992
608445885253595136
608444632373055488
608437631790292993
608190492900225024
608190295994433536
608181667715522560
608179770581483520
608179631540334592
608172822175842304
608168885452476416
608152882072961025
608112133528788992
608098232615464960
608090172979298304
608086275309084672
608065025979359232
607841488123400192
607838344916123648
607826047095185408
607823114379141120
607820381123186688
607810141757571072
607748274481733634
607747105323642880
607411774304993281
607398247829786624
607396847750160384
607352393882341376
607007177300131840
607006875180232705
607006661748891648
606999422774439936
606734775571902467
606681553662582784
606634089140121600
606627098564935680
606375454854025216
606373062859190272
606342585200877568
606334952968491008
606312395418550272
606257644286955520
606252707620528129
606242183910461440
605969311304400896
605963834046746624
605928752854364160
605888733838057474
605618286592724992
605608868681551872
605588347545919488
605586916537417728
605586466773843968
605572123336294400
605542995786645505
605531078829477889
605529760215789568
605261486026571776
605259198209900544
605250789976776704
605244133024886784
605228732891164672
605228489558622209
605223634014248960
605218484625256448
605170856692727810
604860039774511104
604757664564801536
604595118813777920
604547348027555840
604543717366767616
604538665461817344
604526582032670720
604481038753140737
604444801644281856
604434887689576448
604199442934321152
604182997726818304
604129812882575360
604069831940390912
603853101225943040
603817187619536896
603804074585300992
603786109508792320
603773053609336832
603762562325413888
603496371560251393
603486453469945856
603459160525647872
603451160079511552
603439304443039744
603420718735425536
603400825092837377
603398867418230785
603379305041633280
603351970171232257
603349274542374912
603125847160160256
603114496027172864
603088442059292672
603088248823541761
603086834495795200
603076885917077504
603041600537808896
603026277239513088
603026180913127424
602978334310531072
602710517434740736
602710261934481409
602710153511739392
602703337692233729
602634208092266496
602619740373266432
602323494781722624
602100440679854081
602090778484187138
601627533625417728
601627532908228609
601627036621414400
601626592159387648
601625960916586496
601625960115482624
601625959477944320
601625779932438528
601577861166854144
601567646958657538
601339552603602944
601282298873573376
601281620574904320
601281517680238592
601267599683510272
601257290218524672
601246980250181632
601243172665167875
601238999538212864
601236581949771778
601185498854531072
601176824568242176
600942486283014144
600932215791493120
600925327876055040
600865923994669056
600859474555969536
600854240379215874
600595120405221376
600580811671351296
600511037427843072
600482630832943104
600224889300242432
600216415480762368
600188896627073025
600141732244774912
600095857237729280
599786792133521408
599419570345082880
599409060002299904
599368333935403008
598777361937600513
598744005090902016
598737980724006912
598732412143697920
598729693622308864
598717128330600448
598699547917955072
598681457507311617
598325424184242176
598318761666551809
598040236774555648
598020495007682560
598002014858125312
597975733336678400
597974880689266688
597936982937972736
597692244242599936
597682674833174528
597653808848699392
597652997099921408
597647979328217088
597639270518632448
597636111465349120
597603559828492288
597596169179688961
597250360462409728
597228889220521984
596909498046017536
596887158427951104
596880575513800704
596843647229886464
596471003661914113
596233076147118080
596208603062771712
596203563262554112
596192423723794432
596178266463035392
596162782527102976
596152118421168128
595871419877167105
595871168894214144
595865017196670976
595858972197974018
595850592075051008
595839132422840320
595812549649661952
595812206857592832
595800815773843458
595783677944197120
595769089441800192
595760743078895616
595492018555609088
595486999345274880
595485408265424896
595472740896899072
595444494545334272
595439094353809410
595438164220612608
595436092863737856
595429752422412288
595414379421638658
595386426818228224
595385444206010368
595152066366046208
595146418710544384
595142113475600384
595140868593573888
595130364303114240
595123410050654209
595114884083359746
595109298990120960
595060071853400064
595056480014962688
595020044502982656
594713487886024704
594354942451851264
594351782278594560
594334402940968960
594096672977850369
594096288033087488
594082908694028289
594015545944625152
594008017131184128
594007343362375680
593961895146745858
593952163585511424
593949932727459841
593704584419377152
593630900912594945
593626067358875648
593566234823815169
593348099604643840
593003458409684992
592970102745780224
592901520565391360
592884699737006081
592850595935068160
592848568630779905
592811845934809090
592557012107538432
592545003819421696
592524752046141440
592524506004086784
592524331688841216
592493829820948481
592485169824686080
592455149903290368
592178834239258624
592176458686025728
591804639382765568
591787008210685952
591531413821923328
591382608254218241
591131917518561281
591102722235064320
591096372033642496
591089396151099392
591086595446599681
591058474022342656
591036498650259457
590796141924585472
590771296084037632
590728895420358656
590721746115948544
590716877091037185
590671953201127425
590668688577159168
590517317500407809
590399578085658624
590381243541360640
590380436460859392
590379717284524032
590376848963543040
590368330881638400
590362433224581121
590344083622776833
590330801046343681
590325023224791040
590310836264161280
590307496369266688
589933111774941184
589640193537400833
589262742323908608
588983574038237184
588982139015843840
588887629430665216
588887347577692160
588854296483123201
588854245841104896
588643255409057793
588633822318714880
588630848838197248
588603989723205632
588552843143045120
588541390566588416
588541130536574978
588512638038056961
588512507410644993
588178311278415872
588178095653412864
588163178393133056
588139547839586304
588120860277497856
588120573244497920
587829705769779201
587561688192299010
587436556929146880
587436209019949056
587103440523911168
586428586912915457
586087517058834432
586067679380910080
586034852018966528
585604273611927553
585399459212763136
585291241300107264
585074921455415296
585074086533029888
584939893492740097
584939758394023936
584939654643744768
584939332168876032
584903040433528832
584566614798049281
584317318047608832
584316428259569664
584297403076845570
584289192370274304
584288474926153728
584277621229359105
584273089887768576
584272722147946497
584271676000436224
584255770016948224
584232483006255104
584229684272955392
584182817363492866
584182785067372546
584182765127671808
584182738657402881
584012743113474048
584011727823568896
584011254320254976
584009367189639168
584008861041852416
583975933733953538
583953806838235136
583827280348246016
583827242461097984
583280012230557696
583279169389355008
581750583356346369
581742599209414656
581431979079516160
581431351569608706
580712421813190658
580711558738784259
