823947118574342144
742872082321526784
740673458892197889
740212155669196800
739967482111361024
739898055789445120
738081197008392192
735959561048186880
735148474400792576
733326440993677312
732586586068549632
730809395106324480
728669216342036480
728586758653288448
727514062729302017
725701146325618689
725122119449862144
724976455432564736
717521802084225024
700738424882335744
700393127979253760
700379783142572032
700076915877482496
700017816758415360
699655771500335105
699352673049415680
699289429915992064
698289973611466752
698284214148427776
698250358083031042
698236184426840064
698220991433043970
698210332892798976
697937000637173761
697918733214359553
697911593141559297
697885971199631360
697844376207134720
697571028281602048
697540675676426240
697525677579370496
697495555908325376
697477270424809472
697228590895624193
697216022168797184
697201208331624448
697180892251316225
697169478493167616
697157892537909249
697142137507295232
697119320808120320
697106285544787968
696866359582396417
696856487587524608
696849794942132224
696823460446601216
696814368894296065
696808324059103233
696793239223816192
696763896925810688
696755571186208769
696410672708587521
696391899641307136
696030675799912448
695767029240860672
695758635184451584
695751502594330625
695736296426221568
695722081070161923
695713880580882432
695701391130537984
695696483996323840
695692092358569984
695683765834686464
695660742775672832
695653489767161856
695651355491307520
695430352882413568
695416423695273984
695403813214113792
695394336192593920
695354474026512384
695351993133469698
695341135032557572
695326024062504960
695320721015197696
695310695211016192
695290772774518784
695049692200079360
695043592763478016
695038874989387777
695023490655629313
695018969103634432
694988838800764928
694928031215779840
694716298052304899
694686927467913220
694681417331019776
694665834816385024
694649233547235328
694566446865604608
694550910211530753
694367780225847296
694366782371577858
694362651279921152
694362053193142272
694360203379240960
694359258880720897
694357817742999553
694356611503144965
694352213188218880
694350926879047680
694342527034462208
694340483888222209
694302237326049280
694287162951356416
694281399117844480
694279581830815744
694271964601389056
694264076650676224
694263307524403200
694256340261146624
694248388615757824
694211444187869185
694205407485505536
694204567332872193
694188587948978177
694004931473199106
693841229058945024
693176742995849216
693131624725159937
693126654260965376
693101453863288832
692866319687950336
692847645442732032
692829451990634496
692801061900292097
692754050224263168
692468192292257793
692425766009573376
692407621744197638
692104706554855425
692038816215859200
691783183424057344
691681972700065793
690644459709595648
690595265913430017
690328861574234112
690232469744779264
689931178938216448
689891801906282500
689870663964749824
689568447202627585
689507687835381760
689176051046420480
689145260383944705
688120692626165762
688100458888495104
688093219297464320
688072194799214592
688071932814561280
688058150814003200
687726192519032832
687405363897843712
687333431634608128
687031361236959233
686961818951012356
686941776691609600
686711236592013313
686608528845307905
686246420748185600
685884144698523648
685583244725649408
685130087033749504
684910371895808000
684886153158201345
684446309663641601
682974997959192576
681924237213339648
680432876685373440
676573959207325698
669942021654581248
652499111338360832
648923083760267264
648922232169742336
648921737682251776
