610757024129884160
610756620302348288
610756566837522433
610756482745942016
610756444921679872
610756415267991552
610756294270652416
610756262335225857
610756230131359746
610755812131237888
610755701917417472
598565975705952256
598565923767844864
598565868512137216
598565818104963072
598565762224234498
598565708256169984
598565642443366400
598565586109599744
598565528190476288
598565452680429570
598565386007744512
598565287651311617
598565205879214082
598565164447858688
598565110794342400
598565060089401344
598565014459568128
598564893986545664
598564815129419776
598564702046834688
598564639987863552
598564500124622850
598564440682983424
598564376015155200
598564313704636416
598564273263108096
598564214400229377
598564171605749761
598564089472901120
598564029565657092
598563989250007040
598563923122618368
598563856311529472
598563796832116736
598563755451097088
598563663029661696
598563606146461696
598563522348449792
598563407714000896
598562118544273408
598562005319032832
598561846426210305
598561784698658816
598561712657309697
598561667715309568
598561603362103296
598561564434821120
598561512412848129
598561469421191170
598561432045748224
598561376789991425
598561259236302850
598561206824210433
598561166160441345
598561098296643584
598561041006632961
598560811062263808
598560758599962625
598560705105768448
598560643202031617
598560546414288896
598560429024116737
598560376775680001
598560314892881920
598560265442058242
598560207418056704
598560143102586880
598559915666481152
598559840739397633
598559788532944898
598559740784975872
598559651278520321
598559591874600960
598559516750434304
598559193231204352
598559149732077569
598559073320206336
598558999194263552
598558937865150464
598558894537990145
598558816427503617
598558750383955968
598558638752534528
598558366441537537
598558298707795968
598558200707883009
598558024379310082
598557972575424513
598557820783558657
598557746250817536
598557700998504448
598557626658586624
598557566432628736
598557503283159040
598557461533093889
598557354238541824
598557295837052928
598557166283395074
598557096326606848
598557043679764480
598556950696226816
598556773793067008
598556712568774656
598556652242108416
598556546298183682
598556466698657793
598556384746151936
598556296116379649
598556222267199488
598556177664966656
598556105028050944
598556046131646466
598556002456367105
598555874928566272
598555790971183104
598555654954065921
598555564432617472
598555498762338306
598555454306951168
598555392650665985
598555249587187713
598555130598940673
598555040920555520
598554947723075584
598554853674196992
598554106538676224
598554073785364480
598553987193929728
598553969946992641
598553922710679552
590937887417458689
590937827740934144
590937809315332098
590934674102419456
590934623716306944
590934550823460864
590934435073236992
590934403964137473
586884675555164160
586110532886908930
586109778394484736
586109432507015168
586108945321828352
586108534129094656
586108462456770560
586108155257610240
586108127537459200
586108041373884416
586107655145545728
585011403125350400
585011329238437889
585011297609244672
585011276352487424
585011147096592384
585010933036122112
585010868242554880
585010691221905408
585010169484025856
585008782025031680
585008144927035392
585008118398066688
585008084361338881
585008060298559489
585007944133115905
585007446877409280
585007391416156160
583212031165206528
583211869680373760
583211588641009664
583210372947173376
583210318672879616
583209817449332736
583209757655302144
582901307897430016
582900583683739648
582899938809540608
582899811378159616
582899102452682752
582898768649023488
582898647643385856
582660339302572032
582659252218650624
582657262570889217
582656234626641920
582656168826413056
582655683708981248
582655649785491456
582655628780408832
582655559268110336
582655532705648640
581412533338247168
581412328178118656
581411219174723584
581411177336578048
581408723974930432
581408396009725952
581407105132957697
581407040108695552
581406951495606272
581406878615412736
581406515631906816
581044980887756801
581044173857558528
581043942902362112
581043416118771712
580503777716879360
580502913828679680
580502816285974528
580502728830533632
580502667350396928
580502577529397248
580502386025857024
580502250428203010
580501571206811648
580071292432461824
580071259133894656
580070963888451584
580070774867955712
580070019922526208
580069813877362688
580069744264540160
579703941002326017
579702139045453824
579701836149579776
579700423218585600
579700391371272193
578877048741056512
578877004986097664
578876975839887360
578876396220641280
578876323722092544
578260152085848066
578259807532118016
578156355586023424
578153479572688896
578153222654799872
578153153738240000
578153125028241408
578152976717582336
578152573653397504
577410099439935488
577410044909715456
577193879293829120
577193826328133633
577193694576668672
577193544928137216
577193396399448064
577192989396713472
577192938347851776
577192829518274560
577192742834556928
577192256492466177
577186017637199872
577185802628763648
577185184530956288
577184611354161152
576688394916503552
576039049963638784
575725673404362752
575606625047875584
575357272672595968
575357034817843200
575356911631142913
575356217155018752
575243523445932032
574953272366252032
574951094817832960
574950741317709824
574950434231697408
574949291527172096
574949059233996800
574948552813707264
574948472132145152
574948032933986304
574696569347383297
574635898488426496
574635719211229186
574635192868028417
574633570704171009
574632473545609217
574631724019269632
573924473369460736
573924438305030144
573924337658544128
573924304347402241
573924111040249856
573923909319421952
573923845889003521
573923452157059072
573923138968416256
573922936823898112
573920739398664192
573920653960704001
573920004158197762
573752662153428992
573254869806686208
573254064194097152
573252471923085312
573251070408970241
573248424222560256
573248054993813504
573056537020776448
573056457198989312
573056374868975616
573056233340579840
573056176801370113
573055269875388416
572706430043742208
572456068628021248
572453236482965505
572451946243760128
572111939402395648
572040048914276353
572039988952616962
572039229930377217
571651774597226496
571651101604360192
571651001310162944
571650603744661504
571650031142506496
571649975270174720
571437545743093760
571436336646918145
571434066978983936
571433955280494592
571372866220007425
571372771332255744
571372277335523328
571372005288763394
571371645866266624
571325436170539008
571257511371800576
571256359678713857
571255830726762496
571255270640369664
571255007254876161
571254976456073217
571254929064636416
571254787884367872
571009957308596224
571009801288876033
571009539178418176
571009274228449280
571009069227646977
570888039846830080
570887750343372800
570653947616231425
570651006620573696
570650504923095041
570649536546406401
570649057263288321
570649003324510209
570648030078222336
570523083796291584
570522550452797440
570522434178326529
570293338903056384
570291612540133376
570291557309517824
570291237745524738
570291185471909888
570291105805287425
570290699008126976
570290559329423362
570290477909585921
570188865409032192
570188815152893952
569864600021311489
569862342693019648
569860972040601600
569860725876895744
569860644834545665
569860511191453696
569860446532046848
569807220231315456
569805610369359872
569804483951267841
569803471899262977
569575328819105792
569574988682010624
569573036455796737
569572941698076672
569572817437646849
569572684302041089
569572136014258176
569571567090475009
569571516037398528
569571250907029504
569447638589964289
569447515864633344
569447341041827840
569445782132297728
569443276396351488
569443095307276288
569442527956357120
569442274754629632
569441851306074112
569240645971402753
569240501666381824
569239001040871424
569237500851585024
569237063738007554
569236708899868672
569236663391670272
569236408621240320
569236369647775744
569235140607664128
569229491295408128
569229353768386561
569229248394866689
569229156229246976
569228680402243584
569228039411896320
569227513907548160
569227444160499713
568897331103440896
568872879443607552
568872545551831041
568872297202905088
568870666172272640
568870154735628289
568869795468337152
568869711620014080
568869594892521473
568869499140739072
568869316390723584
568869143056932864
568868328992870400
568867649054253057
568865731997241344
568864021895634944
568863617128513536
568863588162641923
568862856445358080
568862515062566912
568862433491726336
568861642018185216
568861601400557568
568696474256711680
568696215614951424
568696121276698624
568696028490301440
568695982462009344
568695944583221248
568695900681441280
568695854720266240
568695465719566337
568694859042852864
568694674879352833
568694625944395776
568694573490409472
568694355583741953
568694267184615424
568694222301335552
568693974925512705
568693682305671168
568693470325542912
568693338821541888
568402247194943488
568401796227567616
568401370547654656
568401261407674368
568347614997028864
568347447669489664
568346847380676608
568346675720417280
568345139434926081
568345051211939840
568344882680598528
568344862157881344
568344541612396544
568344395268923392
568124877636550656
568124750356193280
568124618323726337
568123705479598080
568120163448565760
568119842898903040
567975915520716800
567973680447430657
567813792005111809
567813740805255168
567813696043642880
567813187942367232
567812742900633600
567809837481082880
567717719060283392
567707093902585856
567706760879013889
567706141518745601
567706115853799426
567706095398158337
567705991874359296
567705476348268544
567700637618798592
567654663731036160
567654645519380480
567648556811821056
567648041872916480
567647149060816896
567646974821036032
567646362842697728
567644767782060033
567643812311601152
567642890688802816
567642616561676288
567642432956030976
567641043785773056
567641026731724800
567640662527721472
567640141418991616
566244013007974401
566243109693304832
566239676286382080
566239529280225280
566239494245195776
566238330380357633
565949346844516352
565947988766633984
565947333465341952
565947144100921344
565947029055348738
565946884456726528
565946865045487617
565946743574237184
565946606940606464
565946559905677312
565876903022972928
565876426898165760
565876384980295680
565805094755926016
565805033757761537
565804822784651264
565804632665235457
565804096054390786
565803974088196097
565803463108747264
565592191469637635
565586524897837056
565586425836752898
565586180599975938
565585870561226754
565585780245299200
565585711584514049
565585363939631104
565579537577422848
565503285181042688
565500102375391232
565499871260864513
565470719803682817
565470558599806977
565465427778998272
565465235520495616
565465021640355840
565450968507367424
565447058765914112
565446972363264001
565446938427150336
565446591889559552
565446511585411072
565446404680990720
565446092385693697
565444929913376769
565275722563207169
565275491603873793
565275465259450369
565275176599048193
565222019093258240
565221903619878913
565221812314054657
565221528732983296
565221384524398592
565221365457125376
565220416508428289
565220210039586816
565218605118533633
565218470921789440
565218167522594817
565218122467377153
565217604575703040
565217226161405952
565215789805228032
565215759782404096
565138157428285440
565137437505363970
565134927629680640
565134413189898240
565134368860299265
565134202128306176
565134136562954241
565133271051567104
565132047321411584
565108579183890432
565107588891938816
565105614347857920
565104629676273664
565104593248722944
565104291518906368
564921799461588992
564921698508890113
564921334011293697
564919692956274688
564918819244617729
564883130998616064
564882195207426049
564867810984484864
564867502535348225
564867071813890048
564866964460683267
564862389594914817
564862334561419264
564861799389224961
564861775217426432
564861640160845824
564861581415448576
564860761076670465
564859656712224768
564858713090297858
564858467215998976
564803463532797953
564803225556361218
564802689050378240
564801071424757760
564798996527730688
564797324342624258
564797248874508289
564787948294791169
564787849909010432
564787605779521536
564787175649472514
564787025690517504
564786889245601792
564786861445758976
564786208455524352
564785155655888896
564747410195640320
564745846865281024
564736753287045121
564736331772100609
564734136234307586
564734065367318529
564733988447981568
564733929367015424
564733637003071488
564733305896329216
564733257770860545
564733224614887424
564732730022576128
564732677195333632
564731979527356416
564731798769651712
564731798349815808
564731749184581632
564731551888732160
564448913005236225
564448690149294081
564448468446765056
564448104658010112
564446100468543488
564443739398352896
564432143259303938
564423173211697153
564423112432050176
564423077350879232
564423041867075584
564422728154095616
564422176066240513
564422092817719296
564421927201411073
564421715149983746
564378976366641153
564378750369144832
564378595511263232
564378445267091457
564378339126042624
564378204014923776
564377907850919936
564377597514350592
564375110774452224
564367029227225090
564366832120111104
564365759821148160
564193426523295744
564193393870659585
564095878202687489
564094803584237568
564091289504088065
564091236525821952
564091186210959362
564090789769543681
564090657187594240
564086499810234368
564086184998359040
564086157034921984
564086124872994816
564086089745727488
564086013950435329
564085919561842688
564085898468659201
564085863018397697
564005626804989952
564004768419692544
564004181066153984
564000141011849216
564000092819304449
564000024812863488
563999430547099648
563999181254451200
563998518579593216
563997032743174144
563995739207270401
563995621938708480
563995567085584384
563995380032225281
563834769222676481
563834588225871873
563834086180278272
563829290547286016
563829019687534592
563828608800931841
563827663119585280
563827489655775233
563826173890002944
563792227672285186
563789817847492609
563789406923137024
563788749466005504
563782270503624705
563782077276225536
563781387942391808
563781077492563969
563780780955295744
563777402745389056
563775693298102272
563775058184011776
563774571434999808
563773581105324032
563773097439154176
563772682014298112
563771377145360384
563770861078188032
563765118581080066
563764940251881472
563764752430944256
563764698571890689
563764487506112512
563763735119265793
563763557821861888
563763362191130625
563763064512970753
563762771285016576
563762322125389825
563737215499767808
563737032149987329
563736585657544705
563735506144722944
563733349806915584
563731002569531392
563728165596459008
563727992929927168
563726994891091969
563726735079116800
563726563838291968
563723261423648768
563721011225690113
563719341171281920
563716410011299841
563715988982870016
563705547724447744
563702157053272064
563697421587591169
563695618535993344
563695508058021889
563693911013851137
563693011419537409
563692585433460736
563692456001417216
563686208845660161
563683918457888768
563668738248302593
563668641091428353
563660704927203328
563659952582316032
563659440717836288
563639970611884032
563639150256357376
563638369671217152
563638036630880256
563637626272747521
563637558874472448
563637439622033408
563404128337281025
563403902335586304
563401134006882304
563400480618201090
563399971291279360
563399918631788544
563348215983267841
563347637467095041
563345550469505024
563343135875813376
563342645624598528
563339235554779136
563339192647028737
563278287297085440
563277228373733376
563276381707304960
563276236102045696
563275939459919872
563275583598387200
563275428157485056
563275220006731777
563105757298970624
563105647781101568
563105582081921024
563105500485926913
563105072885030912
563104975975612418
563104807695941632
563104220707315712
563104143439826945
563103319049396224
563101385118732288
563101220282580994
563100861468250113
563100807114268672
563100560682156035
563100468067713025
563100236433080321
563043461507862529
563042042381860865
563041347343761410
563041262857912320
562986859438276608
562980609510100998
562980262678904836
562976679422095361
562976558332514304
562974881558835203
562965022192959492
562964757339455491
562963149016793088
562963090762117122
562912375037497344
562912251091640320
562911026778488833
562910927029555200
562910599156604928
562909211433385985
562907317948407808
562905928841048064
562905568613269504
562905504931143680
562905375922724864
562905325096140800
562905254480855042
562746145957752832
562745116121903106
562743859181268994
562742077294120960
562741536778379264
562741509892886528
562741350559666176
562740760035217410
562739798184820736
562739461730365442
562739284919463936
562687988019527681
562686472420352003
562684288697892865
562683388034048001
562681849471070209
562679915594919936
562679630944292867
562678805161316352
562678646063001600
562678377719799809
562678049205141505
562677899648843777
562677821102108673
562562747410698240
562562072983388160
562560827048624129
562560271680798720
562559806138224640
562556238916251648
562555883012767744
562555091363053569
562552399081259008
562552378420113410
562552310333988864
562552083623452672
562551616478642176
562551564842598400
562551510689914880
562551474438569984
562551409250680832
562551118409252865
562384600979480576
562384238935552000
562381679709679616
562379958824468481
562378837829623808
562378663354974210
562378140430110721
562328805919186944
562328272558903296
562327991486005250
562326629171867649
562326048831180801
562325635922931713
562323942766292993
562320120455110656
562320057448271873
562319735032139776
562317838242050049
562317304395206657
562315703014150145
562315403549212673
562315184052912128
562315050548203520
562280615803117568
562280145411928064
562280030794170368
562277234506215424
562275006974271488
562270582121988097
562267911839318017
562254281416646656
562253486579281920
562253403125202944
562251933470453760
562251631920955393
562251500534394880
562248534058340352
562248300741799937
562225706202324992
562223622337863680
562219988241874944
562219159577444352
562218978362544129
562211288202620928
562210804662288384
562210427581763584
562210036794281984
562209987829977089
562209384684847104
562209237552869376
562208700442894340
562208624769261568
562019723161137152
562017603687043072
561973823441227776
561970539389272064
561968256752549888
561967275247685632
561961624077336577
561961058324451328
561958646465449985
561958609970794497
561958536163655680
561958406928732160
561957705884377088
561957011785801730
561956436784476161
561895071772319744
561894381658308608
561894138497740801
561893519267495936
561893046489743360
561892993029136384
561892888536432640
561892836225077249
561833178336604160
561831660397006848
561831131763707904
561829913750433792
561829752672374784
561829712272818176
561828268555657216
561828236167241728
561565966518468608
561564475388887040
561563939583307777
561563903545835522
561563763359612929
561563616252809217
561563201406775296
561543224033304576
561541603672985600
561541057058713600
561540689314721793
561538138569736192
561513768132575232
561513094682537985
561512970669555712
561512924397981696
561512196195500032
561511419901116416
561510360092782592
561510290798706688
561510160762695680
561509445667397633
561508687890874368
561508127695462400
561437506466754560
561437352393191424
561436935445807104
561436776875978752
561436172585807872
561435423772536832
561435262862254080
561434971047751680
561434433933545472
561434246452355072
561434148381151232
561433677570514944
561433612227448832
561291490019004416
561290854317694977
561290782616072192
561290389735632896
561289837962346497
561289735495487488
561288822487797760
561288356701933569
561287923560370176
561287655061979136
561287623487275008
561287383879278592
561287312320253953
561287234138427394
561287184570155008
561250938363871232
561249686087290880
561249422500442112
561248668184223744
561247609181184000
561247474850205697
561247208365101056
561246798720036865
561246388823285761
561183654538665984
561183528533377024
561180570127171584
561180067842506754
561178277327679488
561178201633095680
561177897889972224
561177538182266880
561177386142937088
561177299375370240
561177182635315203
561177144320356352
561177065266089985
561112583575707648
561110481310871553
561110393318555649
561110172354244608
561110059028324353
561109718354378752
561109616378261504
561108728662196224
560931239298084864
560926383866904576
560926295681683456
560926165230424064
560925494322159616
560925443914997760
560925165522268160
560925016066646016
560924825280348160
560924629163069441
560924599110885379
560924022926766080
560872372061093889
560872270877712384
560871313532010498
560871206992506882
560870872312184833
560870743685472256
560870096483385346
560777096738639872
560770647706836992
560761306756956160
560759920199749633
560759869742264320
560759680725975040
560743480864288771
560743308662931456
560741448778514432
560740993918836736
560740881264037888
560740432112791554
560740307621675008
560739864594096128
560739216809013249
560738977972772864
560738897400172544
560738718471188481
560738658773643264
560738601437503488
560738225250398208
560737852536160256
560522440389181440
560521574823239680
560520888291172352
560520796255551488
560520273070665729
560519943545192449
560518016879054848
560517933148143616
560517511889035264
560511659761229824
560510552410435585
560510461154967552
560510413897732096
560509978155712514
560509694981439488
560508268024692736
560506509592133632
560506472850018304
560506437831766016
560506228691189760
560505552753950720
560504824194928641
560504689318690816
560504575946682368
560504358111301632
560504241169911808
560504089340305408
560503444247965696
560503326320914434
560503170280210433
560503128215527424
560502947554291712
560502324934627328
560453156627574785
560443029384069120
560442904645468160
560442669600878592
560424817862934529
560424661688000512
560421649091416064
560421299374551040
560421166788403200
560421131765960704
560420985619636224
560420886378205184
560420799346393088
560420653715980288
560420550213111808
560420345719828481
560420226924572672
560420109387595777
560376599485644800
560375183836712961
560374937660436480
560373845014880256
560373624813940736
560373378465673217
560373263780835329
560142097505062913
560141932966711296
560141598823317506
560100692959174656
560099990937567233
560094909278191616
560094773403738112
560094636891701249
560093850547806208
560093647644139520
560079380333223937
560078375566725120
560077993708892160
560077897529311233
560077302349172736
560077048505712641
560076943090257920
560076412502421505
560033732984586240
560033617125318656
560032554158678016
560031305732476928
560031197905309696
560031029667569664
560030866299441152
560030604604227584
560030385686712320
560030250353299456
560021173317435392
560021107986923521
560020682374148097
560020572219125760
560020220807749634
560019765977427969
560019693327904769
560019557788954625
560019504932343809
560019451165548544
560019318671699968
560018963959386112
560018875031764992
560018784707440640
560017947549523968
560017785972334592
559798719336681474
559798321506942977
559797835416473600
559797788436070401
559797531413319680
559787811529060352
559730407542108161
559725381868331008
559725327757623296
559725234350489600
559724960550490113
559724793621381120
559724763393060864
559721803237830656
559721726322679808
559721516116766720
559721437205118976
559721214693109760
559719848838971392
559718914490642432
559675412809523200
559675261650993152
559665721433919488
559665465396838400
559665352855289856
559665174408617984
559664908632326144
559663049641312256
559662568734982144
559661970207821824
559660960202625025
559660581834465280
559660449470644224
559660344466227200
559660199305543680
559660078044028928
559659928911372288
559659544771842048
559659469035286528
559659309869850624
559658981816532994
559658716514222080
559658422053117952
559658191378980864
559657915377016832
559657711978426368
559657605279518721
559657009851932672
559655508928659456
559404442794336258
559394425319985152
559391597046280195
559379663517413376
559373661850062848
559373628320800768
559367753342398465
559358336219746306
559358024943665152
559343841787252737
559343417239822337
559342896785403906
559342773871312896
559298080567472128
559297878708219904
559297838019272704
559297753801826305
559296005901148160
559295201886617601
559294753284837376
559294542449737728
559294298014109696
559293859851960320
559293687390535681
559293458968743936
559293294610776064
559293130437308416
559293036212285440
559292893312319489
559292834344603648
559292747623186432
559292583193870336
559292470937550849
559292230725566464
559292122978082817
559292062416515072
559290516769349634
559055590031237120
559053335760617473
559053191715643392
559053102485995520
559052646640664577
559052147829260288
559051975409401859
559051840588087297
559051766768349184
559009757269594112
559007902879727616
559007588361469952
559007278100402176
559006992443146240
559006972750876672
559006612447563776
559006579555860480
559006443765235712
558688247292125184
558688186806063104
558687139651915776
558686897690927104
558686659961970689
558684189495951360
558683791561359361
558682624211042306
558682552521981953
558682425640095744
558682305301327872
558682154818084865
558636518777315330
558636319266861056
558620819300311042
558620668108242944
558620054351536128
558619684502003714
558618231825776641
558618075315322880
558618016645009409
558617874907295744
558617429157634049
558589083489144832
558588974613413888
558572645323898881
558571770887028737
558571518960340992
558571433182650368
558570904184442880
558570823045230593
558570599506001920
558570361114337280
558570143849385984
558570101130403842
558569983547277316
558569837182865408
558569628444925952
558569504134164480
558569388623015936
558338349136871424
558333830281838593
558333505659482112
558332678488227840
558332609340899328
558332464935239680
558332297112723456
558332149766828032
558332075267588098
558331978446282753
558331902684585984
558331126402789378
558265878807339008
558265015946735617
558264851966210048
558264789789863936
558264573162455042
558211818595049473
558211741717651457
558211409042239488
558211229291130881
558211152644423680
558210744194723840
558210421015216128
558210290865954816
558210081511448576
558209988121067522
558209913227599872
558209796940517376
558209647732355072
558209165701967873
558208660623876097
558208427798056960
558208366015946752
558208301805346816
558208219261444096
558208156950888449
558207948074536960
558207864440115200
558207788787453952
558207745854545921
558207661804900352
558207574018113537
558207496536731648
558206621126774784
558206501261963265
558206383485886464
558206327328366593
558205489939759104
558205318216564736
558026862015021056
558026524436488193
558026302767513601
558025558110773248
558025435335110656
558010301824925696
558010216886067203
558009605989867520
557999764739215362
557999196868206592
557991328089661440
557985949842669568
557984589655048192
557984486437433345
557984396725465090
557983991169826817
557983861049937920
557982972167856130
557982777262735360
557982635415588866
557982501080416257
557943209767501824
557939633188012032
557939606533206017
557939563277348864
557939481332838400
557939429709737986
557938947922612224
557938821065900032
557933738068553728
557932600879484929
557927470306189312
557927393722400768
557920982208622592
557920892920299520
557920582466273280
557906765745225728
557903075424620545
557902979383451649
557902732817076224
557872787302649857
557872655815421952
557872578522787840
557872318320771073
557866884918706176
557864162358198275
557864008074932224
557863001299365888
557862693936578562
557861903087972352
557861720652521472
557861644316200960
557861553845063681
557861504062853120
557861362714836992
557861200479154177
557861160209620992
557861086134042624
557860972606787584
557860909071474688
557860751290150912
557860626631245824
557860585812287489
557860085289209856
557859850227810304
557859817130590208
557859784209498112
557859656044126208
557859034498596864
557858730851971072
557617551354892288
557616712900943872
557616574291771392
557615089877266433
557614921761173504
557614880514408449
557614620576579586
557613975178059777
557613910153781250
557613663709044736
557612557947904000
557611992593465344
557550547897970688
557550109714808832
557549888645648384
557546340750983168
557541606359044096
557541498301210624
557541071459450881
557540975355379714
557540489533333505
557540303620804608
557529805340823552
557526277843083265
557513875810447360
557513233356312576
557512524812537856
557512239834738689
557512087447277568
557483723252588547
557483611700867072
557482911864463360
557482848845049856
557482503737712641
557481059911483392
557480947218542592
557479738403725312
557479654983233536
557479526939512832
557479387634106368
557252952487112705
557252856366252032
557252683137294336
557252564757278720
557252194425397248
557252160564776961
557252085876789249
557251242397667329
557250321584750594
557250269822861313
557248558572003328
557248398945173504
557248328094978048
557248138877337601
557248025408843776
557247974016057344
557247863085105153
557247652614905856
557129214848434176
557129052231069696
557127293852983296
557127085249298432
557126745586159617
557126401040871424
557126171021037568
557125565032202240
557125316100235265
557124252496035840
557124163295801344
557124056030662656
557123989274120193
557123681135366144
557123597790380032
557123264456437760
557122917964992512
557122513059479552
557122405983080448
557122296385900545
557122207345045506
557122112436322307
557122066613534721
557121983348244480
557121935017246720
557121724207362048
557121644855328768
557121156957093888
556844851959177216
556844793889034242
556844456142733312
556801178647162880
556800113470099456
556799873279090689
556798631605714945
556798518703452160
556798489188118528
556798402550562818
556798210677960706
556798110928998402
556797919937187840
556797759697997824
556797622414237698
556797466914611200
556797293022953472
556797212781715456
556796668574973952
556796461795790849
556478275196035072
556476670614716417
556474368776495104
556474079390486528
556473642419486720
556473069020393472
556471958054129664
556471715963084800
556470980462522368
556163410808025088
556161937353236480
556161680024281089
556161162866589696
556158280427663360
556099152019750913
556098829339361281
556098677631369216
556096878954426368
556096703074664448
556096637215711233
556096561508544513
556096446311956480
556096416003940352
556096316678635520
556096236106027008
556096102630694912
556096011471712257
556095894098284545
556095837210935297
556095784283041792
556095737378127872
556095653240004608
556095305700343809
555794597540933633
555794236243972096
555793619274452992
555791803224694785
555791258753708033
555670936503205888
555670727039664128
555670595837644800
555670481249255425
555668589286805505
555668214940975104
555668145273593857
555668088688234497
555667996795236352
555667731488714752
555667699809136642
555667461107113984
555667413073948672
555667378923917312
555667276977164288
555667239291355136
555667208123465729
555666978300780544
555452481015402497
555451640887906304
555450905697738752
555450465098678272
555450035241226240
555449852864520192
555449769490149376
555449627764613120
555449533036253185
555449457731710978
555449196690833408
555449066453475328
555448943187066880
555448646561718273
555448606808104960
555326768392183808
555326243064008704
555323882023161856
555323541529591808
555323487158804480
555323398344437760
555323241318068224
555323182018985985
555322995015970817
555322825314414592
555322739721265152
555322694586368000
555322645160685569
555322490155970560
555322430970142721
555322377123676160
555322310677512192
555322193585127424
555322141705768960
555322097061625856
555322004656881664
555321848897241088
555321792840359936
555321762670706689
555321645850951680
555320731933110273
555320352239534080
555320308417437696
555320147754639360
555319868896329728
554946670673559552
554946634392829952
554946570391941120
554946481132929024
554946420500078592
554946222205992962
554946183236689920
554946106011189251
554945931251294209
554945873587994624
554945841719689216
554945762992603137
554945699344056320
554945610802290688
554617454455177216
554617341049597952
554617081522827264
554615704511868928
554615415729827840
554615384402575361
554615314391252993
554615119125417984
554615086955122688
554615048002609154
554614981912559616
554614895715835904
554614842796298241
554614768225767424
554613240375050241
554236109035958274
554235647830269952
554235526908485632
554234717974048768
554234440361472001
554234326796496896
554230964575289344
554230755069808640
554230221264945152
554229992620843008
553954459320324096
553953581632872448
553953477005942784
553953442474254336
553953398618603520
553952912331010048
553952844018364416
553952815018954754
553952292471595009
553952049986285568
553507580799356928
553507482317127680
553507331087269888
553505233218060288
553505157447958528
553503719304994816
553503247588413440
553503188587139072
553503132035321856
553503096337596416
553503068437110785
553503021297303552
553502987428298752
553502946898747392
553502912417382400
553502866003202048
553502807836598272
553502726693617664
553502601762054144
553502501958610944
553502444605673472
553502223691677697
553276022578511872
553274643772362752
553274098051072000
553273642680082433
553273485309775872
553273375888769024
553273060875587584
553169698121326592
553168967142223872
553137918953672705
553137773742657536
553137691559485440
553137549330612224
553136837699850240
553136486741471232
553136462615810049
553136187561754624
553134321889206272
552906493302149120
552906431255818240
552906368253177857
552905889888624640
552905658220412930
552905331601588224
552792786064637952
552792651851112448
552792616887402496
552792300028710912
552790754889056256
552790342953869314
552789860868980737
552789838957920256
552789798331887616
552789731885715457
552789686448836608
552789647005589504
552789602495660032
552789569079619584
552789520480219136
552789386224750592
552787364217913344
552549818623877120
552541325078573056
552541195260674048
552540823599210496
552540773737332739
552540525375782912
552540169891758081
552540019844718592
552539801187270658
552538889370750977
552538832072372225
552538734844211201
552538488101687298
552537527727693824
552537475772846082
552537405858004993
552417487841542144
552416008749985792
552415936561836033
552415889346547712
552414998778347523
552412941942030337
552412658545491969
552412580434944000
552412560386191361
552412442333306882
552412117983567875
552411719524679681
552411601501159424
552411084762923008
552136489208119297
552135669410451456
552134750643957760
552130922146201600
552130416531226624
552129194252337152
552086384107069440
552084921939156992
552083210944139264
552076858830114816
552076384194269184
552074677846548481
552074521503879170
552074443070386176
552074258659438592
552074037435047936
552073981936037889
552073919453478912
552073780798169088
552073753778470912
552073683268009984
552073602418626560
552073560504946688
552073487465324544
552073410910912513
552073256254320640
552073209953406976
552073090528972801
552072831065137152
552072790221017088
552072007433850880
551759405235335168
551759101894868993
551759011981582336
551691156820885504
551691124101107713
551691050335866881
551690619949965312
551689141336174592
551689029818023936
551688976223203328
551688939439161344
551688856031203330
551688789157249024
551451061475880961
551449361142784001
551446558001348608
551446530746748928
551368513026555905
551367841308749824
551367095532130304
551367041836666880
551366789448605697
551366731768561664
551366681013288960
551366545260417024
551366357896667137
551366336321187840
550980497682489345
550978359124295680
550978168568700928
550978006400122880
550633619644248064
550633597234057216
550633392946311168
550633146354384896
550319254055444481
550233156113399808
550230785039814656
550228908764069888
549940820036825088
549906525201137664
549906395475484672
549905578378940416
549904114856259584
549885750872141824
549883634598293504
549880985257771009
549880864801566720
549880676783513600
549880657259024385
549880082496749569
544440343237001216
544439209277554688
544438707433254912
544437517584728064
544437255994372096
544436755492245504
544435798138159104
542652991506235392
542651447457107969
542651419804053504
542651133299552256
542651086474326016
542651042543206400
542650416358764544
542650397597646848
542650157607944192
542650130072363008
497312423322591233
497312143625441280
494456509544562688
494456470805958656
494456435154378753
494456399632793600
494456378803900416
494053571911245825
490828630298484736
490828430234370048
490828231491469312
490828085391282176
490827986867089408
488807182016999424
488806210464784384
488805051339927553
483254140173557761
483253985101750272
482790368325689344
482785283755106304
482117747145719808
482117543352877056
482114556991664129
482114432831856640
482114116996575232
482113873458511872
482113032940961793
474957850880782336
474957677786062848
474556490347728897
474555712098795520
474248585085980672
474190135186440192
474189051164389376
474188237410697217
474187846765793280
474149658756145152
474142283525541889
474140161790341120
474137400319705088
474137110061260800
474136982550224896
474136332466266112
474135239678517248
473773716711546880
473772661836095488
473771640375877634
473764662157541376
473763302766833664
473763180620283904
473762993940217858
473428911704244224
473428153096892416
473424634667626496
473422900410982400
473422798590078976
473422546675957760
473422043158159360
473421958668091393
473421674134925313
473105381401833472
473105198735691778
473105120654540800
473105037213061120
473104570454114304
473104204706643969
473104097936420864
473103986049179648
473103932378841088
472690693719486464
472690171276955648
472689890514444288
472689716673142784
472689330943950848
472689255454887936
472371183875543040
472371088903909376
472371032758964224
472370556231512064
472019413508816897
472017566328958976
472017391871090688
472017217555808256
472017031035105281
471679357644451840
471609659301068800
471609471526264832
471609269478248448
471609074426331136
471608917756489728
471608718367682560
471608527262601216
471608328901365761
471608160940462080
471607547859062785
471603721735241728
471603617209016320
471603284848152576
471602985580392449
471602764452466688
471602663789174786
471602365939064832
470232638741938176
470231876624723968
470231855414116353
470231828356665344
470226972506087424
455398625464815616
455397296167845888
455396710890864640
455395802555625472
455395453405003776
455395150160994304
455394637336018944
453529701995540480
453529496940191744
453529406380974080
453528997033693184
453528855115231232
453528833694920704
453528735221043200
453528514541932545
452769646417289216
452767911401488384
452404613170225154
452403146074390529
452399002323922944
452398856668319744
452398665336754176
452398495874301952
452089550475890688
452089386629623808
452089061600002049
452087782266007553
452086715520671744
452085084393590784
451736407262777344
451732964078936064
451727634901499904
451727291354468352
451727231405285376
450934119371796480
450933234814025728
450932790498848768
450930947358474242
450930684472082432
450930428799897600
450927988688044032
450645223958667264
450637583044063232
450637223520894976
450637124854095872
450636807571771393
450636732854468609
450636557968764928
450636126295183360
450570371805507584
450570123754360833
450570053738848256
450570006959779840
450569717338894336
450569588615675904
450569107042091009
449319691396599808
449319274537287681
449306667453534208
449301038064218112
449300374180990977
449299885549182976
449299287160389633
449297128469565441
449212203775037440
449212104424583170
449203560715415553
449201923384934401
449201164459188225
449200932921028608
449197378910695425
