939127787067183104
938680912669282304
938482673722494976
937957138013605888
936954138063261696
936505882824896513
936499719370694656
936147178237591552
935414087210668032
934702560052764673
934702493631643648
934702404821573632
934460092006715392
934019346115985408
933324681825923073
932311570658615296
931569114845470720
929358380187242503
928975915236904960
928973025848029184
928547108151578625
926824844901183488
926442905774051328
926376903417753600
923079065770319872
922730098926682113
922437800334712835
922380884078186497
920539011726364672
918735103240626176
915520260828274689
915181428081676288
914763928894361602
914048341750816768
914048254693838848
912571170440007680
911483063191949314
910759294433243136
909691176013451264
909684810532233217
909084939005628416
909068093602893824
908604021807730689
908603580394950656
907565285351227393
906085579162615808
905335553352224768
904948850229698560
904635476426072065
903956991638470656
902073945112928256
899899089965502464
899567781712101376
898824450191138816
898090168904757248
895961880581328898
895307750225391617
895307556138225664
895307436030128128
895307326193893383
895290219796320256
890838206404583425
890546563747065856
890140096439226369
890140007574495233
889747764304912384
889383442311520256
889383249717469184
887581640708554752
887319722836058112
887318871547539456
887313942112022532
886905128271433728
885876139901820928
885468958383648768
885030738193764352
885030251755188225
883050487565647872
882608164893585408
882607826413256704
882243015343038469
882200109798367232
882129043256213504
881809942130421760
881809458430693376
881180211701837824
880722070719668224
880433677058142209
878265802570563584
877861753119485952
877217404421582848
874544252629508097
874200563080196096
873445239666724864
873202093649276929
872713558458585089
872712755719090176
872019067569401857
871616677674405888
871003100655624194
870575398874165248
869177377871589376
868372852898230272
867369095938936833
866664595947216896
866661681992269824
865940192544280581
865940072767655936
865556436373327872
864581630303883264
863005926470680576
863005201019654144
862644185899335680
861839315307032577
860367706964594688
858936883610619904
858225199786995712
857883429337268224
857866048745463808
857851677680050177
857473344572198912
857473030884380672
856423223944261632
855773446114095105
855679523656011776
855317830622879745
855317388211900416
854708627013324801
853962631652270081
852422903555555328
852168578900021248
852168517323546626
852168186162294784
852167870784188417
852091103155286017
851772567924998144
849902858669522944
849902795566329857
849878301204152320
849526380840853504
848777529674670084
847015330253864961
846627392852561920
845194313675919360
844812336716144640
844534716896362497
844114721112571904
844114594281000960
843735804639895552
842329064035766272
842288417140576256
842048513076826113
841570897127432192
841198572414590977
839766161327800320
839485754212503552
839413835224215552
839083853725773824
837586891721560065
836953154935746560
835051574502244354
835051431350661120
830444883345174528
828864853074800640
828518219879051265
827086811209949185
824922497355218945
823446988129767424
822763965268852739
820637487345364992
818047788428787713
817302367347556352
813658185286516736
804606743028318208
803897359759450112
794088991163301888
793488991500795904
793369412279603200
790585602500661248
789359483751464964
787643796720848896
787643624142082048
787643570656280576
787643454394396672
787643381300207616
787643325796978688
780667458168483840
770905262962184192
757617877163843584
757617725145481216
757617582899863554
742233863422889984
732586827077591040
727737636278968320
725921574197452800
723389974763032576
718105046811025408
717973492298301440
716534850992414720
716534802938249216
716534751583141888
712586279314190336
712294599293853696
712294534676357120
712178553958301696
712176610737266688
712170173189517312
711880091568107520
711848581372776448
711102521415229441
709076175566585857
706879840889249793
705333787400474624
705285664758222848
705285292295634944
704935623589810177
703502083941605376
700580646721187840
699857191260594176
699491236953116673
698048905330692096
697098741002739712
697098344053796865
697098326425083904
697098306061778944
697098248885039105
696007476538376193
696007182580609025
696006727225970690
696006658594570241
696006574825992192
696006385377656833
696006140975583233
695278183126560768
695277638903009280
695201762253369346
694925326820995072
694925059950039040
694841363565801476
694792321091686400
694791807750815744
694156057875185664
694155772763181056
693450275244371968
693028197546528768
693028088943394816
692748067523727361
692747634470166529
692747473371185152
692747066955714561
692747009372078080
692431504220295169
692003832189095936
692003069941452804
692002937053257728
692002859471233024
690928212876984320
690219246270464004
689763012379549696
689497560055189504
689084534177017856
688037740089311233
688035631969243136
688035406953230337
687692291117559808
687674901860347905
687674617633337345
687674563518443520
687674365488529408
686959266335473664
685735665850544128
685450377165193216
685450154279854080
685450063053733888
685388821882662912
685089407360217090
685089343615143937
685089251399188481
685089057735602176
684738912229666816
682240808242798592
679981034096734213
675956156536332288
675015852517928961
674493494690512896
673957577550639105
673957515667898368
673957378107301888
673957304824422400
673778393486336000
673777987729416192
673605527205752832
671589430491222016
671332016038813696
670148989820542977
669773808618897408
667037359586811904
666943613897674754
666320813507911682
666320493792862210
665890007647920129
665848699482939393
665433994255802368
664453141073682432
664091945191538688
661815628270014464
661450215241707520
660836256444768256
658681220444868608
658635863023337472
658550222126215172
658549952810000384
657815072488738816
657440443836317697
656735086403059712
656734928101638144
656361435816181760
655646351125028864
653246629571624961
652746705327267840
650281294526611456
650281132194463744
650211147539464192
648973499390926848
648973356096724993
648973308533321728
648965631702908932
648965571971825664
648965438332891137
648965381919518720
648965311904018432
648965251032031235
648962184236670976
648961930732957696
648961820829593601
648961757596262400
648961684091088896
648961465848868864
648961273422577664
648959394626076672
648959258906783744
648959168414654465
648959123753672704
648958967096459265
648958878491799553
648958769473421312
648958681485312001
648958608886120449
648958443903143936
648958252500262912
648958202017644544
648958122938253316
648958062389280768
648957987432828928
648957917631258624
648956291185016833
648956271530496001
648956241750958080
648956223279210497
648956183915663360
648956160096239616
648956136901734400
648956116681007104
648956098096066564
648955729311887360
648955686190206976
648955644213637120
648955578891534336
648955463506206720
648955423681327105
648955390273712129
648955356895412225
648955334397140993
648955304621797376
648955280626188288
648955255712034817
648947936563470337
648947871761481729
648947755575083008
648947723694174209
648947687845416960
648947421544873984
648947288899997697
648947267714596864
648947220276973568
648947194733703168
648947161535774720
648947104031879169
648947077905559552
648947035824111616
648946964160245760
648908118773080064
648892328732700672
648892257446268928
648892207806709760
648891494879899648
648891403657998337
648891347345260544
648891230735204352
648891193070366720
648891116750774272
648890746997723136
648890712612864000
648890558014992384
648890413298937856
648890313919045632
648756146359111680
646930485541740544
646051498070274048
646051415111110656
646050078722031617
646050010174476288
646049705613500416
645623518902775809
645594610929127424
645594492943368192
645594102025834496
645594002096566272
645514068665737216
644969294753886208
644959742641704961
644959724446818305
644959709338976257
644959677344649216
644959655773515776
644959062430470146
644959003601203201
644958823124467712
644958792636104704
644958444236226561
644523534971179008
644507162132226048
644506884267974656
644506820669775873
644506754580090881
644482843222122496
644482797915242496
644482696199151616
644482633896980481
644482595552653313
644482539898408960
644482496650964992
644482375574028288
644482322079850496
644072138622803968
643771001965256704
643770748780331010
643758040794144768
643757943335317505
643755343969939456
643755267465867264
643755193943883777
643755129842307072
643755018395492352
643754911012884480
643754626932674562
643754580585672705
643754533575856128
643754403548237824
643754295494582272
643754188435025920
643754018972528640
643677818975571968
643450063847563264
643389183013339136
643389168236806144
643388790082568192
643329795300814848
643329330588749824
643329275026780160
643162120192921601
643161703119765507
643139500781240320
643139377212837888
643127421928120320
643127400654618624
643127337899442176
643127285411934208
643127237986906112
643127206676447232
643119693763637248
643119664181157889
643119649501118464
643119622103912449
643119600192880640
643119584804007936
643119532610035712
643119453178327042
643119284839972864
643107491593756673
643107413491646465
643107200236437504
643092409442807808
643092380405661696
643092304937549824
643089373727203328
643089256743858176
643089208421294080
643089141190758400
643085457815916545
643076884272672768
643068946791403521
643062348027199488
643062279118917632
643062194813431808
643062045521408000
643054576564862976
643054557979934721
643054510986907649
643054491722477569
643054449947246592
643048368588111872
643048311138742273
643045269446258688
643045252341829632
643037233944109056
643037197831118848
643037147281420288
643037054184648704
643037016196780032
643019861988388864
643019685710139392
643002830358474752
643002771831169024
643002676729524224
643002648812199936
643002556206174208
643002541052166144
643002526548275200
643002495669784576
643002467089805312
643002346352607232
643002253348089856
643002191066845185
643002174818156544
643002150109478912
643002132682174464
643002110234218496
643002063635546112
643002027317035008
642961330312491008
642961310758641664
642961287962599424
642961269771882496
642959144820019200
642959109051019264
642958951500369920
642958832436682752
642958805697986560
642958762668617728
642958674718294016
642958539997192192
642958296333307904
642958266440515584
642958252360224768
642958223184674816
642958211901997056
642958109770706944
642958049318191104
642958019647680513
642957983203377152
642844998040485888
642840596755927040
642840552573128704
642840528086822912
642836337180213248
642836162210627584
642836162210611201
642836045558607872
642835810203607044
642835708026163200
642835649066856448
642835606041690112
642835519794249729
642835463041097729
642835425724395520
642835310636888064
642835275962564608
642835247994957825
642835218391506944
642835190746873857
642812652088098816
642812628419674112
642812597599883264
642812570961899520
642812546257391616
642812525000663040
642812491957960704
642812456876818432
642812434273726464
642812413880967168
642812370000216064
642812344016482304
642812319634968576
642812291075940352
642812276928589824
642812252857438209
642812227825860608
642812159026704384
642812146854834177
642812127623954432
642812086767230977
642812066647134209
642812043838521346
642812012859387908
642811943359774720
642786214333022208
642786183341305856
642786164173336576
642785993918152704
642785956785975296
642785867422109696
642785851177607168
642750559636865024
642744698675822593
642744525228765188
642744425039405056
642744331783262208
642732170679853056
642721061545578496
642719906270724096
642719832287412224
642719607116050432
642719558508412933
642714529168760833
642712482952409088
642712445476315137
642712253578481664
642712225896132608
642712117242691584
642712087559581696
642712057561907200
642712018273837056
642711993175154689
642711923860066305
642711879639547904
642711838912835584
642711814418100224
642711799314411520
642711782734319616
642711745174355969
642711722197938176
642711616363102208
642711219963588608
642711075595661312
642710922402906112
642645647737262081
642645608856092672
642645447102722048
642645381277315073
642639527660683264
642639492499787776
642639364435087360
642639302694936577
642639276258271232
642639237993603072
642639168447868929
642638976315191296
642638956404850688
642600795775594496
642600166739050496
642599858197692416
642430713099354112
642429817883885568
642429778520317952
642429720798302208
642429530444046336
642429326089187328
642429249798938628
642429190575423489
642429137857216512
642429074363817984
642340701821382656
642333449416781824
642333369704009728
642333242872479745
642333016107433984
642283632036593664
642279486382321664
642261579883528192
642260585791533056
642259367727890432
642259201457319936
642258915007315968
642258868999966720
642258786695147520
642258603664125952
642258433245343744
642258324365438976
642257887956496385
642052115007975424
642052059550851072
642052028651446274
642051990026080256
642051952826839040
642051930391465985
642051907461189633
641972447487598592
641972416818872320
641972371583311872
641972318760255488
641972267694604288
641972110819258368
641972003981930496
641968478698766336
641968300050771968
641958706536693760
641958636676325376
641958330722832384
641952791137755137
641952655443632128
641952613374803968
641927686194118656
641610712582889472
641610610766139392
641610549013385216
641608111380398080
641589702315909120
641587962510229505
641549318403555328
641339317810425856
641324428450729984
641304004409061376
641227083205709824
641227005376229376
641226930801537024
641217332157792256
641217293842780160
641216492495880192
641148059540328448
641147912207101952
640987103405416448
640987045050089473
640986754258989056
640876160344281088
640875823432626176
640875645652856832
640759448152240128
640759414316748800
640617121521758208
640617082267283456
640617055553736705
640616916428673025
640616886451970048
640616846438322176
640616803585159169
639747880400650240
639747829343326208
639474353294278657
639474018739875840
639471574148640768
639349433218531328
638809730765463553
636879778654593024
631906414106124288
629202950624280576
628818693284306944
627024154420756480
623834524657524736
623828915723874304
619772570963984384
617799456386359296
617799295069233152
608883502734536704
606432242613776384
605427559753523200
605427314852274176
602377216618541056
596199105656975360
596194886912745472
593719611411005440
593666156575256576
592672876534374402
592230154144849920
591868644910575616
590846195276374016
590049633860194304
589334881936748544
587304813702094848
586811616076890113
585333978518913024
584257592752381952
583529013794250752
583157005176717313
579376384079986688
579376263703445505
577168769832869889
574694691209347072
574683773570322432
572791374136938496
566256422510669825
565042906290200576
564850484943802370
561513769990635520
561068617337696256
559286467110109184
553144122739941377
529279874414833664
511460066197643265
507790584887537665
491999755871215616
475675267143200768
475675189070397440
475614162350276608
475323751425671168
475323487188697089
475323432625008640
475323381584498688
474525286902796288
474524232882601984
473542463672827904
467253169278291968
466928855350255616
464523223070027776
463585016048799744
459741102564966400
459721096602738689
457813815250653185
457799266673901568
452435544954257409
447000044722331648
446689445660872704
438269118559449089
437193770807734273
436548371503779840
435097371475578880
433144483543146496
432832890435403776
429607244590637056
428277077310054400
428254491738005505
428250864277413888
428230558292799488
428217621495185408
428217557905330177
428217472324730880
428217337267777537
428130053210120193
428122683151118336
428075445104279552
427916193739976704
425608741199704064
425219563051950080
424939496015413248
422680362125242368
422639624335282176
420103885424828416
416976727248605185
409015110544666624
408719480941182976
408719360891838464
408719313114501120
407176590922379264
405992685842219008
405992663792766976
405376091654586368
405020112261890048
404273919596978176
400894041153220608
400615654778474496
400541736033738752
399897082435104769
399229526980296704
397641444468727808
397641416161390592
395820542395035648
393368297502031872
393321089205813248
393318765913309185
392911474722885632
392684465190752256
391486596912267264
391465043747143680
391464972007796736
391464870795030530
391201336899158016
391194109420900352
391172975447539712
391172942866169856
391172926495793152
391146190697684992
391146029917405184
391145990713262082
391145949424521216
390821512367706112
390726464284672000
390139835987415040
388903929389387777
388733757479333888
364642930159386625
349843883112411137
344817657364750336
343358821542014976
342294191973486592
342293850712330240
339279033512652801
326591664078594049
326406370108780544
326391612047499265
307405648428150784
307394605618446337
302120792357998593
302120642399047680
302120523096260608
302120430125346817
302086275048034304
302086080717520896
302085973888602112
302064378289733632
302064312552419329
302064216775458816
302064128405676032
302064071308607490
300986470167109633
282898466605256704
282860652006080512
282841516735598593
275201961438113793
274842935110012928
256642861657886722
250693019576172544
237165166742085632
237165070952574976
219111514781663233
218700715437199360
217963302691676160
216467190772269056
216166318070693888
215784531079340033
214386327519629313
213982646538223616
213982524064530432
213916474090332160
213915976692023296
213901981645930497
213900113842679808
208208958484250625
207360126112378883
204571089970540545
200616214467330049
193707545418936321
193625778221613056
185760631008411648
185757583401951232
185295392303362048
182480341565579265
182479946457952256
182461056654917632
178118629332746241
178117115021230080
177747889378959360
177747598969540608
177744953257115648
176698974911205377
175235622204747776
175220428791492609
175220273572884480
174813555596591106
174813537187799043
174813352634224640
174813314847744001
174125451344744448
174124947373953024
173695200387014656
173444260346077184
172330252767473664
169390033030230017
169389965774569473
169389755518296066
169029235959283712
169029146175995904
167309721018175488
167296567424974848
163973168346832898
163687274687635457
163187523332485120
163185728220708864
161457668467343364
156390742959472640
156388048463081472
149963361080180736
149962866664026112
146948216573792257
145103889702723584
144096106064785408
142235402542129152
141548230637916161
141498916368678912
141113964682682368
140070803868889089
140070662000746496
139379334854094849
139378468252168192
139347080937353216
139347060263624706
137185954891968513
137180097508671489
136825740212715520
136824681415196672
136774024662482944
136773698505019392
136044426286997505
134582669815193600
134198192848912384
134198166265413632
134197976875802624
133915851815530496
133496549123698688
132476327608586241
132475996048859136
132089576255782912
132058604000911360
132058318255554561
132058030165590017
131374459184611329
130932411210014721
130567298556764160
130261655195099136
129175306941640704
127377621985144833
127361794003042306
127014766249123840
126651517242585088
126645313011335168
125923247823925249
124836938707509248
124836132679729152
124826381560455168
124825501289283584
124492002267107328
124478118785331200
124478064544591872
124135920055222272
124135598587002880
124071901982232576
123670027579826176
122689479239671809
122280246534864896
122279925540593664
121940917765672960
121686657836654592
121686412671188993
121566483808649216
121200135458914304
121189772600418304
121176685566631936
120931413070589952
120842783429898240
120814991950622720
120468282997350401
120467540022530048
119709796743122944
119709692434989056
119709572272357376
119709425895346176
118580920226820097
118580577875136512
118321922143555584
116858714232864768
116492598218211329
115735064943403009
115333220660285441
115332867218882560
115332163460800512
114988539267125250
114988042758012928
114672892184248320
114637250351992832
114637040628412416
114293462484000768
114292527233908736
114292405674582016
113206015486459905
113205951372328960
112106589321822209
112106473848442881
112104547547217920
111753070882467840
111726467716612097
111421605619572736
111056924409208832
110988965531758592
110988746240954368
110717394892238849
110717299434065920
110717202235265024
35884857091424256
35429740051435521
35416645455314944
35402557257949187
35385190079664128
35380155081953280
35373864720678912
35367577488343040
35367070245982208
35364047784390656
35357511683018752
35344166187696128
35340142919032832
35308934357200896
35267979843207168
34719802530463744
34715533072932864
34706981663014913
34702724297654272
34699420314374144
34688128291700737
34686599862157312
34679036336676864
34672506975551488
34665710424690688
34658769304698880
34657207429627904
34653920429084672
34648013725110272
34647702293856256
33942431019966464
33932921815568384
33698576001404928
33691783850364928
33689011570737152
33681461588668417
33676267647664128
33674920290418688
33672697678544896
33663188947963904
33663174423085056
33663090495066113
33659297946669057
33656044584579072
33647492717477888
33642476405260288
33637441852145664
33630638057725952
33623436295143424
33616018081316864
33613517680545792
33608984170602496
33600945267023872
33592878357807104
33586589783302144
33584827978481665
33584571832479744
33575279003705345
33571164508913664
33570884845453312
33570873688596480
33566014935400448
33564496442306560
33290388907237376
33286358055256064
33278040087855104
33277933875367936
33253686889152514
33248376749301760
33238570487652352
33230999332593664
33225458275323904
33222938706575360
33212360151793664
33209212544745472
33196799611117568
33179907580239873
33163043550531584
32953415935987713
32943105611141121
32938570821926912
32933799981486080
32929981537452033
32923986966872064
32921393779712000
32916965567758336
32910383626850304
32906355836715008
32900823537160192
32890321180295168
32886981864194048
32879715673055232
32875653766320128
32869418321051649
32869258358689793
32867357986660352
32861294205865985
32857144789307392
32856095147954176
32845464386666496
32837482743595010
32837388220768257
32649488023683073
32583237607882753
32576837875924992
32568523922350080
32547590465650689
32540929793458176
32532471891365889
32527979271692288
32525100049760256
32508891019350016
32232923855855616
32210735387910144
32204522793205761
32193153981227008
32185126364381184
32182097170927618
32178315796152320
32171014456614913
32164977775218688
32157499415068672
32151480152625152
32145375028580352
32140065203294209
32133910821343232
31405277936881664
31185076309991424
31184228657926144
31095677081624577
31083597385433089
31079383909269504
31070768439754753
31066027366285312
31062267025956864
30792285637578752
30772300273950720
30771543298547712
30762134690336769
30758756413341696
30755207549816832
30749048306663425
30747218847731712
30746623785041921
30734238986797056
30733156617293824
30732097450680320
30727749299601408
30721713356410880
30720497360568320
30717688745562112
30716525786693632
30714688740270081
30709191899348992
30709017290477568
30706621801824256
30705608982269953
30697287881596928
30686611477889024
30686462739484672
30686377951625216
30391079945633792
30383736272977920
30380755653754880
30359843571240960
30347507917660160
30343978578616320
30340708644691968
30338690240749568
30335503773474816
30330905386029057
30330521468801024
30330033763516416
30329878528131072
30329773456625665
30327590690496513
30326867160473600
30323285514256384
30319124798246912
30315543936368640
30035695301033985
30016819490193408
30015313621811200
30007416045182977
30006246622887936
29999732541628416
29996171795636224
29996027817754624
29995218979790848
29994167195144192
29991154049093634
29991149804457984
29988956724535296
29988931281887232
29987863022018560
29984729738514432
29982695211667457
29982599849967617
29980990172569600
29977809782841344
29966922770546688
29966083544842240
29963945255116800
29962957806903296
29950777543892992
29950131033866240
29709638932893696
29689932893126657
29687392516444160
29684120590229505
29644628139450368
29619948003262465
29614812912685057
29607630439710722
29569162502209536
29457126682267648
29357467590725632
28951040468455424
28932168306663425
28930657639997440
28895423817056256
28884882763554816
28883221936603136
28881583951839232
28874034892505088
28873160145248256
28872251969376257
28866344032149505
28629179033460736
28625647882469378
28619609951182848
28611091865014272
28606523315855360
28587908323606528
28581723390349312
28580247792259072
28572733939908608
28570878727950336
28567597100306432
28566843962695680
28557725474496512
28549151662804992
28546378904903681
28542626915426305
28538141396705280
28537067990417409
28534032316764160
28483791509004288
28240448929660928
28225405068509184
28214941831925761
28197340212895744
28183489769635841
28180187451494400
28177699746877440
28173181000876032
28165142881509376
28160086912274432
28159861875281921
28153570410897408
28152552100995072
28151155653615616
28150186110885888
28149264064450561
28146912980897792
28145959858872320
28145796893376512
28139634768744449
27861247122739200
27848365261717504
27825213869662208
27816869574483969
27815863667138560
27808877978320896
27808608225857536
27778450836160513
27560629086715904
27495478006382593
27450074946605056
27447852552687616
27437362120237056
27429014855483393
27410061299023872
27408881592303616
27406149712084993
27404111687188480
27379917721174016
27371643605098496
27364880394747905
27155210543566849
27143953706917888
27143778515025920
27143615750873088
27141625620729856
27139857339912192
27131974963437570
27131711535976448
27119600936161280
27115343872790528
27104142006685696
27099844849963008
27092577425563648
27090927432499201
27089360050462720
27071256834613248
27070982254493696
27066270692147201
26052442500112385
26035975469666305
26030807130832896
26025785886253056
26020942186549248
26008161043357696
26005906927915008
25998014468329472
25997273011851265
25991003575947264
25987604155473920
25977456238268416
25735252391493632
25665977320476672
25663392563855360
25650955944984576
25647211689803776
25647112750374912
25643481502326784
25639714522398720
25639678279421952
25638937770860544
25637798455287809
25628985849282560
25626435024584704
25366822463209473
25366677617115136
25356785623764992
25333772123643904
25328178335588352
25305039853592576
25304803869462528
25256711019302913
24938143924883456
24904283795230720
24902934357610496
24900706087477248
24887479207202816
24626098625060864
24568022870007810
24565508602863616
24550325788614656
23515066036912128
23488175661916161
23479209292726272
23476869810626561
23476355429572608
23472005298782208
23470067966545920
