748795795927814145
748637281917886465
748622229898817536
748607116097642498
748592133599338496
748592086472097792
748531675345223682
687897559562620928
687149262396850176
685323806458691584
682074623375052801
677533747567169536
677522413421113344
676809027112722433
676355265420263424
674634755258781697
673743064238657536
672445224812081153
671720465480605696
671388291556499462
670270880841252865
670114463031427073
669908652078161925
669531028634005504
669395852578979840
667764380235247616
667364260557684736
666860106395598849
663617457748357121
662196330132086784
661909539394973696
661577490331123712
661550953212981248
661294255042768896
661286732956983297
661211295086055424
660865156717514752
660848817323925504
660491435192414208
660458471242919936
659691190028263424
659059538394419200
658986979074424832
658942974634627072
658659420302249984
658606549670084608
658606336779898881
658526114055376896
657874116045873152
657484632464736256
657213421738311681
657108223405613057
657107155321905152
657057929669902337
656723314472194048
656434665302028288
656434151306858496
655787015124860928
654643040007532544
654620307718713344
654351740217618433
654181158406746112
653506403970252800
653506385435586560
653506372454248448
653463037848981504
652710398005669888
652710371606687745
652710362400223233
652710349012008961
652449538209378304
652375744899903488
652331082784747520
652331074232586243
652214863612129280
652214844087635968
652214832930750464
652192516389769216
652170523128913922
652170000187326464
652083566780616704
651990739296120832
651988635189948417
651988613970960384
651988478218125312
651988455413665792
651988417853673472
651988391513464833
651802493257560064
651757202542170112
651757185106481152
651710058472968192
651675863298084864
651651006258745344
651650994774781952
651650962860314624
651650935622516736
651650877640413184
651393215753547776
651326108420472832
651325835815821312
651320717573795840
651071716374921216
651064368579284992
651020493672333312
650953250175217664
650953207519313920
650953126648811520
650953095489392640
650953063583326208
650739256864862208
650549896760549376
650549242289766401
650549147666255872
650390230525054976
650377041355739136
650376907620397056
650376901123420160
650346231768551424
650332005658324992
650326867224846336
650166530236243968
649948721229135872
649948711607398402
649948694855335936
649948661288300544
649948646520193024
649948633815650304
649948603566321664
649948542543360000
649939417881161728
649640802063286272
649640788893151232
649553436229410816
649518237386981376
649518079127486464
649518029328547840
649182785597538305
649168293929054208
648898398725242880
648727447509188608
648490081884352512
648485885944532993
648476714247438337
648474808653508610
648454429398532097
648392993888579584
648392958543171585
648392458431148032
648141106752847872
647785183819620352
647378603991142400
647376855620718592
647374381065236480
647293370323202048
647288954656440320
647283970804047872
647254864771223554
647244719253159936
647085709409452032
647031324612521984
647025997800312832
646971786370768896
646971727960932354
646971645580591104
646971603679490048
646915634601705472
646683770498609152
646673380997906432
646664977076629504
646658856412684288
646360902241882112
646308101465894912
646253103608676353
646240073021681664
644511171698003969
644183919483490305
644163944609742848
644118372108664832
644057546597097472
644013758260641792
643846838076882944
643809068952358912
643752766691631104
643744133631246336
643739517434724352
643704364121522176
643703743872036864
643430287553261568
642321778044375041
642217316785242112
642214391920861184
641862939515953152
641581269646635008
641538896862531584
641536080974491648
