644179396207611904
644179215139520512
641648035500421121
641282246318551040
639110804164382720
638738379572547584
636929337682345984
636575493886750720
635844606836404224
634768552894009346
634417680708014080
634036184503599104
633696307270565889
633303907960119296
632982686500388864
632218423909478400
631875008982183937
631499274639904768
631153927241633792
630781347460591616
629316511107145729
628966549206904832
628595430398410753
628595406650277888
628595385443835904
628592271181529088
628229165838262272
627144000563056640
626794655531687937
626425578904645632
626425510873010176
626425350226997248
626052368195457024
625701099236782080
624248442777284608
623881259735879680
623514888908881920
623165741139824640
622805627253854208
622100738223665152
621372331345088513
620624680848723968
619906516376645632
619532527565340672
619171871582326784
601843531410501632
601506423881789441
601157642711478272
600407221848117248
598660731635040257
598660080867803136
598200212234969088
597889627798839298
597768151179403264
597767847398481922
597602429983535104
597587032635002881
597582388374437888
597581584057966592
597577189429780482
597577083787845632
597540403307384832
597520703873646592
597410359423696896
597406927270850560
597406729287168003
597264284750585857
597174270217756673
597166530472779778
597166504430280704
597166278537707520
597166089701720064
597121701705461760
597121560671981569
597106488113438722
597069132924735488
597068979182534656
596851386198970368
596851200311570433
596803330019610624
596762312897212416
596762183020609536
596762165677203457
596759964745539584
596744698418634752
596744544957378560
596739306074439682
596723632719564800
596488420207132672
596461102273208320
596461025181900800
596445191617191936
596442236021252096
596413600190726144
596411721390010369
596404162377613312
596397071231365120
596396731031400448
596127961868144640
596124853846945792
596112453475303424
596094630397018112
596093029447901184
596092750937751552
596089414217965568
596087579130236929
596085051248414721
596050940890718210
596050851317161985
596049362720935936
595754928255078400
595718931320561664
595718847979757568
595714305942802432
595698790469869569
595432901954572288
595431376284966912
595392525151535104
595387258972147712
595379039184916482
595365938943250434
595365611095465984
595358318715019265
595356124720672768
595329245620015104
595303142067019776
595273528632475648
595273037554978816
595070955724021760
594685823540338688
594298853391667201
594286075540951040
594282722719236096
594264632325341184
594196800690520064
594192837228408832
593990775739850752
593986081193730048
593985969004511232
593985775747792897
593985142030401537
593984884420444160
593980882735628289
593978314361942016
593971036145647616
593965217052143616
593961394212446210
593960635399974912
593958027364945920
593956183041413120
593955284613074944
593953185804324865
593949361505075200
593948037388509185
593947771679281154
593941493867417602
593903301504045057
593898224735227904
593872050374094848
593859464299548672
593813377434025985
593516595881750528
593516530542903296
593192846577958914
593176323100553216
593176113620254720
593148081694068737
593135681032957954
593114555917553664
593108803769356288
593098254486609920
592848485872984064
592766797880926209
592748990434824192
592440811188408320
592440707689877504
592402732138438656
592397120331649024
592396953826164736
592045056283967488
591750636737200130
591743331194933248
591729442403192832
591675389652508672
591675312926130176
591675219368026112
591675046982123522
591325189142491137
591016488313585664
591010654758113280
591010349572227072
590935199770234881
590732242076434432
590731869504856065
590731792979795969
590731681704890369
590671328358834177
590671264261484544
590662472908070913
590596508652797952
590596413521788928
590299786391064578
590296757889695744
590230936974819328
590189696602415104
590035378335141889
590006245681008640
589975726582960128
589963048967770113
589959159992307712
589959088852709376
589955739776471040
589955397735227392
589946511665926145
589861798565679104
589188232190898176
589185083963088896
589185064874840064
588853085239377920
588821152203542528
588820914306813952
588403473231691777
588035456794787840
587769335478820864
587745668728389632
587744624736763904
587685964333449217
587684203111649281
587684088284217344
587324680429678592
587324618278506496
587324532161060865
586593891937189888
586291404378349569
586291311407460353
586242285089628160
586235757066608641
586235743225380864
586235420020764674
586235341260120064
586234283775393793
585924640544989184
585892343787626496
585886715413274624
585524792691990528
585523882523766784
585194795724738563
585138166396489728
585138003082928128
584945659838500864
584040823668383744
583381219615723521
583372618759163904
582600064243138561
582599955006648320
582599811280449536
582583359412436992
581162258673217536
580782301929287680
580444889957187584
580434041251500032
580431997660737536
580059225927221248
580059151805456385
578701627734949890
578592241100283904
577972086066442240
577520991812759552
577520036379676672
577195913673764864
577195746622976000
575722516439699456
575704941358022656
573194198515511296
573183482794397696
568460456668454912
566434890741059586
566434764895186944
566432698315468800
566087368336093184
566075970663100416
566075885967507456
566069328940769281
566046709621342208
566046677421682690
566046631653437440
566041342434766849
565691968655990784
565596290365804544
565596277011140609
565596266990952449
