601848260836229120
600711863706525696
600415452783742977
590305176960929792
589223109103845377
589096029540061184
588790281832566784
588733613123862528
588376750918242308
588008842832642048
587646480275517440
586921672516575234
586589535066136576
586258018528055296
585883715894546432
585864703152295936
585599011735875584
585598654578302976
585593706927026176
585547924144332802
584767314689560580
584022605104947200
583328039347445760
581848323088216064
572259203680583680
571132002084261888
570304472855015424
570040503682469888
569670555726536704
569650480252497921
569645454331244544
569645047668281344
569644929338617856
569644483190530048
569289982679982080
569282403966939137
569278759271931904
569278712442564608
569277420139778048
569276970631999489
569276354480328704
569276279406469120
568915405047074816
568913292783022081
568910903095095297
568909359595388928
568908410197921793
568907613255049216
568906567896031232
568905714480996352
568905312121393152
568904020401590272
568903753555800064
568902340217942017
568901947807281152
568901283345620993
568900466731458561
568897764307832832
568885363189555200
568866206125420545
568849864894722048
568849162785026048
568849112705077249
568844316203884544
568843630154100737
568843598076096512
568822435400720386
568821330176405505
568820013097840640
568809980456935424
568809749585592320
568809703628611584
568808909265174528
568805888082841601
568676791524528129
568655716690452480
568655129093603329
568608994085830656
568608944014245889
568605953408389120
568604598211993600
568603151630102528
568601406086590465
568592332531978241
568579695475687424
568570798526431233
568563114662236160
568556788729057280
568549817552539648
568533899761954816
568531095236378625
568528244380553217
568525703328571393
568522216813408257
568518102859653123
568517159933992960
568515851957112833
568513782747500545
568510304201478145
568507541350584320
568505563773943808
568490539697491968
568484153462808578
568481270705078273
568476158393782273
568459784308924416
568459660040077312
568459183890120704
568191240883187712
568191230238003200
568159471597301760
568153454733950976
568134816513699840
568126116067545088
567864038786355200
567856978526994432
567856730807267328
567851034241953792
567850514517336064
567847337776672768
567834410948513792
567794052264914945
567759348350382080
567759320150847488
567421144408391683
566717167605792768
566368995754782720
566368061016391681
566353805847965696
566350446751526912
566349590463393792
566349117060685824
566348646027771905
566292533198610433
566021634251698178
566009376150786048
565959297566126081
565958881218539520
565945650424987648
565942455241949185
565940850861957120
565939095679938560
565690067390590977
565679450663452673
565679357231108096
565677322289041408
565677272443912192
565276975405989888
565247152129982464
565245887954186240
564970827624374272
564514022595121152
563816101520240642
563798534894260224
563562208466976768
563441496624340992
563440952753127424
562698309564104704
562696561285943299
562438575690485760
562434003118993408
562092128885424130
562085732945108992
562072226099261440
562064938802216960
562058808462036995
562050362526281730
562042250843004928
561008527888900096
560571577087979523
560500216546095104
560437557801279488
560240925536817152
560177095238623232
560176942565957632
560175801920782336
559897550266724354
559895324139847680
559825030305951744
559824184381939712
559823885013491712
559822113758932993
558333317536161792
558052943795355653
558052007903510529
558047126769647617
558047116237762566
557294248693751808
557293703585222656
556177511055253505
556161928586747904
555779020617302016
555762130331246592
555510788618612736
555510629776125952
555508935575101441
555508644372959232
555508598260764672
555508430073364480
555439489493905408
554840025725022210
554835922076696576
554830950740144129
554827701094060032
554816853529227264
554814258102288384
554451280400113664
553372629118095360
551480618819665920
551479770383261696
551479690188189696
547839603802001410
547565809497673729
547178205782614016
546074977766621184
544899639040692225
542817376215891968
542804255191486464
542797604229091328
492478065373491200
492477971450449920
492449612146671616
486593068905156609
486274050918842368
481847552409485312
474714405624487936
474696893390266368
454337115040382976
448954046276059136
443060340796817409
440658408752939008
440539605943595008
439513162602143744
439463766283923456
436281040844234752
436271890575802368
436264498748354560
435928901856948224
431173133832167424
431146285479890944
430082370746605568
429752447116918784
429751771271950336
428977399683108864
411234248205410304
408690971556077568
402499698629439489
401470706480726016
401435339975172096
401108492557099008
398525205007462400
395648867548409856
393435392017313792
392704152641351680
392445948632121344
390886602785824768
388427887390367744
388033931049578496
387390891037442048
387358719865921536
385809814032379904
385800162733346817
385543471311749120
385526820885393410
383296956732174336
382935182933643265
382231377782923264
380043895901409280
379742705036718080
378221907075538944
377915558970552320
374973861491924992
373156093217628160
373152731273232384
370641414247288832
369999341617827840
368442549494509569
368105574333812737
368072268636639232
368057228214804480
367449281688379392
367399455240097792
366999051155156992
366258694935162880
365951657235841025
365894407976787968
365532912050896898
365531522809335808
365172064778326017
363019202048700416
362990035567521792
362611390797713408
362242527560081408
362011858129006592
360555219001671683
360448662851170305
359784357491253250
359784075076186113
358349551863750656
357241333871681538
356910443475906562
355449074767495169
355447319619047425
355423908423413762
355404124172464129
355095251813277697
354764630767308801
354758501496664066
354689830824853504
354365643476303872
354360355637559296
351859975129272320
350721215532498945
350676010972364800
350348225804382209
350028994697101314
349981283406974976
349634210857889794
349599002188201984
349273023100096512
348196028211687424
347844590511996928
347803159424561153
347433674351984640
347412067646590976
347137839756091392
347111975395921923
347049126497763328
345627643607138305
345585865076113408
345352762466390016
345232784178180096
344903328586686464
344898069818650624
344870562075639809
344553638754140161
344536530804674560
344234995054936065
343085978036084737
343054456713252864
342725797330694147
342696907723907073
342438997982855168
342319859868241920
342039685473898497
341694552140283906
340210965591228416
340210280300699648
339876058335678464
339849776667430912
339797738617196544
338027942103879681
337683435017613312
337334664937209858
337318851727486976
336964672441942016
58694374233616384
27974701515014144
15191360025923584
13361337698615296
12281377361760257
7522191881019392
7211911334592512
6847357475889152
6846878096293888
695647149756416
29409608108
26099014223
25718429465
24612888755
22914186741
22841933353
22841709502
22822084043
21448560421
21085187740
21081405990
21006448573
20990719692
20821548854
20817834508
20810840226
20810455562
20243127069
19948189512
19947316929
19784518783
19782830985
19359747151
19359548488
19299362158
19285322190
19024909514
18951013642
18934751622
18934476825
18644696929
18644589952
18632526330
18632494346
18632488251
18560895940
18560877954
18259529332
18167855401
18167842661
18143720136
18143457155
18135527888
18095780549
18071621649
17994964454
17994931411
17994908616
17994890235
17992771259
17884802528
17884769120
17884724826
17883681067
17882497366
17845142217
17845025986
17594235553
17593383532
17590433552
17590362897
17534368121
17530071149
17525080435
17524953746
17524882281
17524825761
17524759825
17511981523
17446508246
17446089635
17445904589
17435767944
17434772677
17432094565
17378945241
17377449894
17376492350
17376212834
17375545358
17369686479
17359784245
17353294963
17350772307
17287515061
17285948992
17284161924
17269655385
17269034621
17188536352
17153370818
17152043996
17150083190
17147193907
17142450204
17141865328
17137208690
17039965500
16974237731
16966723970
16966214667
16952115187
16946818049
16946749318
16892117624
16892055759
16892015832
16890581958
16889642229
16886941439
16870393787
16866493424
16866436323
16866375159
16804139993
16803856377
16796305623
16788394218
16785366543
16750190380
16750143439
16727138522
16726217735
16720446974
16718601501
16718454307
16510901757
16492357368
16491919311
16491293049
16490525446
16484900649
16452605676
16425753834
16408214059
16407863053
16399600090
16352665982
16343496089
16340441784
16339661202
16338511779
16324053232
16323598804
16259641417
16249466830
16239650925
16187364981
16182535484
16168010178
16024671856
16024345893
15981743880
15976818426
15972257891
15967684121
15965021764
15961607502
15955649214
15953934259
15953601171
15953004426
15946191457
15945685789
15887276684
15867609050
15822622064
15794327250
15765179487
15756250338
15755528574
15747385746
15742868221
15742643966
15729095611
15723068217
15721197449
15669939078
15653004429
15649054537
15645476821
15451296080
15447128853
15437685126
15433376799
15430638380
15378011703
15356992984
15353426859
15353112106
15345932920
