831548584738713600
739562472189792257
739487154259165184
739124657417117696
738761468384972800
738533790386028544
738490393365348353
738408599509049345
738112639595732996
738083497462489088
738034749524955137
737674723765583872
737025735257251840
736950240348012545
736587858098540545
736225474045562882
735938574860722176
735863078223372290
735576201188675584
735500690441699329
735138314576003072
734896715002568704
734851414250266625
734775915893248000
734489048555737089
734413948359823360
734126666285359105
734051387797999617
733690790501711873
733328771575513088
733037770269040640
732963507717558272
732605578606837760
732241342047256577
731952312688631809
731876938910814208
731514697476755459
731152666823254016
730790184011235328
730495234128273409
730427310831112192
730073578079543296
729793161782919168
729705950651633664
729438836367851521
729385431242932225
729332576721063936
728972874967490560
728628723361058817
728327902542991360
728255832232583169
727964725363937281
727891591310888962
727533229599674368
727241097487912960
727167509770555395
726878898571501568
726803429255868416
726516517857157120
726441076572061697
726082944343760896
725715852318760960
725426597147222016
725357370033889284
724998378954711040
724632347241410560
724342218178191362
724266739186290688
723904373189804034
723543056113274880
723251106139111424
723179661623087104
722927851050172419
722820424384454657
722456936663220224
722097122728783873
721805482311036928
721730028212359168
721367654104076289
720649315979370496
720354209778937857
720282748540157956
719935333375184900
719554577738018816
719312776200519680
719200792201138178
718838447767560194
718470782557376512
718178104670158848
718101392678752256
717745286982938624
717503015981166592
704424681227464704
704424632229634048
704424433633464321
704424415677657088
704395748058607616
704033347102576641
703672086624018432
703401572072460288
703401458226434048
703401328937074688
703400955262296064
703400906239266817
703308577163718657
702946180477497344
702914068164640768
702911841823903744
702911686596915200
702911052590153728
702651227562049537
702651106845859840
702651094900473856
702554958931972098
702554885657534464
702554855085207552
702554394072449027
702319977169170433
702319968050753537
702319760587911170
702225841002905600
701988428817117184
701942283940134912
701904366584737792
701860423612522496
701825884718641152
701825811972644864
701825679009054720
701825634499047424
701825301735604224
701551855675973633
701496697688489984
701480391631187968
701480326258757632
701480291211223040
701480221967413248
701245171791298560
701244881067347968
701244352450793472
701179585480687616
701136906868752384
701112805353586688
700876463541608448
700876040676122624
700855925028974593
700837029307781120
700836975150964736
700836886701412352
700836846092177409
700819540549079040
700794825944092672
700777005537595392
700711894324129792
700551267433598976
700548930946248704
700548700402102272
700530988657430533
700530950048854016
700530868436148226
700507579814776832
700501016693747712
700464603155697665
700358377243676672
700334207382343681
700047165079465984
699775373043630080
699685236464971776
699459935109709824
699459866713141248
699370927008518145
699367680290074624
699338406749278208
699337103407079424
699336188637806592
699336114000138240
699323979161415680
699287165428043776
699286073357172736
699285853487534081
699283726891483136
699039381470863360
699039253431332864
699039185039065088
699005225156251648
698962437911937024
698960690015436800
698768820081553408
698743305480204288
698725760375218176
698725585325920257
698725556045508608
698725461853999104
698725182391742464
698724841994596353
698724834042220544
698724596279693313
698724573139718144
698724510397128705
698724346521591808
698700441790513152
698700327776747521
698682491331215360
698681159761289216
698681056203898880
698644277723680768
698602785281970177
698593038646378496
698592957981536256
698592873315377153
698538942979665920
698536069998903296
698535293784182785
698395127719407616
698384150227595264
698384067692113920
698383969629241346
698375976279904256
698375349894139905
698375173020385280
698375027457024001
698374966186627073
698374898452811777
698374546345164800
698374417139675136
698374365709074433
698310691715837952
698283495538499584
698283449401081856
698274909466730496
698265434471079936
698247430215770112
698247001339592704
698237303072940034
698237249125744640
698235849041956864
698235586717622273
698235231439028226
698235185431736320
698234901087313921
698213844888334337
698179203456315392
698178539040804864
698146058958811141
698017818848047104
698017663809785858
698017509199351813
698016785803513858
698016147061354497
698016100559118336
698015803522678784
698015621053689856
698015585494433793
697933471742763008
697895228535996418
697894922318254080
697807366901792768
697806732316188672
697660937684152320
697660754372112384
697632320338067456
697632059632660480
697631865251868672
697627427736915968
697627072236130304
697626880556400640
697626810649960448
697626724280832000
697606908731985920
697606874263220224
697604120442613761
697603860517429248
697603802417885184
697603731156643840
697603669571731456
697571563730669568
697555825930276865
697518702946701312
697511032810418177
697511012979724288
697510941701701632
697475475069775872
697444476441104384
697443537445457924
697442255582269440
697432129123160065
697431869420208128
697253877435871232
697253379412664320
697253064730943489
697252888893132801
697238642373177344
697233674824069120
697197404164984832
697169696160808961
697149363668197376
697149103302582272
697148323166158850
697148264068419584
697120885530976256
697107739126796288
696932694157041665
696924772333187073
696920086129549313
696919347734904832
696919263383310336
696919137373663233
696918863229784064
696918760817463296
696918666806321152
696918547096846336
696918508756537344
696887973254549506
696887128102293504
696883363055964160
696880292892536832
696879569769361408
696879291166949376
696879158379458561
696878074005057536
696877485691023361
696876038169604096
696871653796507648
696871422098997250
696870692600414208
696868087438544896
696865767204065281
696865727689535488
696863213636362240
696862902339244032
696862801277513728
696861454075441152
696861399046205440
696861298584190976
696860328303284224
696859733412581376
696859658955304960
696858712481206273
696854220935311360
696850372611026944
696847491401064449
696846276483153921
696836778339078144
696834272355745794
696832304870608897
696818029238169604
696784813496229889
696508488420188160
696468537641009152
696423291397890049
696394612131254273
696121788758011906
696115890614472704
696115640675934208
696106807559790592
696040768973082624
696039886734766080
695839825249718272
695818207936917509
695818037211992064
695804661547159552
695804634737147904
695804001074302976
695803346095992834
695796605069332481
695774164234297344
695769222891180032
695766430969540614
695755997416062976
695751767473156096
695669067911311360
695668799127707648
695665447413399554
695663650674114560
695663587357024260
695647757134991362
695619905396146176
695497988001570816
695497874801471488
695497245458722816
695466779288555520
695465777672007680
695450689133084676
695450401940705280
695450123774504966
695450098902310914
695449587281080320
695449309408399361
695434376201445377
695422016736751616
695417935175626752
695417764605882368
695417671492325376
695317255190638592
695305689053310976
695123002636111873
695109843296788480
695109362809905152
695109319688265728
695109168009596928
695088578234159104
695088471740780544
695088391382106112
695088241557409798
695088152927547394
695067655590563840
695064336134443008
695059463452127232
695057607900422144
695050631300669440
695043461616160768
695042256693284865
695038303872143360
695028142084374528
695024198788452352
695016764724396034
695008603762139137
695006596418502657
694988614749462528
694975630614536192
694941825321328640
694921574445506560
694906589170413568
694900970761814016
694749745919586305
694749475059814400
694741773717901313
694741490875002880
694741359073177601
694741342937702400
694741193419128832
694741166852407296
694737582236643328
694733133757853698
694732658379661313
694732592231223296
694732534203097089
694731795896512512
694731764258869248
694713768111001601
694686694310678529
694685828040101888
694640070519750656
694573061366898689
694298945326030849
694298662659317760
694239657530257410
694222536012226560
694203615737581568
693976669489500160
693893477130588161
693893452757495808
693853154463449088
693624377829535744
693623900878434304
693622621158580224
693619430471766017
693617747264086016
693614709325467648
693571887721422849
693571428512190464
693569657618366464
693482114293968896
693272002031779841
693271552398225411
693268819599450113
693252373427286017
693195036586938370
693190643124822016
693179808365187074
693179644288176128
693175872212197376
692957893855944707
692956445504114688
692955187347066881
692954955678875654
692827007118225408
692798825094774784
692795031216730112
692743936641671168
692583493478449153
692582943223451648
692582847421394945
692582725417472001
692553099127472128
692552076396793857
692551693456838656
692489089292079106
692157303752167424
692156559770673152
692156535112364033
692115621249687552
692084274481090560
691880698693750785
691879616693301248
691879185158119426
691878471929348097
691871086561075201
691859426651828224
691841168276078592
691841101813174272
691838902961840129
691838826478698499
691838770107305984
691837225470922753
691833920304713728
691829723786264576
691827587719544832
691824919869571073
691824559411089410
691824129914376192
691821574312312834
691819445564608512
691819044102631430
691819024733343744
691815623895191554
691807354170515456
691806670377349120
691806581663649792
691804279326142464
691803285628588032
691799107606855680
691795388060340224
691788775228379136
691749354990804993
691743915246944256
691736773173518336
691700516548554752
691353124489920512
691040968317865984
691040804383494144
691040301771665411
690991814908604416
690773543110373376
690741575421276160
690741493212917760
690740846371549186
690740398940008453
690740277665894400
690740156890906624
690712951339151360
690655340258398208
690625026903568387
690404690278891520
690404574675505152
690257590106791936
690023401793007617
689970902163931139
689934051516350465
689933388107517952
689537897129635840
688179300101562369
688099496979349505
688088436364857344
687888007395803136
687887612527296512
687887264098029568
687824861859680256
687801473279774721
687801455969882112
687791234665025536
687420537262321664
687063944540766208
686784967683125248
686775876613091328
686775476161937408
686770238084395008
686767099818070017
686754826806366208
686744663168921601
686744481543016449
686743809577725952
686732368720220161
686730147446169600
686725754600566784
686724795254243332
686724526764236800
686721746439766016
686720979540639744
686720157322903559
686719402146856960
686718543300173824
686708163819614208
686702875343388672
686701916173148160
686261276603887616
685551667652112384
685252771365269504
685252673671573504
685174421888208896
684192659070570498
684177576164589568
684105065225846784
683735206876991488
683697983100092416
683697826971308032
683455793023315968
683412089008951299
683346563503157248
683189108479410176
683135035688394752
683103736290504704
683103471629922304
683102744790589440
683102736922112000
683102697143275520
683102677778206720
683101464378650625
683095888898609153
683087851311894528
683083459066261504
683083093746552832
683080706059300864
683079025221328896
683078889996959747
683078448403857408
683077540513120256
683077511979380736
683077337106243584
683076709533532161
683076665979875328
683075920710664194
683074398677516289
683073745951567872
683069352262893569
683068461841543168
683064244145786881
683063959511941120
683061909109608448
683055544458854401
683045110234255362
683039125176451072
683038754190131200
683038304393162752
683038200827408384
683007995618263041
682999654812758017
682999495370539009
682991259703709697
682990948763217920
682987113361588225
682986940736626688
682986707445280769
682986656396369921
682986415337123842
682986008753876992
682985767375867904
682872498770194432
682858854162370560
682858157618548736
682835959411392512
682803532588711936
682779552771211265
682763219409059840
682753452754141184
682752154566696961
682701416998256640
682668773430673408
682637413097680896
682615030387326976
682275063370887168
682074350657261568
681535208911273984
681172983172349952
680810402620428288
680516215958179844
680490442383753217
680148571014877185
680086106570788864
679728663248519169
679723266135568385
679498797622243328
679393798087032832
675359449364623361
675152643388547072
675036962034708480
667181264437252096
667181221839962112
667181188256153600
667160988756545536
667157167351328768
667145060199235585
667064584713338880
667033836971122688
667033782982086656
666986939871051776
