927945501374320641
918060464009080833
916363545306128386
916363272500273158
916362343931613185
916361922584481792
903654748544315392
893448592169553920
869494641204310017
864405079335587841
844974240000593922
844519150022209536
844519107110354944
842086702365736961
841272988163031040
839137951690928131
837041542581927937
836532565276311554
822132440231739394
818188624479002624
817422473692123141
803261364445859840
801081893735186432
788679930884292609
784033496931135488
770642946022572032
750645769263284224
721003176254652416
718404451724345344
718056291088920579
716218647195181057
715865173211406336
715862651792932864
715448600424099840
715131532654948352
715121727077027840
714361411871215616
714180225630777344
714165130041233408
714150048410406912
714119843558006785
714104742373228545
714089626185535489
714074543254470656
714059446150778881
714044327408771072
714006571072692224
713817866177359872
713802762954223617
713787642429595648
713772539009368064
713757453091930115
713742337071943680
713727265931075584
713712175932526592
713666839675469824
713651747424591873
713455465179455488
713440378997727232
713425247932821504
713410205539639296
713395101842546689
713379976943276032
713364873661407232
713362798374436864
713349779317612548
713296879845421058
713093068472209408
713078008525926400
713062889511202818
713048153860218880
713047781510754304
713032715772174336
713017577807552515
713002523301269508
712987407872708608
712949649707929600
712942083049259008
712934527560093697
712730706892316673
712715657800916992
712700556641329153
712685426264317954
712677859110690816
712670421452083200
712655327309615105
712640140078809090
712625109651959808
712592071564075009
712582072829943808
712368328241577984
712353285097656320
712338153764298752
712323055167508480
712307978519519237
712302331883298816
712292880140795905
712280716260696068
712277771796357120
712262693114093572
712224859888197632
712217296702287872
712005935682588673
711990865586049025
711980416580853761
711980396997681152
711980370909143040
711980339669954560
711975773788213249
711970357520027648
711970237856550912
711960674864205825
711951858626138117
711945581334102016
711944538974244864
711944522255704064
711944507042963456
711941656296202240
711941635538608128
711941613438763008
711930526077034497
711916107469291520
711900193411768324
711871457375158273
711870633215397888
711870611493150721
711863210593406976
711851088752852992
711851076409008128
711851064790798337
711849262947180544
711824709524934656
711583150921506818
711220754767982592
711160364017188865
710854828801581057
710792465536708608
710167635279912962
709818056135057410
709440551834296320
709046418271416320
708593459972562944
708358214719574016
707986169318019072
707219703400423424
706905063445422080
706419099224530945
706147332157407233
705827174503337984
705357245001940992
705355150232330240
705099687280447488
704997254118187008
704997079681261568
704335350945087488
703618120057880580
702176145488261120
701375887023820800
700727817923788801
700008704796655619
700008509446955008
699996560009097216
699975971311636480
699975922066313216
698808981012086786
698173525920784385
697488218535682048
696730044270563329
692017222454218752
692015522729345025
689525184546619393
685155855071854592
679648649714995200
676361672387334144
674900676321927169
674538310874869760
674537209794592768
674536990092738564
674535641116471296
674274500867923968
674170815680790528
674170177592913921
674169641724469248
673847378072481792
673847219498414080
673847191665049600
673815196780072960
673814000312975360
672827489165688832
672827184315281408
671373180448063489
671282442544816128
671282227762831361
671282161211867136
671282104664252416
671282071990607872
671281490257444864
670572879944155136
670193407164305408
669923656957497344
669895909363326976
669578054730149888
669479218795978752
669109260769484800
669096847567429632
669096831293505536
669096806836473857
668537965845585922
668537878838931456
668494165383258113
668494087251693568
668493902291345408
668368363849060353
668021027885182976
668019139630530560
668019042595287040
668019035402018817
668018995103195136
667990890955214848
667784634852331520
667784269687873537
667784249408397312
667784221486882817
667784168504492032
667784138133516288
667687716264525825
667647234750722048
667645072192708608
667420401966981120
667385336398536705
667379074558525441
667340678666547200
667319286302711808
667251013410156544
667092537761472512
666973062739439617
666969230546485248
666969163806674948
666969086031757312
666655866708492288
666163821942173696
665952443444760576
665227819669155842
665227451195334656
665110125900922881
664921946392502272
664856498158370820
664759036366217216
664467414395043840
663761429615521792
662613527673315328
662613525379072001
662613382432997376
662613330067107840
662613296097402880
662613276359041024
662613256398372864
662613224114769920
662593852579139584
662593802390151168
662593792701284352
662593792403505152
662593741463638016
662593728461348864
662593721486188544
662584931403628544
662583328458043393
662368249661779969
662368166023192576
662368112688373760
662365834938044416
662362005874065414
662361987024855040
662361970180554752
662359186458693633
662358949547671552
662358925262643200
662356542797299712
662356483137544192
662355442132254720
662354946310979584
662353554208923648
662353414647635968
662353094630617088
662352956495372291
662352940200538113
662351970884321282
662351896179511296
662351682752405504
662351499478048769
662350365023715328
662350274082840576
662349446114594816
662348581794394112
662348255292968960
662348224469028864
662348084081516544
662347744414179328
662347364905152512
662346296838258688
662345110550667264
662344969995337728
662344793222180864
662342039229607937
662341530758291456
662341504824958976
662341332518703106
662340158491070464
662340120151007232
662339515131015168
662338118209654784
662337687865675776
662337379697586178
662336745753739265
662335546132406273
662335450410020864
662335270537338880
662333421423849472
662333407029018625
662330669616467968
662329156462596096
662328550398251009
662326862681653249
662322562232393732
662318488325783553
662305920374849536
662298414294503425
662290825129254912
662268240790294528
662260623917510656
662231256587988992
662226853688668161
662221486766366720
662219803394973696
662194383165464576
662192677547438080
662177595014811648
661967432140111873
661955977269350400
661840272930775044
661608783404224512
661525283292475393
661525177952505856
661525162081284100
661524705480953857
661244940278702080
661217666657558532
661167959981883392
661161458395447296
660426049503686656
660395867606642690
660158033184583680
660107874878656516
660073488095531012
660073345652826112
660067444141223936
659836719735447552
659836514713620482
659783566012882944
659750032661442562
659749737785114624
659708921691664384
659707622241804288
659701927979180032
659431067347255298
659430351115321345
659430079534075908
659326051630321664
659315716164853760
659315667246690304
659057247000117248
659056727564881921
659055739294601218
658985399289823232
658758733007335425
658758545979109377
658603615431598080
658603366927482880
657522827252408321
657509407136292864
657224658274635776
657146860499574786
657120815117410304
657120614268981248
656865901120241665
656537035642155008
656536363030966273
656536353748963329
656536062098087936
656535270171480064
656535052311003137
656159464593207296
656120271041142784
656120164409298944
656120076953919488
656021602686103552
655856199909416960
655856168129187840
655856102530260994
655823560179654656
655058326468894720
655038153326227456
654726566878973956
654726512755650561
654634956371677184
654634767938396160
654634646538481664
653608455974948864
653495334811729920
653183786927132672
652438396913123328
652081946692980736
652081285838565376
652049921160388608
651670215407857664
651444775892164608
651443396876337152
651442089478258688
651442058167734272
651442013699710976
651440661963624448
651440635254337536
651440570116780033
651438065420898304
651319377032253440
651319061662572544
651318976539172864
651094072870969344
650991743316439040
650984089982500864
650983905290489857
650983807282229248
650605491912077312
650605204635828225
650604441847119872
650603446815576064
650365127246675974
650365044505636865
650364894529896449
650003791664820224
650001720823517184
649887129737129984
649834728279908352
649834643429175296
649639189852647424
649598855894421504
649596673669337088
649596450263965696
649581347225366528
649580940713439233
649576760569397248
649529256863789057
649513225730588672
649508278989361152
649274632042844160
649270225922334720
649269198489808896
649269141250179072
649264701898104832
649264561309270016
649264520989396992
649264254001020928
649264193716252672
649264131116265472
649263878128410624
649263071567966208
649260063287320576
649216256931942400
649162047465332737
649153876831141888
649149083924434944
649148934854717440
648870271437422593
648819739758866432
648808188817620992
648801757368336384
648505302510383104
648505262630924288
648504907834753024
648504842265214976
648481956099981312
648481945475809280
648481918066032640
648481908104425472
648479934709690368
648479923691253760
648479123447390208
648477998040109056
648477927974285312
648477882268958720
648477874496929792
648477849553346560
648477842464968704
648477811435536384
648477796252184576
648477781127512064
648477772487200768
648477690077552640
648459175840849920
647810859062853632
647441387500228608
647440593375748096
647343171689648128
647324156581822464
647078126242037760
646971330269720576
646700950682501121
644903800243785728
644198937155489792
644173944896028674
644173894048436225
644163851479556096
644143198344867840
644139146504740864
644137784995934208
644136022985412609
643852802314346496
643851999407161345
643477123236282368
643454307979919360
641694040958849024
638762528504434688
636574400221958153
635879065589841920
633636892601393152
633252726147780608
632541661768339456
631770406807019520
630448537491361792
628616710606745600
628141677606273024
624565027257851904
624564996031279104
624564984534704128
624564873926721536
624564866209173504
624564809808379904
624564801079881729
624564637065981952
624564628513759232
624564586952454144
624564577464909824
624564551565111296
624564543428108289
624564511102619648
624564502881767424
624542740571885568
624538166591143936
624513134565400577
624311742240153600
624264529560662016
624235013744279552
624234804935008256
624234438239649793
624234318785839104
624233448576671745
623888706412392448
623853421209239552
623516651779158016
623514865676734464
623447735740596224
623170515897815040
623052291357196288
622059422261641216
622058625540993024
622018948817666048
619235058348638208
619233350973308928
619230727335473152
619230276900814848
619229570781347840
619228536172376064
619227099098935298
619226157699985413
619224327247015940
619203408784961537
619190292177125378
618828768443002880
618828155311235072
618773886147166208
618450289998307332
618450281777512448
618382793224101888
618368879140700160
618097019412967424
618096986101780482
618096972466122752
618096959191150592
618096896188489728
618096883383332864
618096488456003584
618094958302638080
617006490763853824
615560093267030016
615559464331149313
614754651230085121
614114578864164864
614114434802388992
614114192396787712
613297719889805312
612620732015624192
612620645051039744
612620487903064064
611478978218577922
610464738401775616
609013852525752320
608662255425744896
608662078254149632
608371495899918336
608371100679065602
608370954276884482
608369262844125184
608369223409258496
608368422183944192
608333678696132609
608332403682242561
608324426409603075
608324315608662016
608319487952211968
608308033308000259
608306161939554304
608305927217922049
608304930500276224
608303087325990912
608302973781950464
608301691264503810
608298021491777537
608291297317789696
607178771674890241
606493247280586752
606196202917502977
605420787777052673
605385483544371201
603125775139745792
596707030875897858
596651256824930304
587697587559477250
587697560900526080
583656156536639490
583655650321944577
583289496986324992
582276246823911424
582165376118575104
581787853924925440
581531177732866048
581440593840066560
581153702121058304
580715837096521728
580451555830190080
580281680977510400
580067632390402050
580029173034545152
579673972704313344
579598425966022656
579356818725429248
579296472706916352
579274347422040064
579269750360014848
579228471764733952
578903860669911040
578891080604741633
578890151214100480
578890019764568064
578662315169484800
578613943591182336
578609466905534464
578586893664694272
578540881512370177
578527296291737600
578211932068581376
577937518458376193
577893251140694016
577801003308851200
577719466630479872
577719098366410752
577534035754381313
577534001189122048
577533955039170561
577533851381211136
577521049979478016
577505037326282752
577196925629300738
577196873561210880
577196428662960129
577195990437904384
577162463839408129
577161616216735744
577160282092519424
577160179281694720
577158837846822912
577158757882445824
577157596068581376
577156934580703232
577156112195137537
577155200378642432
577154959323619328
577154255087366144
577152362562916352
577150463109406720
577148130078117888
577147944585027584
577147780038311936
577147716662370304
577146866342723584
577146612394418177
577146035170091009
577145812171546624
577145763689533442
577144870604767232
577144569915154432
577144508120502272
577142365233762304
577141022670626817
577140756198125568
577140632881364992
577140204470972417
577139946630303745
577139221355450368
577139011376009216
577138815686615040
577138695775608832
577137386250993665
577134825150267393
577134066727796736
577131976928407552
577130938917892097
577130660571312128
577130290142937088
577130224501948416
577128946346643456
577127398094798849
577126030852419587
577125264607543297
577125121946714112
577124403458244608
577124286764343296
577124247673442305
577123517910675456
577123073431830528
577122560393015296
577122160533192704
577121908409442305
577121616242585600
577121542670286848
577121457156825088
577121356023758848
577119951472967680
577119562719760384
577116088175063040
577114280232890369
577114230329094144
577113179186135040
577112863728381952
577110017897336832
577109721942982656
577109608449327107
577109479138938880
577109149546328064
577108621307355136
577107286558175232
577107187333513216
577107176101191680
577106932600872960
577106887038115841
577106725490319360
577106288095670272
577106040438804482
577105785873960960
577104151563358208
577103745563148288
577103110029590528
577102948473376768
577102792243941376
577102582654595072
577102560953270272
577100864076267520
577098898788974592
577098876290744320
577098836465811456
577098072553041920
577097978864877568
577097949274116097
577095648832569344
577095482658402304
577095417608990721
577092932009897985
577092749364740096
577092497966542848
577092085553180672
577091682153439232
577091556055900161
577091360248954880
577091238505127936
577090884799430656
577090786757586944
577090194844880898
577089971691061249
577089114266329088
577088913568886784
577088731942936576
577088346352152576
577087979065311232
577087720268382208
577087497324363776
577087055936794624
577086796175183873
577085221339840513
577085109481902080
577085007442911232
577084722406408192
577084636519616514
577084463114526720
577084098310721536
577084074680004608
577083855921934336
577082840938082305
577082663892357120
577082273020936192
577081047428497409
577080924300558336
577080848786276352
577080745568632832
577079681968709632
577079379672612864
577078585711828993
577077969560166400
577077889046339584
577077798390669313
577077781793767424
577074140798148611
577072384848629761
577071264717791232
577066299286765568
577065483528220673
577056977278337024
577056893677514752
577054418044059648
577051900182429696
577039979030917121
577039537265868801
577029933135982592
576797478193774594
576785520820396032
576703480922021888
576681357818068992
576498036790145024
576457810772238336
576446405830553600
576444261962375169
576427609266896897
576426651195703296
576420015471099904
576400873414389760
576400814169858048
576399149282779136
576363283709603840
576329995867545600
576329912937783296
576329835221512192
576329770637651968
576329667784888321
576329571362082816
576325695766396928
576088108409688064
575987120143220736
575640386955296768
575640149641535488
575640031194451968
575639944825335809
575639830459248640
575639338119249920
575638407705149440
575638291615215616
575638104637333505
575634324877406209
575634258074664961
575634191121006592
575634136314048512
575634080378798080
575634012556890112
575633934702223360
575633833296527360
575633773418704896
575633662416396288
575633594099625984
575633530027376640
575633463111512064
575633401669107713
575633302020816896
575633103483445249
575633022696976384
575632928077643776
575632812520390656
575632742865637376
575632666759987200
575288314149933057
574981305433116672
574579966186291200
574579758551449600
574560301271678977
574560207545765888
574559918113603586
574559513480683520
573839462704267264
573839393292730368
573502424062803968
573502128901255168
573499171182936064
573497258706079744
573495075650584576
573189942278414337
573166772158922753
572815139096797184
572699077231697920
571689314121326592
570995430986792960
570941721619664897
570906652548980736
570906295764697088
570906005661474816
570905431771639808
570904509087686656
570904208767107072
570903389351120896
570902780896002048
570901713449816065
570901377305718784
570901328475627520
570894440031752192
570649472885256192
569895986304290817
568523763408441344
568132494660390912
567774736986284032
567773459062767616
567735650216968192
567631577853616128
567631525101830145
567631400484864000
567631294033444864
567396780577288192
566652794099482626
566245731988963329
564841058933415936
563784859756535809
563356479839686656
563297495456182272
561963729185947648
560465725182464000
560465325033291776
559757145198301184
559086012341952513
557598927231676416
556922272297279488
555082570166448128
554707532271583234
545588720880324608
541275922708430848
540918459958571009
540878550367502337
540167648181764096
539777364222558208
539544289483968512
539544248534970368
539427515824369664
539132919282163713
539105224775176193
539032916157022208
538761672018915328
538660215223513088
538660009069248512
538317666243850240
538042394575667201
537979579978506241
537912708956684288
537667448892567553
537662420190527488
537652320566513665
537623686074081280
537594198716076033
537594051802189824
537356056515837952
537308753130180608
537281329088692224
537011619872911360
537011317060952064
536973605410979840
536915163157651457
536904330709041153
536878707236155393
536571598355333120
536495738801627137
536287210413498369
536214358096109569
536200806262136834
536200489952903168
536199356320591872
536199325878341632
536199253434327040
536176361459957760
536147334129008640
536147320484950017
536147215929331712
536147084261732352
535910926399324160
535910904316309504
535882035471327232
535759677880274944
535759607566966784
535759569524629505
535759517985030144
535753337472577536
535577209491456000
535577184401108992
535573223099076608
535573129629040640
535514914358841344
535492322923151361
535481706250506240
535481365907914752
535468247194542080
535468159843991552
535441981091352576
535425252105678849
535421237871517696
535401233960685568
535398608091496448
535398506002124800
535398385445244928
535395900827635712
535393646141779968
535390349481742336
535367917530263552
535320569714331648
535220723334533120
535220597136314370
535220360955064322
535220163747274752
535220135213416448
535172505229856769
535172480680599552
535172210089275393
535162408898412544
535161698202943490
535160567754153986
535160483503165440
535160348559822848
535015915449237504
534770567371837440
534769079421501441
534697204607627265
534392952723103746
534324592920526849
534320098635698176
534300320063819776
534108232172982272
534108024638828545
534107195546533888
534107119214411777
534106885201604610
534106621367316481
534106476345032706
534106381360844800
534106235684278272
534106202989670400
533960494089248768
533959898279989248
533954350356660224
533783727529558016
533727031033610241
533709927240695808
533709887633510400
533707365942833152
533688322099785728
533629949471883264
533629795335041024
533234356975071232
533233107768709120
532982065999126528
532976558102032384
532976504905674752
532976418771447808
532976297535111169
532906827479261184
532904199286456320
532897778608111616
532853328091570177
532553853800284160
532303501226147840
532303477452853248
532303470523854849
532303254068412416
532302942070906881
532280846641016832
532262034256437249
532243494006710273
532175046740307968
532148720297840640
532087811772805120
531959528246743040
531959441454034944
531959401956245504
531904178835423235
531902956283895808
531902767942864897
531902682299371520
531900134607818753
531898180448051200
531897695171268608
531897689404084225
531896134000988160
531891413634781184
531890837979144192
531890682592366592
531890313489813504
531889693932421121
531889278339801088
531888837266780160
531888406096531456
531887826179489792
531887587582296064
531886314510385153
531884751876288512
531884646486016000
531884447051046912
531883118010331136
531882972434432000
531882804729360384
531882781513908224
531882574009090049
531881461579014144
531881085115068417
531880733502349313
531880144844386305
531878674216542208
531878131821740032
531877640912007168
531876968707686400
531876882435035136
531876330049404929
531875926121127937
531875272300453888
531874611156504579
531874343593467904
531873721557213184
531873425804255232
531873300344209408
531873053954039808
531872474741616640
531872034448736256
531871366946258944
531871307936595968
531871064956358657
531870990528413696
531870066380668928
531869970628894721
531869952467533824
531869668433465344
531869366141612032
531868440639049728
531868355058487296
531867575362551808
531866603768791040
531866411153764352
531866223295098880
531864992048750592
531864491563433984
531863050786439168
531862720749240321
531862093096828928
531861782751875072
531851888464240640
531846412846112769
531845636069797888
531845456058671104
531829686935228416
531816570654564352
531812972394729472
531812908590956545
531811024991944704
531810949649666049
531810915218644992
531810849653288960
531810484702699520
531810432223576064
531808305321353217
531808165697179648
531806307884740608
531797992672866304
531784174513172480
531777081517289472
531765449718267904
531762769746755585
531493814717140993
531439019109122048
531218136285315073
531217272338382849
531217205242101760
531158051773231104
531103049428008960
531101671351676928
531101135164407809
531100689846775808
530810961381556224
530752106677145600
530746395561824256
530743625890930689
530685406925561856
530434032015015937
530434022410035200
530432928380379136
530310542372909056
530017548994371584
530016889595256832
530016120502513665
529990655507197952
529989528376066048
529989161433169920
529989052112859137
529928062239277056
529762753222033409
529749006554259456
529747209777344513
529747186582827009
529746770029723648
529746022906740736
529745254480871426
529741211951984640
529741184634482694
529708485932756993
529707277356638208
529673703983173632
529563248174301184
529562962491899904
529248773386817536
529236869805248512
528652941918732289
528652190324621314
528651959575007233
528651730855419904
528651656666578945
528651084022435840
528650947397160960
528650896193118208
528650864618397696
527542947848675328
527518914092482560
527518502249570304
527496811955896320
527116984925052928
527116850157858816
527105628243001347
527024460759838721
525688482250113024
524968971347701760
524860321178320897
524860310038278144
524860298797522944
524860288127209472
524663172813586432
524643853060808704
524590671391633408
524302260650524672
522792822324609024
522417578032259072
521725180058808321
521381294178316288
519457624224694272
519119113592242177
518046633670746113
518017859524755456
518017810992496640
518007212154044416
517757232935874560
517693525841154049
517684133817245696
517589875714166784
517283938935783424
517283668570939392
517283290924216322
517251593167966208
516978948333633537
516891127379931136
516627289493487616
516609503631273985
516588868900888576
516521886977904640
516291493112598528
516290846325743616
515860482410811392
515858774406750210
515543532820783105
515506284754632704
515189351647805440
515117916162125824
514881059843215360
514497873942417410
514353185822359552
512279754297196544
512279549858840576
512279120999223297
511581663986712576
511556437315559424
511471044360929281
511205999878103041
511131424968433664
510882386570391553
510881402985123840
510881220717461504
510881123506085888
510476203187519488
509984262909865984
509746813126344704
509745405429809152
509703935561453569
508570394547089408
508268436984573954
508208032518381568
507936866130087936
507618940520898561
507576596027305984
507212361829457921
506849104249384960
504679526757302272
504314727615700992
504314318645903360
503114243290693632
502866729522180096
502523135007424512
500250469743489024
499948462864351232
499888643964952576
497719433717374976
497719304864157696
497437352743436289
496704027829092353
494920199230205954
494920083983335424
493681697654050816
492718042900873216
492655587214123008
492352926107836417
492240140270841856
491990208280543234
491986196877570048
491983339482804224
491630593479016448
486912632041906177
486558997269733377
482119329778270208
481720265580498944
480459668591214593
480439264178884609
480352325941624832
479689418123784192
474144236842262528
474081149263028224
474081133458890752
473713881366663168
473504440209915904
467235454816112641
466975594744676353
464344520315121665
463669128298237953
463669020605284352
461468293757669376
461456654333386752
461064876354723840
461064370844602368
460755041587310592
450366133049524225
450241104151969792
449893811087368193
449607343060570112
449605854317518848
449596166313762817
449594449018880001
449582148887281664
449577740073971712
449576499579215872
449573346465050624
449573312952541184
449572985868132352
449572956201824256
449572858889785344
449572823955419136
449572551812190208
449572501358923776
449571234502950912
449537189685493760
449519380037001216
449263087083094016
449173857346146305
448897226215915520
448806626858762241
448534834575470592
448509056328933376
448508533928374273
448459332762357760
448428259739701248
448391364439707648
448172441211117568
448167207781269505
448160909551472640
448093078583508992
447810043568615425
447719445327138816
447690774445326336
447357057050484737
447085259180363776
447070476805111808
447068422606974976
447068345976619008
447067869616955392
447067609893064704
447029073299406848
447012779959287808
447002715659718656
446989007348842496
446954785917661184
446954676693770240
446954634209665025
446952979179249664
446952417515823104
446753062460194818
446745512851410945
446722864645828608
446701896993345537
446701798116839424
446701752256315392
446698926306234368
446647903046471680
446627601487245312
446618160683556864
446618029032357888
446599115590619136
446593481335902209
446390511084269568
446389215983853568
446387966538432512
446387684282753024
446384514060009473
446384155639971841
446381980343873536
446381620061540353
446381180120997888
446380773483220992
446379906193424384
446378535897542656
446375569127522305
446355773577494528
446354603974873088
446354478607118336
446354026435997696
446352142631448576
446350728685453313
446345376618930177
446344907578277888
446344839789936640
446343660041285632
446343610397495298
446343517078450176
446343410266292224
446343254783434752
446343028832083968
446343000025604097
446342985144221696
446342715039444992
446342620713725953
446342308468760577
446342214168231937
446342099269455872
446341978402201600
446341886429499392
446341606342270976
446341532216344576
446341452566499328
446341317421838336
446341227810533376
446341202854825984
446341110697172993
446340947539156993
446340657049640960
446340608932995072
446340593132642304
446340319454306304
446339935876837376
446339298594267136
446338399243218945
446337711184814080
446336613753188352
446335731489726466
446334559341510656
446332849722257408
446328894090903552
446328222721265664
446319203378003968
446314774218178560
446313445164843008
446307963914186752
446282985156145152
446263393922842624
446239801428418560
446237503583166465
446222035266830336
445998082212126720
445985788791369728
445960572627337216
445956043735302144
445951272169250816
445934476619943937
445916148505522176
445891311946981376
445889834935386112
445687274190028803
445686768591855616
445686517134925825
445685761937928192
445685260039114752
445684760526856192
445683497529643008
445680983556096001
445678465262436352
445677207596195841
445674688681754626
445673446362472448
445672172522975232
445670918170234880
445668402607054849
445665884724396032
445664623187197952
445663365289881600
445659590026215424
445658347174244352
445657072902742016
445655814896746497
445654558190993410
445653299706871808
445652051725279234
445650798278492161
445647008443813889
445643233779929088
445639464245678080
445637300702441472
445636942709792768
445635934445268992
445631763545874432
445617108454768640
445586872056938496
445585875775520768
445585202845597696
445576697141002241
445570650124861442
445569924640292864
445556113535430656
445545514122379264
445544951674601472
445481734407462912
445481605592006656
445478579934351360
445463289246781440
445323403898404864
445311286205620224
445303737645412352
445284046818795521
445260710109401088
445257843730833410
445256956618743808
445256842755969024
445255780141641728
445254747172651009
445254168685858816
445253934513651713
445253302398509056
445252957966438400
445251854361178113
445251031304519680
445249742344560640
445228239292616704
445209645301661696
445163285055557632
445159485754331136
445157716437516288
445153493796810753
445150870779748352
445148246340800512
445139719069122560
445137638631014400
445131192040689664
444923799725961216
444911143392260096
444880943002558464
444841318070890496
444835646889148417
444771995394527232
444567594293809152
444567377406357504
444515958968045568
444515498907037696
444515093569470464
444507423232245760
444450600755806211
444433608426921984
444427952164335617
444186357154316288
444138299276292096
444110858734411776
444073336268939264
444059723248447488
444059398915522560
443854161939931136
443823960577155073
443735121481723904
443732092061749248
443728478010343424
443707606000230400
443446474001895424
443355869451808768
443099173450035201
443077277220237312
443048027683815424
443017804493905920
442736778265378816
442646181118619649
442374385928658946
442283788190498821
442086432375836672
442009282335473664
441991992919474176
441991460720619520
441990981500403712
441990660577439744
441962506333212672
441961749760471040
441961364765282305
441961204874240000
441960882089000960
441960007710801920
441959186948452352
441959041779400704
441958057896329216
441906295243698176
441870461488881664
441870411966722048
441630851106103296
441630556124889088
441630101571379200
441629516726038528
441628867300982784
441618195003473920
441601598264193024
441542857497640960
441317407877918720
441287203709128704
441208087337508864
440924812739743744
440776369392611328
440535641718546432
440200019899985920
440109423487250433
439837627525525504
439747032064876544
439475236644216832
439422297577750528
439421851564261376
439421358758305792
439400306640973825
439112843167019008
439022244149215233
438750445075320832
438705144708866048
438659845198082051
438388054726680576
438342754133762048
438018107643154432
438010555593285632
437951085329022976
437572665247690752
437210272470548481
436938476508823552
436910978945396736
436910612241588226
436909625141506048
436528611273625600
436213685602639872
436181792324730880
436099625515487232
435851293165240320
435777513495986176
435509126199017472
435477604960067584
435074487529517056
435073743753195521
435035902977396737
434749008729219073
434673510091206656
434353097129734144
434352734792208384
434352344789045248
434020347742912512
433948722393657346
433660023311302656
433586327414534145
433314535814864896
433246076452478976
432967241596825600
432957200227897344
432529344779395076
432499147812245505
432136753244164096
431880056797798405
431864954438709249
431848304939237376
431846992545726465
431843486946447360
431786175573938177
431411961243267073
431390635283603456
431140421050179584
431065388877484032
430762113082994688
430359596792700929
430036986041077760
429669737803423744
429286733016883201
429285788115664896
429284901607591936
429259168630194176
429211779638767616
428887552280371200
428849675815645184
428558928952455169
428549439691980801
428546597191163905
428545010930548736
428544915208171520
428541016141209600
428540931546308608
428540369153044480
428539835478212608
428532274695786496
428486079994658816
428479827143032832
428453020477952000
428241265520414720
428201077969006592
428118825163182080
428118603205181440
427849118203912192
427798126444163073
427506176440291328
427148381530505216
427116878809419777
427115384223711233
427113922647162880
427080796013215744
427075092141445120
426809750626373632
426807249911025665
426805610009460736
426804702034948096
426803791761924097
426802884764643328
426729049227288576
426695510213525504
426695036403978240
426694898843418625
426691104688181248
426685826643529728
426684808228392961
426459496668356608
426429295280410624
426407872269131776
426403114024194048
426327891463254016
426088678495387648
426072448254369792
426047335810859009
426030013805518848
426029469833637889
426021298758635520
425952650291462144
425686195524599808
425668394499579904
425644106027507712
425612389955174400
425598265933848576
425327015604916224
425221094287495168
424964618050486273
424889118888185860
424696557402079233
424571891030822914
424496523276058631
424241285143085056
424234332757053440
424233418759475200
424233104333492224
424164330376921089
424122635568414720
423799085934452736
423508923602071552
423490046151249920
423442891642372096
423167751067164672
423124911620509696
423121080799092736
423046767152611328
422790208656900096
418717306936520704
413287850210119680
411112653642145792
411112575225454592
411112356110815232
411111853255692291
411111786142629888
411111692672573440
411111026851983360
411110835763683328
411110646386675712
411110125328281602
411109672007892993
411109405476671488
411108927321817089
411108696530243585
411107752967016448
411107511186386945
411107086571810816
411106995790286848
411106898524397568
411106306926206976
411105987953577984
411105138011426816
411104921237213184
411104817524666368
411103764431372289
411102599056601088
411102316008181760
411102066807812096
411100695538839552
411100270244802561
411099975146147840
411099877146234881
410722286291795968
410721832266768385
410721699596754944
410466654854733824
410466411408920576
410466145951424513
410465847912570880
410464609716289536
410464427192758272
410463571558944768
410463039532453888
410462183336574977
410461811482173440
410461400016752642
410460756950282240
410460686305591296
410460286521327616
410459863844540416
410458632908570624
410457803153616897
410456337428934656
410456059182972928
410455304619302912
410454375929114624
410454146563596288
410453586934378498
410452905389338624
410452823029989376
410452223915593729
410450806270210048
410449213525217280
410449003923247104
410447851269783552
410445966093742080
410445697108811776
410445384691875840
410445151870275584
410444715541008384
410444646666342400
410444561370984448
410444448527417346
410444378092478464
410444296618143744
410444220181135361
410444037062012929
410443755712311296
410443665933234176
410443310403035136
410442885541031936
410442669530165249
410441660615507968
410440812846014464
410439236110667776
410438823542145024
410438513033625600
410438106735583232
410437382739996672
410435341556805632
410434811434524672
410433519840555008
410433400592293889
410433282535223296
410432766417715200
410432102891413504
410032837761327104
409344132922880001
408648001926623232
408647499558051840
408646263601512448
408645357019471872
408644739773128704
408640627220299776
408640323460419584
408639726564818946
408639603747192832
408638050151837696
408637870493036544
408637600191094784
408637240911216640
408636276770762752
408635979344273408
408635568566722560
408633538246742016
408633270356549633
408629368118726656
408628043519762432
408627941250064384
408627831346712577
408627239740141568
408626172054872065
408625047033499648
408623775177920512
408623133067730944
408311593638715392
408310773870383105
408228896841035776
408228648735342593
408179657867939840
407857237747453952
407236738135097344
407205076374392832
406836735960956929
406833356220166144
406477390378848256
406474619491995649
406447898633990145
406447805008740352
406121991586852864
406120098349334528
406119625634500608
406117733592346624
406117363176574976
406117287096115200
406114846808080384
406114356997283841
406113757215985664
406105733403783168
406104542380429313
406103676009197568
406103186953355264
406102818206932993
406102339771068416
406039471893651456
406039281392574464
406038847525359616
406037470698958848
406034235984601088
406031613773246464
405773277668577281
405772967843729408
405753198784167937
405752296065085441
405751873342169088
405740898895806464
405738947461918720
405678665733664768
405668601916448768
405661539253772289
405657818054664192
405657635484995584
405657445193641986
405657280529457153
405657155245592577
405657066192113664
405656870804664320
405367618007072768
405225394200379392
405034816355049472
405012120133435392
404969739883413504
404944263819329536
404925200312958976
404717562912444416
404673735556628480
404301610165481472
404301371882885121
404219210844221441
404206553727004673
404206526296256512
404206377981468672
404162149607804928
404160935272935424
403992680121643008
403792235906752512
403632627976269824
403611252020510720
403582041750396929
403548071776485377
403545721187880961
403544289075937280
403530033219633153
403489144770281472
403489101032067072
403486316379525120
403486256572944384
403483077705740288
403471795186978817
403453893251579905
403424170299498496
403423999956250624
403317523132588032
403317475699224576
403316047618392064
403135039699185664
403131622830403584
403121545922347008
402805148822425600
402797234674487296
402741717893251072
402741057097834496
402560850885484545
402560517199245312
402559088728346624
402559079391821825
402558083664060416
402557579823292417
402554810202738688
402553553203367936
402552098669068288
402550784727855106
402548017158307841
402543988931960833
402542480697982976
402539712499286016
402539208159408128
402537697824079873
402536187933364225
402535435265523712
402535181086507008
402534677631602688
402532390699941889
402531660865867776
402531155435454464
402527632333361152
402526753689595904
402525121513930752
402492327022718977
402427876693139457
402391038423072768
402389333115564033
402148339396771841
402052790828032001
401822432715341824
401422814320001024
401421976301875200
401375372635148289
401348083638087681
401282536565133312
401045976506322944
401040271242063872
400995185351729152
400991951677558784
400986613313859584
400926007307165696
400660641741930496
400618027051659264
400570663846821888
400306155911528448
400305723164200960
400305463931068416
400305299505942528
400305002561822720
400304614991351808
400304309297901568
400304187252031488
400304103009435648
400303907076710400
400303777405628416
400303554625155072
400303379441659904
400303264031207425
400302961521213440
400302812459843586
400302624269799424
400302431826743297
400302268081115137
400301851620302849
400301701862678528
400301492558512128
400301343987871744
400301246495485952
400301121559740416
400299966607810560
400299539224989696
400299264028319744
400298919097143296
400291322784796672
400291189888278528
400291077682257920
400289310014210048
400289192573296640
400285581357236224
400284594966380544
400282624536903680
400257351975858177
400249113717272576
399979892487360512
399975728521150465
399973492818341888
399972964738674688
399972347035123712
399972255645847553
399971785732407296
399971239282085888
399970659436339200
399970192127565824
399969628757426176
399969339824013312
399968739476525056
399968116308201473
399967819162341376
399967638236823552
399965213195137024
399964962187378688
399963582664015872
399963506277351424
399962888103686144
399962139282391040
399961069055406080
399959986547458048
399959526541369344
399959412062027776
399958367197995008
399954914811838464
399954168246308864
399946225837174784
399945518371323905
399937094375579648
399900983821492224
399888538902093824
399887654071705601
399879527163506688
399842850965188608
399543441404612611
399220212286771200
398855447785918464
398794092492357632
398793842662834177
398462336144400385
398409539818881024
398139144079036416
398102277963001856
398084299242500096
398024828558774272
398001712176168960
397747531632754688
397739521196195840
397457409511133184
396692525643493376
396608391688495104
396343138035306496
396317711275282433
396256174787821568
396256013797826560
395982368411901952
395888814390251520
395601257705902080
395575102710226944
395508926604517376
395248402344058880
395188503698755584
395188449499566080
394879738499440640
394867260252114945
394847139408257025
394846490851803136
393795396209999872
393790662195560448
393790015542919168
393767068211769344
393766427787681792
393739398325362688
393421677838999552
393412571237076992
393411052852883456
393410830823202816
393410690565681153
393409657118539776
393409503858667520
393409365090107392
393408349657513986
393408215875981315
393408077908561920
393407313337270273
393407172576411648
393407031521980416
393406871861620737
393405812598505472
393405630074982400
393405462197968896
393404825011888128
393404635840393216
393404435138748417
393403344598728704
393403174821715968
393402998073729024
393402316541288448
393402172353675264
393402051469660160
393401867792687104
393401021977726977
393400883108515840
393400652857999360
393399678823178240
393399433204756480
393399326388404224
393394683818176513
393329428450652160
393304987285331968
393077822895706112
393076694732390400
393063300356771840
393062432920195072
393062160059744256
393011025705848832
392972392705691648
392697933365518336
392697351179345920
392322743040892928
391244339801645056
390868456880361473
390804633603424256
390540250759434240
390432175222710272
390152983490465793
390107439225634816
389795255459258368
389795188794589184
388711960994250752
388672324448182272
387986723843878912
387986511842394112
387639708798308353
387563485741076480
386173069363916800
386131891323015168
386131623923560450
385824681762119680
385821603340099584
385811820369309697
385740530488840193
385738935478915073
385727037513547777
385726773960253440
385725944784117762
385440483951919105
385440411835064320
385368275145617409
385080855162392576
385080462273564672
385046207787040768
385045868916641794
385012553132163073
384988034388598784
384983357051781121
384970165860847616
384726248615735296
384725273179979777
384691377117724672
383630601233760256
383628379380928512
383598368317927424
383532537152143360
383267380228419584
383254332881121280
383254255466844161
383194804449865729
382917696364351489
382899393206030336
382547348393447425
382485017303076864
382484092987535361
382189477533212672
382126716816089088
381104431942488064
380740649454022657
380731092665241600
380401852333830144
380028692266622976
379650512041152513
378552113816543232
378213950120136704
378209992320372736
377849669964922881
377849579628015617
377791794928291840
377753275518316544
377022681121447936
376030427502235648
376021068974022657
376014727240888320
376013904008069120
376013474020589570
375992346388606978
375686914679922688
375686773587709954
375324657060044800
375320713101443072
375313493898956800
374539449448689664
374537479325376512
374178171404316673
373472425163227137
373470074297794562
373457102519279616
373456972940460033
373189417294237696
373109091339472898
373018233860673536
373017661698871296
372781540117188608
372714893041868800
372677716383768576
372673288037617664
372410099160985600
372409161352368128
372408700675166208
372320627694133248
371988150886735872
371655248047521792
371230562989535232
370955722109890560
370603029222809600
370598845522001920
370234599017680896
370234060733308929
369494355221823488
367991154920263680
367263392026734592
367262113988743168
367262004894904320
366913418705383424
366913225427656704
366518196552990720
366517354705854465
366204846858178562
365822013685764096
365820857525878786
365518220981071872
365165930726170624
360737270006947841
360081881871560704
360001733210021889
359999193554767872
359751694856364032
359363266260111361
358712439249973248
357783202791825409
357783113776132096
357783019769167872
357782944204587009
357782841859403776
357782742739582976
357782464531427328
357782304371924993
357782134645215232
357781923164209152
357781552316428291
357454636954824705
357213136274722816
357205684091228162
357199041366462465
357091972080599040
354894755416641536
350569165943353345
350567771966418944
350567184805801984
350566221038620672
350274446906490881
350220160419909632
349589467230781440
349550757227397120
349540704848060416
349534426067251200
349532814598877187
345579191095406592
340039757658722304
337889058019749888
336406664813101056
335075381143011328
334450368668917761
334360055921119232
334340204745859072
334340034243207170
334338952691585024
334287905658916864
334235163124957184
334235129671192576
334235039845990400
333980981189017600
333965562864599042
333933660115959808
333894280169005056
332910349491769344
332473519583670273
324096674198876160
323749773536526336
323737187805970432
323736969542766592
323736918145777664
323644989722750976
323641052609269760
323602791169945600
323587759577133057
323564710802903041
323558885371813888
322948954633428993
322795279197798400
322762210365550592
322668605575675904
322427961275981824
322398718705950722
322287547130720257
316880679403147265
309743136874319873
309385059058724864
309004819811676161
309004166146187266
308876343238594562
305979756761972737
305033267344723968
304530196411867136
304522680462344192
303834787511152640
302016942896730112
294382309346512896
292250099302666240
289069133885231105
289040373949546499
289033742071234561
288257133647130624
287141593901838337
286833335144177664
286529805795614722
271189516746895361
260762083942100992
259318155036483584
249127379635675137
248451504913125376
248048579258753024
248048464959782912
247724926130335744
247723734167855104
246543059062493184
245448378371174400
244077236221771776
244077120832290816
242736229563654144
242735530180222976
242734210484404228
242732953443123200
242732702690840576
242732453737947136
242731946831138816
242731192963723264
242730940177207296
242730689001291776
242730437267574784
242729956860362753
242727418333368320
242726913884442625
242726410731520000
242724904431132674
242724145480208384
242723643145199617
242721134460665856
242719867491479552
242719365152256000
242718649188765696
242715588819025920
242714079179972608
242713325031530497
242712820515471360
242712334060113920
242711060170280961
242710806205177857
242709549797224449
242708559450755072
242707033009311744
242706277631922176
242705116359192577
242704516062015489
242703509886214144
242702755318337536
242702502829645824
242701748249194497
242700996936097793
242698792825155584
242698758868066304
242698730552307712
242698694791680004
242698656334086144
242698624050528257
242697218623148032
242696714509762560
242696007438172161
242694703122882560
242693443623723009
242692189044490240
242690944615452672
242687153442787328
242683880270880768
242683422680686592
242675829270773760
242668299656232960
242540686551961600
242223345825886208
241853156340948992
241816162692898816
241518999408607232
241516931331526657
241258576688082944
241258506223767553
241258376636551168
241257989560991744
241257665538428928
241254646742654977
241253137392992257
241252305230508032
241249144998604801
241242253388025856
241220644946182144
241203682572636160
241141061945274369
241133193791676416
241129568516313088
241128778045210624
241128222245412864
241123401245278208
241121377673953280
241119000086585344
241118637166055424
241116074639228928
240428754403487744
240079825908416515
240079646861975552
239441199352664064
239440998852333569
239330166554382336
239004772257132544
238310755542384640
238307401810452480
238306760681734144
237935274770964480
236492984693178368
236454915311017985
236425009881563137
236046967585796096
235694814090362880
235360733825753088
233852417001795584
233583458172149760
233522793566830593
232870875530153984
231369971161235456
231067879263596544
229892020875952128
228123764288806913
227434819594903552
226251609825505281
225548521976242177
225261705280761857
225197254397530113
225183216565370881
223051335774388226
221175542571991040
218650865966395394
217963351362375680
216806243602399233
216126256763244544
215752270682402817
215393668461375489
215087132971245568
214653307900272642
213954996134346753
213646918100856834
213616888763265026
213224340433547264
212940437718188033
198143902866345984
197376295489912832
197346853057077248
195089642406690816
192290337220333568
192289377358053378
190084097702498304
184582374653313024
184260571334590465
183888778375606272
183267397422153729
183267304786763776
183266867878694912
183253681628647424
183237589220851712
183218787489808384
183216907284000768
183206008108236800
183163484568158211
183143582377586688
182925611793252352
182877764435714048
182868026121662464
182862247243161601
182782335794679808
182781979178172417
182748804112592897
182748593617256448
182548542957682688
182528280447033345
182525124346527744
182519051606687744
182226465230827520
182159515305779200
182116731802759168
182116188539715584
181822657434615810
181771105277706243
181727839673004033
181726935158763521
180735608396845057
180732894698930176
180732224201687040
180662999080640513
180660999387488258
180628387751141376
180381476561494017
180381280129662977
180029469552164865
180028804599779328
180022750075830273
180013395125346304
180008627464192001
180006692732407808
180006072323538945
180004156596162560
180003523189145600
180001249704411137
180000691929088002
179999258022383616
179998834406068225
179994840136826881
179994831941140482
179994478310981633
179993164743065601
179992257368301568
179989955806900224
179989205886312448
179988004801228803
179985707337650177
179983479038164992
179980719714603009
179974325095514112
179936940563509249
179930815772377088
179918951550156801
179906326812569604
179657320224137218
179632753803927552
179630103096078336
179629511577579520
179627558550245376
179625063434289152
179624460557623296
179617474755575808
179288418067554304
179282999723048960
179280519022911488
179272325127090176
179269756338192384
179197553961746432
178900461951258624
178899276070531072
178525527076900864
178519760881987585
178518872192856064
178192060057264128
178177313211551744
178177105216020480
178175513079185408
178093760331255809
177798016470745089
177770866627710978
177768176883466241
177736747835338752
177717333370998784
177713578038657024
177449441819754496
177413914152271874
177390387755876352
177338715314724864
177338303551512577
177110689171775488
177106410193162240
177105669349048320
177022190091382786
176421813021192193
176420252215820288
176420198667124736
176419924368048128
176392275100835841
175619576422342658
175212384091250688
174810365761294336
174807868187480065
174561307419353088
173763775525175297
173115222125576192
173114794273017856
173113497058689025
173082733927604224
173008745515855873
172748845237809153
172656436478873600
172363638382923777
172288601315479552
171645701720252417
171578222989946881
171571418121764864
170199940792979457
169855171961171968
169734291390074881
169418753598177281
168694667171471365
168017248047476736
167935380019093505
167935098036035584
167654146479104001
167646109303455745
167595495349424128
167595405721350144
167291705589116929
167288979811606528
167208621900439553
167208297689120768
166929303542571008
166915926791430144
166857013589049344
166856813977935872
166566969888342016
166566908852842496
166566741542055936
166518165621317632
166517915263303680
165494446803263488
165145207015342080
164706495320166402
164671375859130368
164421615709466625
164396707604475906
164383599104241666
164337058784092160
162953316094062592
162911135144742916
162232170302283776
162230996744417281
161878315832057856
161855162091188225
160423460391227393
160420269192773632
160314524967251968
160003849132834817
147720808645656576
147712327251271680
147294561633439745
146213746589708288
146213438018953216
146205529394520064
141463269134176257
139645047481180160
139347715309056002
139344856043626496
138621540483870721
137559817303769089
136845199174402048
136744461966381056
136106734019293185
136101519752822784
136094979750760448
136081010122174464
129920448078168064
