928071960906555392
879724040356675584
872166796438020096
796100370162335745
795990531624947712
795304996141051904
794928530488365056
794563110556160000
794193436450516992
793831047460814849
793107765262639104
792019363012370432
791688744281583617
791656974073024514
791296090184097792
791071220582060032
790750096581234689
790690594133676034
790622060779147264
790415617572548608
790415422298304512
790415197999542272
790363456071282690
790344350878183424
790330716013879296
790302543985319936
790252450636783618
790225272452681728
790003826048667651
789947862998142976
789946253421400064
789907942669561856
789894947793018880
789894875781009408
789892326738964480
789887296539549697
789882231875444736
789881783617597440
789881145739456512
789877772533456897
789844766200631296
789639158176382977
789592349693313024
789540945574277120
789540588391575552
789497978583146497
789342061510078464
789341775534043136
789341535569604608
789270241297600512
789209599521886208
789183170834944000
789175517756784640
789175504129622016
789159777813135360
788862568630587392
788843539643772928
788396490292989952
788031850392330240
788016746288394242
786944910184243201
786675545132019712
786620092679270401
786583539340881921
786263471922962432
786220883429974017
785859753813630976
785638152056676352
784430598748155904
784206616816029697
784068204729475072
783502475705790464
783336883652747265
782958393917050880
781886829108658176
781526452537815040
781310533802790919
781230417395408897
781213904458305536
780902445908041728
780874940333436928
780870725653508096
780870482836860929
780807468347592704
780463596815790080
780459610616373248
780456639610499072
780421752081948672
779357316374077440
778684974736158720
778642445646966784
778262549879848960
776577607903039492
768581538971725824
768524050964418560
768504841412804608
756911810133962752
751455426000986112
749950991613751296
749769937716150277
749709351015878658
749634100525400064
749387745978486785
749377296029609984
749332052391133184
749308817477758976
749271454278094852
749045076215623681
748993225772244992
748913559891906560
748652379541753856
748562782262431744
748306707399340033
748259114065682432
748184597498757121
747897427886149632
747829438532857856
747535054163763200
747461329619869697
747284672778932225
747229367764344832
747217911073234944
747166666811858944
747157506300882945
747138324217749504
747137408462786560
747135714815442944
747096039220350976
747080836453793792
746885479530790912
746884115211780096
746883758243012609
746868855809576960
746852563606134784
746846791643979778
746840430331858944
746832943587303425
746825405009534977
746813241355964416
746794135407853568
746780054055583744
746734815836176384
746508736554893312
746478369416478721
746478170841485318
746467959485280256
746463341179088897
746442790125506560
746428644399022081
746425669463089152
746425300850876416
746398170960142336
746366673226129408
746337631131205634
746337549581332480
746335850061914122
746113052009869312
746045981653774337
746024112791773184
745753109754847232
745715585288265728
745679426113789952
745672885482577920
745670432192233472
745656952378667008
745451348276084736
745416800670650369
745394975832080385
745384771576958976
745359676695445506
745311123067441153
745308397210206208
745245159659450369
745239929739972608
745124883382697984
745091657561890816
745069529928110085
745069106169151489
745069091694645249
745059524118122496
745015646665113600
744968241865334786
744923156138188800
744877606630219776
744696315569905666
744651175732088832
744560761448636416
744515412809887744
744334000601300992
744333577651773441
744326029984964608
744288624980664320
744247200792739840
744235832924528640
743976845322792960
743968673296089088
743967486857478144
743966449446715392
743943027769520129
743922236592005120
743894573454266368
743839028957478912
743646497586057216
743582678423724032
743558984997580800
743551134711709696
743428517589835780
743276049132224512
743227484838072323
743202189816979456
743171663735382016
743169305768910848
743065647442210816
742930394811641856
742919558529306625
742885727835279360
742798928492404736
742798498618216448
742759589339226112
742757480032141314
742757193934462976
742756817642475520
742756062948790272
742560292685500416
742519932047360004
742023718109646849
741720727406022656
741537994637606912
741450005702021120
741433531616763904
741408275590086656
741375518939877377
741344279419723776
741079630849839106
741029015159373824
741003679000633344
740936594304176128
740719564573396994
740709890079916032
740665720380350464
740619412416303104
740528882323972097
740347925591523328
740302272765169665
740257091718258689
740211659176710144
740166521025089537
740003571320524800
739942481169506304
739920962355765248
739845063975395328
739804130148028416
739607760015228928
739305674148958208
739260218752651264
739197203500040192
739126941299539968
738871531107819521
738732122433716224
738530187957047297
738492498960515072
738474882455871488
738399716984000514
738379684522692609
738379379403685889
738066871316938752
737803520720539648
737795917592420352
737757596547850240
737701998020034560
737629805471014912
737312946817269760
737267321048322048
736256265806958592
736180286430400513
735818244963983360
735655052178653184
735635412773806080
735587784568627200
735243350471782400
735231857592143872
735153280087527425
734836589096898560
734787702361620481
734767316924141568
734767190361022464
734553203715362816
734428720547647488
734096653062426625
733837489593421825
733754464306364417
733390250257440768
733028616502579200
732973999899086848
732740570825646080
732602532514562048
732388670422974465
732303848316932096
732254098993467392
731559805589016576
731124568752939009
730878509736820736
730427148108865536
730179848774148096
730170692897906688
730085066995466241
730064646208524292
729793291974103040
729777875700752384
729762872243331072
729752986394615808
729747837571899392
729694404336746496
729668292604911616
729657388836474880
729468076723347456
729383439791595520
729097723853475840
728990552050405376
728798276980330497
728735987770085376
728721095474307075
728705750202093568
728690474953773056
728675896312221697
728663324578086913
728645277570060288
728630208056582144
728615188774031360
728282685316042752
727654938956832768
727616312445259776
727558646163382272
727482858160295936
727168949897465857
726939332099997696
726078455297667072
725731221515329536
725694353025331200
725082303362420741
724650864078557184
724312150274093056
724267055424397313
723682623738892288
723681418509836288
723680950622687232
723680754417340416
723680515463610369
723676203375161344
723672823005204480
723670762574336000
723667956815687680
723665416606765056
723663301519892480
723661937909731330
723661029213786113
723659597165137921
723659270873468928
723656993798414337
723654485516517377
723653410390577152
723652627943161856
723648815824134144
723647582216409088
723634832194985984
723617344556158976
723587185794912256
723565653471285252
723496611150602240
723406326961860608
722941177859690500
722527251372216321
722523584501952512
717387384313106432
716821459893559299
716820222745837568
716818636820721666
716816354892865536
716815169754542080
716809153792974849
716807548028870657
715681000630542338
710502810073235456
710194614066610176
709797703153115136
707566745591029761
705490204690223105
705093216836562944
704392813727711232
703271227842912256
702547116665638912
702195879051026432
699675283595526144
699322310856019968
699279333903327232
698202078443761664
696744739937234944
696503727566356480
696501047230013440
696459539743281152
695772738712023041
695772515142991872
695772174112559104
695771964607102976
695771630782447617
695771288049070081
695770983286730752
695770617073668097
695770104038948864
695769711150108674
695768712209522688
695317401580089344
695302914235961344
695049275575668736
694982621361668096
694600966578909184
693856332944908288
693167326917632000
692399355010113536
692036839973081088
691319621396238337
690587418710290432
689864068761387008
687699738460737536
686964415447449600
686962995801423872
685885051754549248
684800077596995584
684427522155495424
683709456245391362
683354592768200704
681891568890953728
681534340027658240
681172778733547520
679788266229350401
679725056864325632
679723557585207296
679361549467672576
679074439355437057
677914319711944704
676938711888756736
676487203157970944
676167248051118080
676159730633588737
676153876907606016
676153861376086016
676153833630793728
676153797652033536
676153505120256000
676153458987151360
676152153396875266
676144614982725634
676140260481327105
647486575958339584
647486448715722752
647146823119867904
646855704620326912
646855638622965760
639112502857433088
635229304155074560
634819078889205760
622198768021037056
619187770167156736
618892118736539652
618892098578706432
618892071332507649
618892051690590208
618808300658757632
618120224873693184
618120185782755328
617458691088891904
617434752971182080
617427266348302337
617422203198545920
617419848386236416
617417986337599488
617415088954298369
617413135843094528
617412690127011840
617412445632655361
617410137741987840
617408522775609344
617404511280304128
617401873792897024
617400301008617472
617398439815553024
617398112857014272
617395944510914560
617395231856701440
617394169645023232
617393055394623488
617391117504483328
617389685460103168
617386918586748928
617386171191164928
617384441137209345
617382308711112704
617382100690276356
617381901360349184
617380603227410433
617379723392491520
617378813966745600
617378234099961856
617377755668328448
617377543499448320
617377386493939712
617375257956077568
617373635142029312
617369823236874240
617366050812727296
617362268854956032
617334224421457920
617197420825292800
617149499593469952
617091822452523008
617078117614649344
617077080199700480
617077008573575168
616733124836245504
616732917721493504
616706599281782785
616706143071551488
616685873577504768
616330856190226432
616300489211187204
616295140030705664
616015133035245572
615950294690562048
615927718484422656
615566666013880320
614594970347900928
613781873819414528
613781657976344576
613781638862913536
613781578410385408
613519812313022464
613416155324116992
613416126106611713
613416097916694528
613415219671371776
613415175287238656
613415163513810944
613415111877758976
613379464806838273
613379451116589056
613379436507893760
613379416412983296
613379401930027008
613379377510744064
613379362209972225
613379345755668480
613379020772630528
613196054700298240
613196014032302080
613195654710427648
613195050760024064
613194740008235008
613194696077107200
613194668407283712
613194649205764097
613194620143472644
613194597636796416
613179701037694976
613173673575346177
613166839774904320
613164638780325888
613160655168761857
613159319807266816
613155628391923712
613155586218168320
613154525688369153
613153436058546176
613152661915856896
613152565119717376
613152518785269760
613152460610244608
613152322676330496
613151224095870976
613151214197342208
613151203057254400
613148907493654528
613141944768663552
613138792099086336
613135797227667457
613133520534306816
613133415689261056
613120730322997248
613120694381993984
613120671523041281
613120633019305984
613115713838952452
613105045777678336
613105023115902976
613105004052770816
613104924163837952
613104900935847936
613104838952382464
613098660105076736
613098449731371008
613098386330271745
613094259378368512
613082033049370624
613070427506606080
613048697174147072
613044397563707392
613044259495673856
613044247747432448
613044227979677696
613044213966483457
613033748343316480
613033488590073856
613032351606505472
613032338432262144
613032306723303424
613031043931635712
612774841414844416
612774507044999168
612774459032768512
612666373173436416
612305170634964992
