801194328517275648
801193721567985664
790300599002673152
788419521476386816
788419420448133122
787049077179494400
787049007050690561
787009279236591616
786719309624176640
786690334029996032
786632783183523840
785992049812119552
785969012358336512
785905572147146752
785879333944426497
785657010620502017
785656859633917952
785527256298905600
785162032672759808
784076336339877888
783353787587006464
773234046599991296
773230994958585858
770726582134595584
770315361782673408
767773685599973376
765309313510367232
763426819739570176
762726730805030912
761665031972892672
761328531091562496
761146504522428416
760949784500772864
760562765509500928
760561897930391552
760220423959175168
760151684752478208
759171672104587264
759075847307309056
759048298154057728
758717103046209539
758348032735715328
758063498446315521
757909083890540544
757629083450617856
757548704341590016
757386576036900864
756639615855960065
756567092825120768
756465633701859328
756228000769839104
756190100963233792
756083047590727680
755889731729141761
755888704258842625
755888557261152257
755851533627957248
755829132131463170
755802883442872320
755746055304675328
755537747754921984
755480109432180736
755419745512517632
755386206511329280
755170078312640512
755170065004179457
755170047761362944
755153221304274944
755143103368093696
755130632041295872
755071623951216640
755065608102961152
755047572234993664
755042658079350788
755035006175764480
755018135489708033
755013143852675072
754722371005665280
754468117355438081
754468010610429953
754467571865260032
754402900982444032
754402703808135169
754382883037392897
754252583540228096
754252490913251328
754099414096973824
754078418493399040
754078380576866304
754078285886320642
754054038484881408
754051437982650368
754039059664732160
754038068211027968
754037597060554753
754037459432812544
754037031316049920
754036628826370049
754035003802001408
754034986370469888
754034937032867840
754034800994856960
754034708200075265
754034494655516672
754032768753872896
754032372782432260
754031147030487040
754030083380092928
754022693662580736
754012270401728512
754004730746134528
754002466233016320
753996665565040640
753995091363057665
753995055661146112
753989413579984896
753989397033476097
753951609042903040
753951506357944320
753901943811080192
753901880292544512
753901858545106944
753772773122580480
753762856521207808
753762605118939137
753748036866617345
753747445977198592
753747434338066432
753735730094936064
753733893811871744
753733715096838146
753733674168819712
753733633693798400
753733595789873153
753733546041221120
753733518690095105
753733490445737984
753733446694899712
753733401555800065
753712116830314496
753709770201141248
753708686732779520
753707648910962688
753694327646191616
753672750649204736
753668406541426696
753664620427182080
753650441884270594
753641552656801797
753620381538410497
753620295794225152
753618110406504448
753617597480902658
753433297645084672
753433197292163073
753433087690801152
753433077511323648
753396465913823233
753395668345946112
753357109132001281
753352173472231425
753351657996427265
753350363470626816
753349677026652160
753348461416751104
753345132502605824
753317463807234049
753316926466633728
753309263880187904
753305379187134464
753299038368399360
753295382562476032
753295364048887808
753295285170778112
753295273779077120
753295166610386944
753295152710549504
753295007956738048
753293953005486081
753292904840491008
753292491172884480
753292383190654977
753292014863679492
753290471485603841
753287734656053248
753285052927057920
753277120382656512
753274669151752193
753271754441756672
753267896596303872
753259779858927616
753257718282977280
753256677768441857
753256507966271488
753252732669157376
753031080052228096
753030949563228161
753030852230127618
753030808718413825
753030800610844672
753001042820734977
752963873788035075
752944156343951364
752939967882616832
752934130350952448
752930455536619520
752916262364282880
752895321953275904
752895296179437568
752888829334265856
752888528195887104
752887754195775488
752887577191907328
752887029013155840
752886677308264448
752886650695319552
752885906609020928
752884860235112448
752884426304999424
752884151590588417
752883231339327488
752882856163020800
752882575429898240
752882177772171269
752881826637619200
752881810716053504
752881630012780544
752881158384332801
752880777591791616
752880471588147201
752880323822690306
752879588242444288
752879574556434433
752879118123884544
752879105821986816
752878360917864448
752869988629970944
752850697553637377
752846294159351809
752824490195910657
752824275179012096
752697971154845696
752697931199832064
752602458828972032
752588102326157312
752584773453832193
752582490791944192
752563233828069378
752549467480522754
752536566032003074
752529719074185216
752529119477366784
752528260383272962
752493708050849792
752460803782172672
752261149761036293
752243885070426112
752243724386652160
752220130432524288
752178086725029888
752176074637709312
751932786915680256
751871584227303424
751839654941306880
751812109936144384
751594679058112512
751560067938258944
751510532713123840
751509358370918400
751509301252878336
751501242673745920
751467630624518144
751306154500771840
751226374245871616
751193062718574592
751166964106747906
751159440401960960
751151333185425408
751147125292032000
751139535933714433
751132453230682112
751131771476017152
751127609749090305
751127409819197440
751127194060021760
751127132131123200
751114294255874048
751106403125702656
751100804027723777
751096807376248832
750864442288517120
750827051968372736
750826376018616320
750794347516301312
750777357967982592
750750609876226048
750725043936563200
750457961433169920
750437124814434304
750424068810088448
750421582405853184
750391067015516162
750386446742089728
750369180176814084
749996252704624640
749653591326162949
749271948673232898
749022337769492481
748988325923393538
748969598049918976
748968069553278976
748966917600194560
748961233559228417
748958991326126080
748954401050660870
748950712860676096
748947888298815488
748947878081536000
748940076525219840
748918614284046336
748917679692521473
748907176786210816
748689143345979392
748633185509056512
748567695256215552
748567544605212673
748245934002176001
748218487399559168
748214736978911232
747949114130784258
747937321249472513
747903931917840385
747833673836175360
747563286166573057
747536158322622464
747530969876307969
747504652900503553
747500065900662784
747474134657994753
746445430808973312
746383149022609408
746158573999140865
746066747996790784
746057433198432256
746056008993148928
746053142534578180
746040574147342336
745684921922916352
745436460161994752
745436311947882497
745378715002015744
745330389300830208
745299595563958272
745064974444179456
745064627621371904
744962092168417281
744951807433007104
744941312873373696
744587445820235776
743949283129384960
743855371958296577
743850210342756353
743140880303808512
742796275679006722
742505599036837889
741394262814662656
740950440687198208
740694849804861442
740592665926893574
740234154319581184
739937235886301184
739528007627378688
739124100480671744
738848483340222465
738777783418028033
738441188907220992
738423789831217152
738139672249933825
738067646806036480
738054623307538432
738054461784870914
738054304259440640
738054062457769984
738053194597564417
738053048358969345
738045462863859712
737697017217069057
737691037418803204
737373774887018496
737320205697703936
736248149589663744
735982719620898820
735981875932471300
735981754943578114
735981637117214720
735981370846023680
735592895260942336
735592629878947841
735592381471297537
735592141892685824
735492255218163712
735162270586544128
734895817727873024
734126047877169152
733829143075295238
733704560867446784
733342164009123840
733057689878548481
732981524467843072
732981304254291970
732757674241052672
732612408351449088
732358262239072256
732358124904964096
732358015886577666
732357920919146496
731282552439234560
731241140389740544
730916996473200641
730916784803446785
730916663814541312
730915950124371968
730915070188740608
730549842586439680
730549620254773248
730548905356615680
729842745058058240
729842369642696704
729835225702752257
729834719425093632
729834555994054656
729834046730035200
729735394837680128
729007929425207296
728941812971352064
728941717483884544
728643476678660097
728283187164663808
727922162779086848
727672455553155072
727298626972577792
727249940309667840
727228893925494784
726203589509545984
726203342716690432
726105757221974016
726031774363570176
726031715114823680
725852590492123136
725739543928827904
725674686441492480
725674632443994112
725674576806453249
725674517469782018
725674422846246912
725674356295217152
725433130899791872
725390421753495552
725390002696413184
725389937139437568
725389844051013632
725142440441581568
725079509830107137
724930013187964929
724929972981403649
724929921991217152
724929878076870657
724704920939569152
723885227840552962
723885177206923264
723885113843552256
723885018888716288
723884961506430976
723884905734766593
723636452727214080
723607354122604545
723607310967431169
723607255078330368
723607204247572480
723607088275005441
723607025008185349
723606855709286401
723606816345755648
723606695839195138
723606634082263042
723606571876528128
723606502318182402
723198399047065601
722888288432881665
722820472090398720
722796303218921472
722472580351787010
715958598967435265
715244761162981376
