935976688638480385
935236800976601090
933741948535320576
933392915287724056
905054592399884288
905052995498295300
902223747561562115
671792662098259968
666394606339141632
661724570743779328
661364348648992768
660544274476347393
660258160360296449
659900062407897088
659406782582751232
658806590137470976
657734530724302848
657363825251880962
656997159552704512
656639049902325760
655918817302806528
655538805110214656
655051860240281600
654777528935051264
654342165175255040
654114435787722753
653624940793495553
653339316496633856
652900172670742528
652584372030210049
652268513852174336
651810483385708548
651543732966199296
651405199576297472
651079478567829505
650722055881560065
650420080161894401
650376506829504512
650376254084935680
650086793736380416
649987245429035008
649716676817088513
648901335258017792
648651049914486784
648580791442755584
648580734404427776
648536614646497280
648535242236674049
648248264165212160
647787803162443776
647572282202791936
646787400161587202
646729493432766465
646445232758763520
646428837425901572
646345750192898052
646123314910470146
646123203937615872
646122994071420928
646013540734636032
645334068465299457
644923859565608960
644566425571561472
643929847794810880
642106533015216128
641652310595076096
641030697289822208
640656987437436928
639852955785555969
639577380487479297
638797238810992640
638762011698982912
638126584847732736
637313166528151552
636585169336446977
636289497492123648
635171336810164224
634402780497620993
633745045661716481
632976642688749568
632280584966901760
631903120419913729
630881535009292288
611637396589821952
611259499391746048
610943130934857728
610942006005735424
610914785270497281
610623640036487168
609797414396915712
609506731761102849
609186789941620736
608803424394563586
608745329437974528
608722122563686400
608709775518408704
608701836871094272
608701777303576576
608701699037863936
608687597284540417
608070083768782848
608070047769100288
608069973265612800
608069722702086145
608043377129459712
607974978084966400
607935554966020096
607706063585058816
607426982079537152
607273783817179136
607256028137152512
607059028406075392
607019895742730240
606926988821983232
606908148570419200
606898323966992385
606870334441033728
606857560474271745
606857428609593344
606699174491385856
606695184068284416
606693952649986049
606693867102945280
606692844418441218
606691530024173568
606691205003374592
606682248897642496
606682061135413249
606678907056570368
606678797228720128
606678480080637952
606677718327902209
606677464350203904
606677355969409024
606661059747803136
606661025828470785
606657252104114176
606655787155341312
606655686823444482
606653509035945984
606652335180251136
606651546474967040
606651282900672512
606651095415287808
606650708981514240
606650509278244865
606648962511036416
606647891512279040
606646596630016000
606645891487797249
606645398006947840
606643832080330752
606638132516118530
606623199153913856
606606724204609537
606601289816883201
606594609674878977
606589795918225408
606573692663914497
606528552884793344
606477175861018626
606281572694659074
606266733108690945
606249120982921216
606228986855718912
606211589218275328
605962927271608320
605962731779284992
605962464165916673
605961894264868865
605961698940321792
605960097945100290
605959183008178176
605959130176585728
605957087940591616
605957057544482816
605956643377942529
605956589548269568
605954841202950144
605953132334489600
605952175106236418
605951479648624640
605950376668336128
605949417619755008
605949171208617985
605946871547240450
605946415651561472
605946337637494785
605945773189001217
605945684047503361
605945627051098114
605943602951233536
605943280300232704
605942835418759168
605942801470095360
605942747548164096
605942702224515073
605940548734623744
605940246572724224
605940141786435585
605939644618833920
605938010417295361
605937232705257473
605936204668805122
605935217686085632
605935069555859456
605934659474563073
605933993972801536
605933090679066624
605933006809792512
605932950278971394
605932925574512641
605930821996781569
605929529815670784
605929448886530050
605929050146619392
605928841928769536
605927610363699203
605927390615736320
605926686064939010
605926557710827520
605926342828236800
605926245415526400
605926148762038273
605924737286438912
605923699737247744
605910005867347969
605905808044335104
605896877058330625
605867844568412160
605818826907713536
605790008839012353
605783577888833537
605565646663909376
605411147764928512
605406776578719744
605400272894976000
605390635542159361
604823264255455232
604818200518373376
604817396029865984
604817250676178945
604816655500374016
604816388117659648
604815232398159872
604813533478592512
604811953895272448
604809929485111297
604809604011311105
604721350901661696
604428523042967554
604427848024223744
604427554771091457
604426778640302081
604415144949493760
604396845511520256
604392519279894528
604344505643323392
604266246016757760
604266116781854721
604266020749053954
604265935772499968
604265847343988736
604265534646063104
604129572632678400
603763546300678144
603744791407517700
603737702400425984
603732185665908738
603637352108404736
603606284319924224
603598709775937537
603386056822493184
603319948962766848
603305483013791744
603270668516339712
602546256402055168
602257785850568704
602257363308048384
602257327593562113
602207211738238976
602207162560045056
602198544301293568
602198474407436288
602178861682524161
602178805793484801
602178775527337984
602172161458053121
602165422226538496
602165399476633600
601868406661459968
601868379721457665
601868345797926913
601859621448331264
601859058698715138
601859042689036289
601844464848601088
601844446146203648
601807257182064640
601806133460885504
601806115530285057
601806093128433665
601802143419379713
601785874271981568
601776424421306368
601774972072271873
601774954393272320
601496863146020864
601450158300102656
601177418553040896
601158788796809216
600824422006554625
600792538136481792
600135757420978177
600135736428515328
600135681130782721
600135588206006272
600135573706285056
600135532182667264
600135518702215168
600118668077465600
600118495368630272
600118411595776000
600118386740297728
600118344939864064
600087268670492673
600087227956330496
600087144489721856
600087125082697730
600087102370541569
600087047831953408
600087019780444160
600086983654780928
600086962456891392
600086784723267584
600086721296998401
600056843243749377
600056821143969793
600056771370156033
600056729389428737
600056665128448000
600056643657854976
600056613421096962
600056512204144640
600056482814623745
600044473792344064
600037860201394177
600037752411955200
600031854008377344
600031821942906881
600031730658058240
599816923904352257
599816864957636608
599816814961565696
599816601446313985
599816536434565120
599816517002383360
599816356754825216
599816287683014656
599816271866286080
599780396264509440
599780356779302914
599780329168207872
599780308502872064
599780285270593537
599780236381794305
599780216081362944
599780166123008000
599742745994010624
599742714742239232
599742701257502720
599742685176553472
599728140903161856
599728115473080320
599728101908750336
599716606273560577
599716572022865920
599716548492861441
599716502456115201
599716452644593665
599716435062104064
599716419199213569
599716406851203073
599716386001297408
599716309325225984
599716269965897728
599654869906096128
599654851245711360
599637778712895488
599637730243551232
599637714628157440
599455557666394112
599455518701260801
599455365730869248
599455346084675584
599455171056402433
599455094288064513
599454979645145088
599454887915724800
599392904893857793
599392872144752642
599392817186807808
599392803106529281
599392780461408256
599392733875298305
599392676157517825
599392649301389312
599392606666260480
599392590572691457
599392563326509056
599392542526930944
599392450331975681
599392433500205056
599362583339085824
599362568449335296
599362552108347395
599339169576529920
599339152962883586
599339138677084160
599339120918409216
599339105038774272
599339082175643648
599339067558473728
599339042191351808
599339024323600384
599338998805454848
599338981747269632
599338966723272705
599338948930969600
599338925497417728
599338909047365633
599322290602508289
599322267424837632
599322242200272896
599322219706191872
599322204132769792
599322187774976001
599322173510127616
599318780527783936
599302906873909248
599302885592190978
599302869632872448
599302810392473600
599302795712438273
599212670391201795
599001309027532800
598996860808744960
598980321187594244
598980303881895936
598980253181202432
598980230213181440
598980206343356416
598980185086656512
598943418899922944
598943392454844416
598943370908663808
598943220261871616
598943145955569664
598635227343269889
598250924927135745
598221954034761728
598206245846126593
598191018257723392
598182409503318016
597970414292217857
597884466523058176
597521575554912256
597453695194763264
597106261419692032
596827032836681728
596756545578250241
596740273390030848
596417562688159745
596388734032949248
596135283805925376
596121002226024448
596019199949938688
595756693205753858
595000078093262848
594984430835527681
594984383335034880
594984317970980865
594984248467132416
594984226832920576
594984166221094912
594984073812148224
594974086536757248
594948521754755074
594948372194316288
594948266137145344
594948182376894464
594947927929421827
594947857364451328
594947548831428608
594947515398660096
594947483844902912
594947463238316032
594947078817599488
594651645402832897
594651623395348480
594651601543045120
594651536455774208
594651462581485570
594651441614163969
594651270448881664
594651060750458880
594651027716050944
594650810476138497
594650789282471937
594650760220168196
594637598955409408
594614626551255040
594614573031886848
594614472158924802
594614440923893762
594614131614949376
594614056683708416
594614024135901185
594613965570887682
594613790169235456
594613764156186624
594613670522523649
594613531913379840
594613482961645568
594613354506903552
594613276463505409
594613204317294592
594612834039930881
594612756868763648
594612735515713536
594612587469373441
594612557572374528
594612437975957504
594612357894115329
594612319562366976
594611907190980608
594611814509453313
594611733274169344
594552524352393217
594552422116302849
594552338716712960
594552014597652480
594551725740138497
594551447586480128
594551231701483520
594306633083158528
594292438551777282
594259691061972992
594215801399410688
594215658600169472
594215477695664128
594196373265866752
594196316776996864
594186919547797504
594172981124956160
594167854397808643
594159485196902400
594159453911588864
594159420705222656
594159352208093184
594159270633025536
594159251137888258
594159233874141184
594138441064980483
594138418898141185
594138386333589506
594138354712711168
594138314988453888
593892695480774656
593890321966051328
593858998664765440
593843837857976320
593841997951053825
593590929136570368
593134968450060288
593103976549068800
592824695982039041
592824648687050753
592824192149680129
592742674882502656
592742629265276928
592447426503581696
592447364788543491
592447337852751872
592447280944443393
592447257275998208
592447176896294912
592447162832855041
592447119090384898
592447050496798720
592447041055371265
592447014773862401
592446992774758403
592446897849237504
592446833668059137
592446822876106752
592446810410643456
592446800344326145
592389423695802368
592389384424456192
592389323783307264
592389302404939776
592389272512155648
592389252262002689
592389216199376896
592389204136611841
592389154937413632
592389114097373184
592389090689085441
592389074029256704
592389050696388608
592388925085327360
592388852163182592
592388827798511617
592388780910387200
592388768528740352
592388751730593793
592388719639973888
592388705698062336
592388650303922176
592116338874777600
592116309929910272
592116292443856897
592116271979823105
592116234180796416
592116223095283712
592116203134558208
592116158318379010
592116140110905345
592116116408967168
592116064068247552
592116033399484416
592115915061370881
592115895113273344
592115851442167809
592115814242869249
592115683829362688
592115653299015680
592115642435837952
592115574454493184
592115469127135232
592115453541101568
592115405075910656
592024953496678400
592024931929595904
592024903605460992
592024806746398721
592024765621248001
592024749989048320
592024651867541505
592024494774087681
592024462469521408
592024442160738304
592024429879828480
592024414037942273
592024276443729920
592024249054924801
592024172655726592
592024155249324032
592024045476040704
591981344260919297
591762709537955841
591754185353273344
591750464049434625
591750449214189568
591750436106928128
591744679919493120
591739715927302144
591739669181767681
591739623992401920
591739568992423936
591739527900884992
591739514407747584
591739500784689152
591739409692794880
591739369146441728
591739351933034496
591739316117856257
591739303186817024
591739237839548419
591739213311258624
591739198895435776
591739151655018496
591739111284842496
591739083363225600
591739069966753793
591739054959546370
591739018502615041
591738984809766912
591738947606343680
591738924038512640
591738904706973696
591738894242152448
591738882842038272
591738786113048577
591738774918438912
591738700054274051
591666079786770432
591666067900080128
591666053320679424
591666015798501376
591665995489648640
591665982214660098
591665949444562944
591665910622113792
591665890409734144
591665869014589440
591665858159767555
591665839948070916
591665814002147331
591665804439121920
591665781282361346
591665762026319872
591665740748578818
591665713015848960
591665700529446912
591665678924521472
591665664307388416
591665643553959936
591665624235024384
591665599828340737
591665564331945984
591665538306330625
591665521730400256
591665481217667072
591665467749576704
591648821274218496
591647653613539328
591336910863396865
591333827706023936
591333812883345408
591333792813449217
591241483468046337
591241472072097792
591031568187064322
590932813840588801
590931385143132160
590725890331561984
590657460874170368
590320393639985154
590238858932932608
589931397420290048
589931377644142592
589931181912809472
589931167534739458
589931152020004865
589931067567669248
589931008306327553
589930969089585152
589930868090740737
589930850927652865
589930803469103105
589930756878770180
589930707805409280
589930676176216064
589892832690831364
589892820732870658
589892782606647296
589892742781755394
589892728265277440
589892619616051202
589892593896546305
589892550804267009
589892415877709825
589866719801430018
589866697089253377
589866416196739072
589866374647930881
589866307094507520
589866088713846784
589866066924466177
589866002311204865
589865904130940928
589865853585326080
589865713365606400
589629908277714944
589629878212947968
589629858063458304
589629794490290176
589629764782153728
589629741956734977
589629718862897152
589629624046485505
589629599031627776
589629584108298240
589629463568211968
589629435747442688
589629405783265280
589629318185230336
589629300699168768
589629085879513089
589629051964416001
589629037569560576
589628967168122880
589628952588775424
589628873878409216
589628831117500417
589628811601440768
589628790432727040
589628754906996736
589628709260365824
589628693200375809
589628577525665792
589628526925635585
589628446726344704
589628431974928385
589570599380484096
589570524415668224
589570490651533312
589570458858745856
589570345562177536
589570312527810560
589570274355445760
589570258341593089
589570238489985024
589570205497581568
589570158944980994
589570108168757248
589570022282043392
589570007056707585
589533695222095873
589533680391102465
589533656307343362
589533603714990081
589533568373764096
589533555753148416
589533498370842624
589533471871209472
589533399188185088
589533379701448704
589533326836400128
589533291142893568
589533263464628225
589525130411376640
589251272898904064
589246288253825024
589246231622352896
589246208503390208
589246194590867456
589246163657822209
589246107751997440
589246078085701632
589246029796605953
589245982921138176
589245946980085760
589245928168620032
589245896484855808
589245856613851137
589245818118504450
589245796832391168
589245765849088001
589245693732249600
589245617655910400
589245602896211968
589245585686929408
589245573024374785
589245493684920321
589245476383416320
589245401896718336
589245382733000704
589245360083750912
589200852881018880
589191682438082560
589191652217991168
589191636179144704
589175828921065472
589175811929985024
589163725053108224
589163711941738496
589163696351477760
589163682346754048
589157867250438145
589157833687621632
589157810874806272
589157770236190720
589133801009258496
588933061036781568
588852647202979840
588832177489580032
588832151409426432
588801460651040770
588801442078711808
588785467216105472
588783595398959104
588783582841151488
588783572720324608
588774671899832320
588774654480875520
588774632569843712
588774618359537664
588774603364966401
588774572973039618
588774555856011265
588751664825372672
588751641479929856
588748795934023682
588748771426754561
588748693957955584
588748644515520514
588741801089073152
588741783921811456
588741769057214464
588741750698733570
588741732055003136
588741712731889664
588741694641856513
588741674106490880
588741641877528576
588507407992561664
588506420955336704
588465590680952832
588450685068251136
587792047546834944
587700685396844544
587440922738040833
587439168264937472
587387680113221632
587387661431758848
587387628351283200
587387582557908992
587387519945281536
587387501544939520
587387472176349184
587387452161191936
587387412038426624
587387400067874816
587387374952390657
587387340693364736
587387308116160513
587387276788953088
587387252524904449
587387240676007937
587387109155147776
587387092528922624
587387072597602304
587387061231030272
587387026300915712
587387002653401088
587386979572121600
587386970667638784
587386893584719872
587386868498464768
587386835292315648
587386817265164288
587386781496176640
587386741390188544
587386722809425921
587386709815521281
587386687254355968
587386676592431105
587386646439530496
587386609982636032
587386573366276096
587386546044669952
587386523127062530
587386509373923328
587386456009789440
587386425550761987
587386413299138560
587080635573006336
587080615972966400
587080553830162433
587080491691552768
587080390705344512
587079490746118145
587079419363250177
587075146520911872
587075116649021440
587075076421476353
587075037024387073
587074948306489344
587074924126298113
587074907571359745
587074855494930435
587074761899040768
587074711227604992
587074699978526720
587074648866684929
587074568872919040
587074557405691904
587074537809960960
587074524094537729
587074500065435649
587074484840038400
587074424572145665
587074389444861952
587074376278941696
587074310814203904
587074298118012929
587074284541075456
586947815525474304
586947797494198274
586947259931197442
586947228914319360
586938895499165696
586938226465763328
586937389718888449
586662587535732736
586662570435575809
586662549879271424
586662533353705473
586662508028526593
586649631586701312
586649582601383936
586649542298365952
586649508429373441
586649495322112000
586635844745834496
586635826123137025
586635790643503105
586635772448604160
586635751082823680
586621030657105920
586620985333444608
586620958397595649
586620936956354560
586620913174638592
586607850157449216
586607835955462145
586607798387089409
586607784155811841
586597296684544001
586597275926978563
586597264648450050
586597222030123009
586597210453909505
586582125723394048
586582113203421184
586579963106746370
586579928755343360
586579914150834176
586579879929479168
586579843485147136
586579829698465793
586541524013428736
586287118714064897
586287103849398272
586282214570205184
586273898079133696
586273879003418626
586273862901444608
586273844714987520
586273828734636032
586273809516392449
586273792667844608
586239077898448899
586239062618537984
586239044482428928
586239032637657090
586239019706687488
586239002207981571
586238958700519424
586238937947119616
586238924902813696
586238910977732611
586238899854434305
586238886537486336
586238869781278720
586238839901057024
586235613722050561
586234728627343360
586214901997146112
586206252759437313
586206235298553856
585994505158950913
585985672990732288
585245075753402368
584785125558198272
584566208541822976
584530897233281024
584523361578921984
584510538241052673
584502448355610624
584104180278624257
584072738815344640
583830853589041152
583713109199626240
583361043809767425
582338948250279936
581158688678776832
580904692227559425
580598869937037313
580499004040949760
580428976012693504
579719263650377729
579409687029768192
579356870273462272
579303994633236480
579122819717468161
579103941914284032
579084320087756800
578982374202978304
578448277701464064
578369164634501121
578244936170106881
578041516007948288
578036437322317824
578025581385666560
578005632134975488
578005580272439296
578001287653928960
577953761269690369
577635551899090944
577603283541331968
576561491819679744
576096183338160128
575361625672167425
573575715087503360
572871236964909059
571397809934630912
568901236583473152
566372339143933952
563808004290916352
561252768867168258
558770280605024256
550761683816153089
547474040370507776
546030778950647809
545669364570394624
542408423015346176
540605816861372416
537693647731695620
535525350273744897
532630082133962752
530454429108281346
528261603251462144
527899853117218816
527554462442078208
527231278387851264
527158038634180608
525423192744419329
525368701759913984
525059259814252544
525000626586255361
524636707053125635
524331940636532736
522825800970543104
522099751056314368
520326080071102464
519562805385510912
517751159206211584
517026230429044736
515214969332580352
514489866902851585
512631906786361344
511952320696156160
510503339566837761
509416534129639424
507604313703583744
507239259104100352
505083220673970176
504350452780400640
502545442157391872
501820258957930496
500009441484623874
499279452296458240
497465673279602688
495269478524272640
491660053947351040
491659972028403712
481918102041399297
477512362006966273
464143221249945600
461263199086465024
445314916824936449
433699294533931008
423564252189061122
423523030519009280
423216960772784129
422907311079051264
422824341416738816
422455534084960256
422454287516852224
421801293423050753
421771508038770688
421431202873348096
421431129372389376
419562930565550081
419264802985631744
418867018079940608
418429111653396480
418201266008109056
417786055816142848
417041210499674112
416706449394630656
416379139781054464
416307579120545792
415999571941392384
415644439420612608
415577201900548097
415576596213661696
415559399479185408
415559153638453248
415559110357438464
415558759059320832
415546305415766016
415531385152339969
415496468947296256
415191502005223424
414935531882283008
414929656790667264
414508642579542016
414229238586572800
414081853067628544
413804814079102976
413693276005621760
413412249257390080
413332909710262272
413332760372051968
413332570718232577
413007117160038400
412746597416845312
412656018620178433
412622678659706880
412622491950264320
412321280793530368
411956501147045889
411680875894808576
411586327969533953
411573761897672704
411573471219830785
411544423814557696
411233167832387584
410944986830893056
410587186409799680
410560871212269568
410542053941329920
410126766888730626
409782054130573312
409448515673534465
409101235997130752
408740319682113536
408358900367622146
408027935875293184
407983960107778048
407671615745302528
407286914484817920
406920866505965568
406913401047498752
406433893181825024
405792215336644608
405462568124170241
405089901600714753
404795462425014272
404332358603902976
403967173195878400
403613518563270656
403257571869356032
403216336769515520
402878015048544257
402607363112177665
402555749324562433
401842220573396992
401460050058690560
401130469942505472
400729667977502720
400393338748416000
400349581205975040
400050221482512384
397503894726524928
396332708428668928
395947434310111232
395807769464672256
395666997641351169
395291613070909441
394954842554515456
386270862216658944
385444730189774848
381879674562830336
381879440810061824
381590036069613568
381503531267522560
381235761074298881
381202710755680256
381202585169829888
381147543347793920
381142727418580992
380792287317356545
380777022244401152
380774254930694144
380773256266924032
380748768590577665
380746887348760576
380480268961714177
380452035956465665
380440126272200704
380406484032430080
380389632589828096
380152301014376448
380151802395512834
380151624850628608
380151564679147521
380149626986176513
380128538797420544
380119486830899201
380109017143451649
380095857372041216
380020166781710336
379775636429996032
379760724890755073
379760685644673024
379754318452109312
379743180888895489
379729270245171201
379712896802254850
379695631310540800
379684936107565056
379682689504526338
379632186569146369
379400784930029568
379391166371725312
379390652615622656
379385491142889472
379059794964783104
379018528474423296
378983101709307904
378982827804463104
378982714805739520
378982496701906944
378981733036597248
378981207322546176
378962921394409473
378924080327430145
378923840832684033
378755061465112577
378746756608962560
378741220551315457
378733166741028864
378725113396330497
378717059678367744
378711775052460032
378704729271848961
378701499007660032
378701318262497280
378697430385958912
378689880865247234
378685350761091072
378682834153529344
378678688776065027
378678395137060865
378678236713979906
378678098616541184
378677959562768384
378677762501783552
378677549129162752
378677428379340800
378675297664512000
378674832524582913
378673270448332800
378669498812751872
378667822185848832
378667773045383168
378667730599026688
378666397426909184
378660435664203776
378649362844246016
378644330291798016
378640278392823809
378634766020407297
378630320590831616
378629229744627712
378628609121857536
378626922403483648
378623326932852736
378622275571810305
378619162576171008
378615641575403520
378606580846960640
378604438673305600
378604063543136256
378601554766344192
378599037668052992
378596515347849217
378590412266414082
378588964484943873
378586068649385985
378584250267607040
378583930858778624
378582832659959808
378581899746099200
378581585735348225
378574777721425920
378573865292558337
378573451692220416
378572995310002176
378570560315224065
378568832018694145
378567530870079488
378563797272633344
378563550047772673
378557505627893761
378555215311425536
378553730330685440
378551886749519872
378545107865067520
378537096962523136
378531081571426304
378417909443198976
378410282361438208
378405249192431616
378400220280651776
378395182594416640
378393045210628097
378392972762431488
378390150054563840
378385115962802178
378381243772989440
378380082336657408
378375050165907456
378374082879684608
378373670088871938
378370042271768577
378370015688290305
378369477621993472
378368900322181121
378368579634098176
378364982968061953
378363083627843584
378359951162216448
378355167701131266
378352289364201472
378349882764836864
378347612237086721
378345330825125888
378344852062089216
378342501829967872
378339816321994752
378337291770408960
378334974300008448
378334180448284672
378333189145497602
378332036533977090
378331882133270529
378329079725846528
378326060900687872
378323721284358144
378322390490435584
378322069076733952
378321864243687424
378320522229985280
378319798234390528
378316337514164225
378310824768466944
378310622745600000
378227981916700672
378226601814540289
378225383008518144
378224246746386432
378214091443036160
378211178851209216
378189547361677312
378010539286212609
378004832247746560
377985221838127104
377973760852107265
377972442397802496
377972433057091585
377972420524515328
377971936191463425
377945582423134209
377932243781431296
377931860174569472
377923244717637632
377886640523333632
377872119582846976
377861884394745856
377853028042158080
377852598809681920
377825898734813184
377822603424985089
377820576439873538
377820403294826496
377820306351853568
377820232783785985
377812309659631616
377708423766614016
377708312189743104
377708004998905856
377707931690876928
377707495705554944
377685441153335296
377685125460688897
377678174441988096
377669954503704576
377668911552270336
377668415894609920
377665974943490048
377647344113942528
377647243853312000
377646184132661248
377633895992135680
377631259452661761
377631232072626176
377631160156700672
377630745566539776
377630310156214272
377629776019591169
377629451087273985
377627060660740097
377625670165086208
377625436609454080
377624440726511616
377622871704494080
377622450764140544
377622234040250368
377621155328172032
377620338391015424
377618620320215040
377618301657944064
377617854054416384
377617431977398272
377616889175760896
377616583511654400
377615387036106752
377614588201533440
377598832499912704
377586501455847424
377583085350445056
377582158241878016
377566697953050624
377535128441847808
377526260353622016
377458685766664192
377456849773027328
377259188667158531
377257889238233088
377257691350978560
377256865106649088
377235232946003969
377231292695195649
377229071366623232
377217811635904512
377209448739004416
377171003404587008
377167489169248256
377142584583286784
377131521536040961
377120027125620736
377118554576809985
377097547988230144
377096473252360192
376722161764823040
376549412027133953
376548158391611392
376547348526030848
376544254702546945
376428313134125056
376414317064617984
376414140346015746
376157123081560064
376148801074896896
376144301282959360
376140717816434688
376127782591295488
376125184622616576
376109545031876608
376108129533956096
376074512430686208
376068686185914368
376063156021248000
376062084926025728
376059191401512960
376055389747281921
376043052868972544
376034248496386048
376025852208635904
375775566089043970
375768178313269248
375723916041273344
375723638072147968
375722133663412225
375684797625942017
375674098753351680
375671561274925057
375442434517245952
375434984690941952
375422242613514240
375421756921483266
375421556714790912
375421219173978113
375420923119034368
375419904582615040
375417215131983872
375410382711435264
375403629273817088
375392756119523328
375390774554161152
375383977483182080
375368501302538241
375089222173986817
375076473335336960
375067809866194946
375034176224780288
375025037612298240
374958737179422720
374956810748182528
374947994858037249
374941074571005952
374762289808691200
374717374231896064
374334641626292224
374231638361665536
374225930324946944
374225272880377856
373855855558402048
373610982167175168
373565853876232194
373549654429802496
373536544801320960
373516088874504192
373483334573101056
373478918239420416
373311072792354816
373308821541642242
373257976527597568
373245983020171264
373225952748122112
373219247301722114
373218379521200128
373218010783166464
373153015399587840
373128861908611072
372895514510913536
372887709733236737
372883234998067201
372879847254523904
372878478745411584
372876888965775360
372875423903776769
372874277504040960
372855408756420608
372853654811713536
372760896180723712
372569926201929729
372568919279538177
372567289251373056
372564973609693184
372549770008461312
372540223650951169
372524547171291136
372518521390899200
372518316713062401
372518161528012800
372517725387517952
372517516578283520
372516620570095616
372465965356695553
372465644400148480
372464451661729793
372464100325851136
372430015536721920
372409245112598528
372395742016438272
372179643664564224
372177552279736320
372176967446974464
372160045267427328
372157727478255617
372145375898918912
372115253196099584
372109519934849024
372105956768751616
371674084095975424
371396649374859264
371396296306749440
371304153047662592
371298587646242818
371079473614954496
371031210274734080
370712842749493248
370631565988339712
370346864945532928
370283535749234688
370233989258178560
370227524199931904
370217932392906754
370019387643686913
369992715930333184
369960979976564736
369957514869096449
369954917185638400
369945044603502593
369936950616006656
369913147731107841
369913050460987392
369899657133965314
369847279051481088
369633417425477632
369591083262410752
369588352007168000
369536460879179776
369535914801782784
369497818160844801
369490407672922113
369164571535110144
369164484394221569
369161696272592896
369148606671880192
369146376367513600
368538676323557376
368468455625744384
368396153458413568
368185623124791296
368138540716011520
368110102835785728
368071064473317376
368070192011571200
368050335551471616
367720508009111552
367703347249152001
367702158860247040
367702037560975360
367432788972011520
367403420191166466
367345999305400320
367296718569611264
367099923608518657
367046634602905600
367016826800058368
367016791005855746
367008415060467712
366969201409269760
366618862734680065
366618732988080128
366348699099594753
366348640605847552
366348492681125889
366322305892233217
366310197314072576
366307442214191104
366301522079911936
366301133284704258
366300919995965441
366300242569736192
366297931613077506
366296660378255360
366288465790382083
366285273585295360
366284346853818368
366246522347716608
365997909881270272
365983747369218048
365983480426926080
365975710109671425
365974190156808192
365895371928502272
365879050234900481
365607982047830018
365507724798201856
365506512086507521
365235772930007040
365156482586664960
365147525302321153
365147104043216896
364793516490100737
364785447525822466
364533150237462529
364504022218055680
364451335099678720
364436244719075328
364416206024871936
364146370090766338
363697370955268096
363443925769400321
363385094708281345
363383455104516096
363382726268694528
363381937181687809
363381441360445440
363380471079501824
363380365848625152
363379570365308928
363379406284128258
363377234284789760
363374764187856897
363374546495090689
363374323169374208
363373826932871168
363372414412926976
363371997884989440
363370839002980352
363363123035521025
363346134963462146
363332480444538880
363151186997686273
363150513795108864
363104503001649153
363095016954019840
363094737168760832
363094300449439745
363094009205366784
363045229370163200
362985868539080705
362973447430746113
362971432105422848
362729763053383681
362687034323763201
362641878576939008
362620577120399360
362364072387284992
362351664335822849
362316504231972866
362268542172803072
362255094995099649
362010384988782593
361973606776975360
361925947693334528
361925932778397698
361925907994263556
361925747155283968
361924842792042496
361924585672802305
361898776836833280
361894736556072960
361880719720587264
361880163681710080
361648408802516992
361148604703977473
360888263042539520
360810587044839425
360557713643683841
360536623282257925
360490057519480832
360443584153010177
360218629574377472
360191865053659136
360140619466809345
360109823607570433
360065641107046400
359893596117274624
359734117799165952
359543430470311938
359542022509568000
359458667877249024
359426763828363264
359417364837699584
359416348973080576
359412346281668609
359378551113392129
359000212393558017
358780622971486208
358775071743016961
358662813692084224
358433434047246336
358370963542388737
358349630045560832
358303388401811457
358280146727759872
358260252145229824
358260214841098240
358259925211811840
358107357684830208
358107211806945280
358099637590188032
358093537394425857
358091351399096320
358086567455232001
358086475616747520
358086198574596098
358084061497012224
358083881649446912
358083662027300864
358082574167470080
358081090109452289
358075331045232640
358061562625400835
358056584577949697
358001659982528513
357998686632034304
357994687186997248
357993744550731777
357992705365778432
357990385932443649
357989152068874240
357988282442842113
357982208314703872
357980665368674304
357979971295260674
357979577848582144
357974508512100352
357958881156145152
357958573696888833
357951623185702912
357950994254012416
357948206505660416
357943077404553216
357937877474639872
357929847345004545
357929162754899968
357925192003092480
357923447332024320
357922797995040768
357911508056932354
357910410931867648
357910230488711169
357908521246916609
357908321489002498
357908020702871554
357905823365726210
357900453310263296
357898980757217280
357898313082748928
357897265840525312
357894933283209216
357648762107211776
357590020116320256
357583262429880323
357562262543806464
357558649046048768
357558117971668992
357545328620232704
357296264095858691
357251959725633537
357223171893633024
357212906582052865
356997926934941696
356921036874330112
356888315695337472
356841517240950784
356813193714216960
356499727627468800
356477980974923776
356448203450748928
356430481031577602
356430076541288448
356268075768754176
356088252391895041
356087580829290496
356087235197665280
356086455359127552
355881718307237888
355845619392327683
355828056595759104
355805941247127554
355782784226312192
355753859207008256
355736854294822913
355455841643675648
355392867746848769
355373615660806144
355370458847248384
355368198712999936
355129956352798721
355124920499445761
355123658894753793
355113902171889664
355109845529141251
355108159951609858
355108021094977538
355098337353015297
355079913373564928
355077062953955328
355053523513245696
355049078654111746
355047757343506433
354778333042577408
354748490800300032
354746000935620609
354745452798820353
354744836496175104
354739316154576896
354699019550851073
354646378724605954
354340481938898945
354290139608002560
353978881532899328
353197846624874496
352842921789227010
352577711660740610
352484132607107073
352232222151032832
352173152509501441
351842542469386240
351758822454464512
351166310983532544
350770428790308865
350741909582524416
350406103076581377
350349801738612737
350330305770553348
350069758454022144
350028058679459841
349986697339076611
349608720738680833
348517077516177408
347803581967110144
347511725068779520
347440850340573184
347132825545355265
347035385848799232
347007225589551104
346768002680758273
346758574585810945
346665521535651840
346297970356011010
345701355475841024
345622157293920256
345573786634047489
345328545830141952
345251002552832001
345243827768012802
345220690556891137
344882969342791680
344862509821472768
344485122940223488
344244110221250561
344135406150885377
343811848447070208
343719524681523200
343488016444162048
343487875624603648
343487665695502336
342715181496946689
342409872224174080
342363879424282624
342107974719909891
342103142198042625
342100093417177089
342098745204293633
342097285636825088
342061127993266176
342030398290812928
341965568057962496
341719890044002304
341601795208011776
340571223299878912
340498799325753344
339959364100169729
339927794387648512
339870453239799808
339820179766788096
339778578327666688
339519447616335873
338563618444550145
338563460642250752
337015885330006017
336271542260494336
334823282668879872
332686987423252482
301175424216616960
301175395514974208
301175369308991489
299997417095450624
297415144647053312
195948731965775873
123492516929601536
90819327250546688
90650172538896384
90644159635009537
90642404880822272
90641844630859776
90630789963841536
90613068488376321
90612771716210688
90612637808852992
90606916790792192
90606780761124864
90536883280551937
90536728946946048
90529566707286016
90524063008698368
90518544298684416
90518483921674240
89389375053508609
89036707755855872
88708313059049474
88708139041554432
88704363668832256
88634734342705152
88347507628847104
88228585642532864
88228353848520704
88228113024159744
88224698718101504
86484906225573888
86122770030792706
85733658601861120
85479607402377216
85372472744099840
84274093670666240
83280094080151552
83185739898159104
81830701258915840
81393986358624257
81144572826234880
81144464336359424
81036049131913216
80793983705554944
80679960716640256
80670642185306112
80670511121707010
80394145188941824
74592493634715648
70561076013576192
70203549929320448
68762153598980096
68386908060921856
67659295109558272
66586068492894208
66582638542077952
66222277255110656
65856395664297984
65512254673649665
65496934563065856
65496724147408896
65496663212560384
65492216990277633
65490884996767744
65129918257840128
65123444508983297
64405549948743680
64404837953044480
64034539550408704
63974681568485376
63719991920443392
63714081718280193
63680115904753665
63644089790373888
63641779966197760
63634041202683904
63632693342121984
63341840845389824
63337445869105152
63332223989985280
63322382198247424
63322201084014592
63321302525689856
63319476355084289
63277626915176448
62906264992223232
61906227474595840
61871306542563328
61548645333483520
61518510983094273
61145572899438594
61135079723900928
61108809187328000
61108698726137857
61107401578917888
61107330045050880
61093427667939328
60823917501222912
60812471870566400
60786303423356929
60452456055832576
60434375564726272
60114000435884032
60076898474147840
60067614176722944
60058387576127488
60047001814966272
60023159902048256
59380398198763520
59331743357997056
59002031729422336
59001035456385024
58990353264553984
58986998056235008
58972971099889664
58965557596258304
58897176746659840
58601844674539521
58590945918201858
58589038952722434
58573806268203008
58275943722123264
57488401678598144
56797940450205696
56475822055358464
56432219039866880
55745228958740480
55741871779098624
55681596103213057
55401634817261568
55400765547749376
55363553204506624
55354699485945856
55042339697205248
55027005313384448
55025609625182209
54994675790123009
54977567647744000
54307643350716416
54252294937657344
53944245777743872
53942963713224704
53942550591045632
53934883428511744
53933458325651456
53931071431118848
53925086406787072
53905653483323392
53895442198577152
53893695891705857
53573433744826369
53573141854826496
53570869645148160
53564852706344960
53559043586924544
53552290606481408
53536690563850240
53535924113510400
53532356954427392
53530366354530304
53506446511448064
53506012531015680
53505565732765696
53478568012943360
53466537658556416
53243791271927808
53237108529315841
53216040288657408
53215802173816832
53210339722006528
53190177367130112
53189774961418240
53186968418394112
53133600475975680
53130461328842752
53110207252934656
52890013758795776
52847781378916353
52846889485340672
52839370624991233
52807772479307776
52805295398862848
52787828584755200
52787697525342208
52767298364256256
52764110307332097
52481808582979584
52477791802884097
52468194660712448
52461240357883904
52454141846495232
52434334812078080
51430926781128704
51414833060515840
51384979460063232
51370003659898881
51351538999885824
51347640952176640
51347122758496256
51320688576962560
51011004355723264
50998353756045312
50998166929158145
50997821876355073
50962985954447360
50953112810303489
50953021772931072
50945738376626176
50945447380008961
50625518718029824
50618940409384960
50612733321818112
50611226144800768
50590415530897408
50573807123054593
50340526515437568
50340348932800512
50339913866027008
50338900039831553
50338089163431936
50332964558610433
50299455504781312
50287017946382336
50253608008167425
50238880716296192
49965925734158337
49944200489336833
49937895942926336
49936459884539905
49929823606411264
49928897109819393
49927025233899520
49926748514693120
49926147579973632
49925841332875264
49925712605495296
49925009040359424
49924903012532224
49906273927430145
49868080234500096
49867455245467648
49843026629111808
48850865410424832
48812737945550848
48808813356253184
48807336755732480
48778931310051328
48758063905255424
48757609917980672
48507981033254912
48506720649089024
48506508824166400
48504423391035393
48504029113892865
48503970678845440
48502176242335744
48502165215514624
48500703177617409
48462894781841408
48431173285842944
48392451257413632
48392385511690240
48392326585921536
48392287654383616
48392008649277440
48391840814215168
48391757880233985
48391720378957824
48142317101654016
48113818085236736
48082395785723904
48058071800496128
48055395897450496
48055237847695360
48055086840164352
48030497695219712
48030436605181953
48030250315153410
47768378919751680
47767819126972416
47766493680766977
47760567787716609
47760308667817984
47755357753311233
47744830717169664
47733770970869760
47724397619986432
47721757288828928
47720320001515521
47715519624773632
47707309354401792
47705684963368960
47699432229191680
47698730564059136
47693253922922496
47690774497853440
47679706199371776
47679454075559937
47678251384057856
47677979265994752
47677119815352321
47676686728314880
47453997543604224
47453299774996480
47451820188106752
47436886343561216
47372026377273344
47336034475839488
47323537429630977
47319882160799744
46611895721017344
46611838695256064
46611808215236608
46611034995302400
46610029532553216
46610016932859904
46609867041021953
46609744101773313
46370306343976961
46337125414748161
46330991903649793
46330967840915456
46282543280037889
46281865828646912
46273346526126080
46250408364097536
46240348376276992
45945082402181120
45908484348329984
45900500910088192
45894334096211968
45894323174252544
45891746529411072
45884581139845120
45883474095243265
45869830749945856
45864174059917313
45864032753811456
45864011555811328
45854872557469696
45589632188030976
45566051840303104
45565864984059904
45565691465695232
45554209143263232
45544572419452928
45543987838328832
45538103099793408
45538034535497730
45537992898658304
45537876477358080
45537660609118208
45537613242834944
45537290692476929
45537203199279106
45512123329163265
45220797790433280
45203103343063040
45150735326912512
45150648282529792
45150605383180288
45150537846493184
45150464718802944
45150334884118528
45150285798178817
45150270656741376
45150257255952384
45150175206977536
45150033179451392
45149755990474752
44921895161823232
44921800169234432
44921617540845568
44908321110638592
44906370264338433
44906353629724672
44897757139451904
44897672812953600
44897607000145920
44870694168829952
44870477084233728
44869149515710464
44866339273326592
44856728826806273
44782511250874368
44758904839749633
44758772379426816
44758756919226368
44758715655655424
44758695673991168
44758635695448065
44758583837065216
44758563733766145
44758534256197632
44758516304588800
44758476529999872
44758459983478784
44758395009515520
44758383479365632
44758352273752066
44758335374884865
44758319834992641
44758100699381760
44757744640720896
44757459042185217
44757448392839168
43794589613699072
43794218929487872
43770901614960641
43758626174799872
43753380329435136
43750685870788608
43730055196717056
43722968056078336
43694318380257280
43439524575059968
43048640348033024
43034860016779264
43014741995683841
43002689952563201
42986727287169024
41282368711049216
