641360885299019776
626140976105529345
624281600822415360
623917947497529344
623554292243263488
623190681532497921
622146855313514496
621730813030309888
621393667916464129
621006989192261632
620647091732283392
619622710969282560
619606121377067008
619563011515158528
619200617639075840
618842024033173504
618472825783857152
618079935668858880
617385645510516737
616681718116917248
616039348362985473
615577802675482624
614519162610843648
613775047673663488
613099488723529728
611617650670571520
611241709947781120
610832853673316352
609427208440905728
608324444512083968
607960191800242176
607237532158263296
606204996472983552
606162206942625792
605836515025907712
603304408798142465
601801769799278592
601098622617395202
600385483953315840
599271041635061761
598889105519423488
598555330520489985
598144080053465088
597803045569835008
596686336762974208
596351460381691904
596010904619249666
595613614532329474
595288673895194625
594234038229032960
593788033725521920
593450971583422464
593370504226066432
593062348555997185
592832129236606976
592731270200881154
591688063971131392
591272981319569408
590945980343832576
590675088648904704
590547683359744000
590225368260349953
589165059013742592
588778781411676160
588392920790630400
588058476825468929
588028916113211395
587706917532868608
587674131593826304
586921121041231872
586629564950040576
586598705786183680
586216526073765889
585828015063621633
585568314979647490
585471249872248832
585164805595607040
584779178140110849
584771823537156097
584406860532420610
584071840336777216
584017821606248449
583704471965794305
583366028647899136
583328734079528960
583327374428807168
582934715121831937
582749393041883136
582600342975557632
582225761907576832
581922379082915840
581863372393578497
581584093038563329
581516105845383168
581138858277896192
580834283281076226
580492834777747456
580418448431403009
580051970636914688
579747085144076289
579333590263164928
579040581801918464
579034724254912512
578616860914147328
578314621146279936
578274254032117760
578229287821651969
577878452176572416
577544944274927616
577505979241226241
576870486967246848
576835798022127616
576487994502160384
576479767391838209
576439454384177152
576393487538606080
576080161407418368
575725145064628224
575362522359930880
575007332108800000
573930426772946945
573552234363023360
573125271135621121
573125232736788481
573122284866682880
572857432180858880
572531331118317570
571369673729691648
571012457138929664
570654309211344896
570348111010201602
569951733113335809
568876632490029057
568508151424790529
568122870993444864
567743402918559744
567408333637033984
566658187709775873
565957063428157440
565515086442561536
565252077480603652
563777959232696322
563459420378906624
563082920249024514
562715958272589826
562375362886123521
558785806132080642
558785777426243584
558785732975030272
558785708098600960
540615083450458112
539448526733066241
528191816198533120
522028413868322816
522028369152466944
522028350672736256
521706974518734849
521706430278422528
521706316067536896
521704561124605952
521703518831648768
521702930924462080
521692523576979456
514067449730584576
511898530508996609
510478468338167808
509475236966707200
508998463355650048
508998420829601792
508998404425670657
508998388923514880
508998370019799040
508998353599078400
508998326545809409
507902079999160320
507900434586292224
507163971552808960
505370224510902272
502826330199977985
502826311409500162
501745498374811649
496660624454451200
476367431430979584
472035573591711744
470252867199438849
470252032889077762
469588942229372928
469497216319901696
469496966616199170
469235002476343296
469126967057326081
469125608136777729
468842530105470976
468842310298390529
468806801744338944
468776696704143360
468775990307852288
468775247387557888
468775239695212544
468775229742137345
468773929809502209
468772497991938048
468771944985137153
468585095549304832
468585022102835201
468584967031631872
468584822961475584
468490388857421824
468466949605687297
468430127115042816
468426064176611328
468416097126203392
468411136522477568
468406472884641793
468399534620803073
467697602578763776
467697369694208002
467697058468478977
467696598294593536
467696109536550912
467695774046752768
467695108486221824
467695070414516224
466592664284983296
465939473662889986
464462055047983104
464461999221772288
463395767663988736
