707254079999770624
697463338494595072
697462542088540160
697462185912479744
697461870588866560
697222760146169856
697112573498359808
697112464970756096
697112400818900992
697112352483749888
695759034356400129
695759017830842368
695758778755477504
695455824127262722
694971241287909376
694971132219273217
694720979067535361
694413461481066496
694413440333381632
694223097377853440
694206846576361472
694206586340769792
694204883524661248
693909388478689280
693900737986727937
693900711050915840
693900654817857536
693675068535083008
693671142058426368
693670960700854272
693670057331654656
693669952843218944
693535884977635328
693516726537879552
693494042269581312
693493884349906944
693233959409299458
693233845286498305
693140185022791680
693139427351093248
693139157929979904
693139014161805312
692803710057975809
692632983048617984
692632806850035712
692632661534244864
692632329060118528
692632259149496321
692558088763772928
692557825386614784
692557744478523392
692557174078337024
692557008189427713
692556933669228545
692556919685406720
692547693814620160
692547677838516225
692547661413666816
692546412752539649
692506431048826881
692494621881036802
692494577320722433
692478467703701507
692433251202383873
692413050914226176
692168932472528897
692142569938116608
692069498027954177
692044538970513409
692030541001035776
691849976389996550
691781141230141440
691781117242908672
691781013173833728
691760133479727105
691757151732170752
691444405048205313
691405272942669824
691399919278534658
691399422635192321
691398907683704833
690995676851736576
690974033941131264
690340590152740864
689881466977714177
689205749428305920
688829892847243264
688829279614849025
688094077183606784
688093609451630592
688093171440455681
687910620243476480
687909795966222337
687909621474824192
687909429174374400
687757040324718592
687756970829320192
687756852222803969
687741178171674624
687502096472539136
687333652825419776
687145078515564544
687097187382116352
687029892496539648
686973731629957120
686973431242309632
686712064132288512
685217041146621953
685195516846555136
684897643642802176
684843332825030657
684833380299481088
684785603888549888
684784437217726465
684784378543640576
684610713168379904
684610540321148929
684510869829492736
683451438870085632
683025046747545600
682387684120215552
682387192279396352
681989205229080577
681571614882959360
681158759704608768
679711483345924096
676837546375057408
676837019994099712
671988880019558400
671988166736285697
671986199355985920
671246642725695488
671246595749511168
