815625663906398213
814181085831524352
813084145563729922
812009126565855233
810630689313980416
809473366637690880
809145672347762688
809101654079348736
807287116946251776
806945712336310272
806596658465095680
806181417994457088
805894539525242880
805773735357648897
805535405449715712
805411347567476736
804784723927044096
804422338594816000
803742844439531520
803672151324659712
803403118855655424
803314794866491393
802234405674569728
801863460833271808
801511576163401728
801092901736300544
800730518530592769
800005739498467329
799701402637320192
799308768907444224
799058442308550656
798573366491762688
798221966737932288
797160408029069312
796821569959931904
796536763913076737
796059637355192320
795698645190385664
794598261122220032
794223685422891008
793892253659901952
792395600058732545
792048286223917056
790595060186296324
788447069501394944
786974877508968448
784800562470531072
783713383073722369
781547599534829569
781227841882984448
778391405714563077
778004184666808320
766786912799502336
763535363679805440
762351069737299968
761974314539200513
761592682867073024
760867869336870912
760628290537127936
760574401506979843
760519123365265408
760425937410416640
760262784189816832
760262737985351680
760226778250084352
760179554543480832
759780719518322688
759448539604791296
759418348417404928
759418341547057152
759373202212655105
759086383021625344
759056733738184704
759050948656312322
759036355292696576
759026177835085824
759012614185754625
759008025164124160
758883285682393090
758814317735059456
758741925717417985
758741881459060736
758741852086337536
758738883274117121
758731596400701443
758712384617746432
758710934869114880
758710851901677568
758694743756812288
758642102666485760
758639679147216897
758637618896728064
758451932235116545
758440380400402433
758420661060722689
758357696026324992
758333587879960576
758300177664880640
758075008690237441
758056130534711296
758016427148189696
758013970510786560
757984798946172928
757981227752181760
757923492096462848
757614886935330816
757613435232264192
757357682785292288
757269428283117574
757244049090686976
756881667587919872
756645054677082112
756595005569970176
756532241795280896
756282832654176256
756200364106395648
756163709114785792
755900191887110144
755806507959144448
755800043760660481
755766889352007681
755510845392551936
755482610990592000
755482377481179137
755444813806219265
755440367449673728
755438680026722305
755434171258896384
755433546810990594
755431981773492226
755427502164549632
755425663796989952
755424976518328325
755253905290735616
755234544102445056
755231888122322944
755230815080976384
755226741736484864
755224936348655616
755222971862560769
755215308508372993
755213081345536000
755188462249062400
755187051952087040
755186639899496448
755185204126359552
755178313216249856
755176822690619392
755169111127187456
755167317068124160
755165237234454528
755117955361320964
755087718464393216
755087698499473408
755087621211029506
754707323004649472
754344897428099072
754065542848184320
754062629056806912
754058034456895488
753994342482661376
753756066521899009
753693743509757953
753634655270600704
753363241875574784
753268984611348480
753047009641107456
753046827289550848
752900459904413697
752656465400299520
752606961489711104
752570899719684096
752549831025930240
752201703814934528
752171055968493569
751883115296006144
751808190682058752
751173325469077505
751127843367559169
751083400266559489
750827790887333888
750720027322519553
750479413834199040
750416549933035520
750055111460728832
750055061531660288
750054478485741569
750007496425615360
749774810499035136
749655677719552000
748913771444248577
748637369952137216
748572166430482432
748563512931266560
748231391314247680
748204133933408257
748200111306510336
748187313528676352
747551657882329092
747530594116984833
746097823079227392
746022782333399040
745725497892495361
745653441020592128
745300917113626624
743500031919984640
743110914916769793
741314758423384064
741130297408905217
741035053220810752
740600295634276352
740337550938738688
740337498119897088
740236183569997824
738855109702995969
738085820469411841
733734979235024896
732371746670567424
732369473005453312
729693916878888960
728237883509760001
722998369535184896
722795161491603456
722440753448812544
722077853240549378
721089918966083584
720682428273025024
696496180738584576
696493904359747584
696489532267454464
684161061411512320
682275175308509186
656878096298201088
645993617300017152
645993291134205952
643562261806624768
641346823634878465
640661241854169088
640660736503472128
640660550322511872
640660508022976512
