927220223140290560
926506118297223168
917774915658334208
791694057688797184
760262589896994816
760262318689181696
760230999552778240
736980469388976129
736920073219145729
731280258830213121
731280189338984448
730906530451595269
730906330551062528
730906272254418944
730906161377988609
730437445997580290
730142278153474048
730141820353548288
730078603174498304
729769135949811712
729768746588377088
729768270958469121
729710050852249601
729355225287393282
728753833325690881
728743485302439936
728743258843578368
728743098235256832
728742744487682048
728742555785961472
728647902810144768
728298251690987520
727987571058298880
727985010431516672
727984844794306560
727984710429761536
727920778558115842
727654106811248641
727653954432065537
727653577879998465
727651626882752513
727651562705850369
727589436783923200
727575738912641028
727535711440662529
727226894588878848
727195695535419392
727194177897811969
727193769506799618
727180897494016000
726123774811086848
726123089478590464
726096505866584064
725835847845732352
725835728425357312
725835563572457472
725835150181863425
725766185657081857
725716236575764481
725453340973223936
725442906891255808
725442766486966272
725416589445582848
725400511885676545
725369163976306688
725366865950703616
725365385394954241
725080881908617217
725042679571177472
725039726466613248
724980684603928576
724979296855531524
724978730549018624
724977870586712064
724977547277160448
724977186755719168
724976755174440961
724976304588726272
724975995124588545
724975686029578240
724975148235902978
724974425272102912
724973826921119744
724973339408736256
724973047288107008
724972618735079425
724972294968324096
724971918764441601
724971627751038976
724971247528976385
724971033242030080
724970613161529344
724968840174526466
724968637254258688
724767505152004097
724682108824784896
724681796898541568
724661170213265409
724644170753662977
723575706219728896
723187050720063489
722586015043444736
722585451651936256
722520219491520512
722197399913963521
722197277968740352
722194631564271616
722194497338081281
722194431152037888
722192479403913218
722188141226909697
722188043055013888
722186125461172224
722186059925225474
722186013381042176
722185578284908544
722185430058143746
722185336009334785
722184858340974592
722184529893396480
722101180583665664
721123541966409728
721123355596693505
721122984363053057
721122833288441856
721016694617976832
720770628081418245
720770561643663360
720769732115181568
720769636866740224
720656538302414849
720635245624582144
720280464359956482
719974514239479808
719974437605388288
719974250409398273
719974156125667328
719969558434422785
719969412074242048
719968661855817729
719618956332380160
719618732473999360
719566806042546177
718589245007351808
718585012304515074
718560691049762816
718559222015741952
718558461504524289
718557994129068033
718557720173916160
718554809092050944
718464815648276481
718151445611085824
718117012178739200
717872158127448065
717871944876490752
717759904530849792
717759795676090368
717759660384587778
717758804734009344
717452335442604032
717381311917240320
717089183244746752
717088972288053248
715665755547635712
715579553964363776
715326030932631552
715325870043299844
715320086588841984
715206974061740032
714581248212017152
714581195577634816
714500517804642304
714500443829743616
714500116145524736
714499930090377216
714498979141038080
714119820682272768
713395071412908032
712670397062209537
712036471457320960
710991363622330368
710991225872982016
710858384019337218
710594847741075457
710594770888843264
710594636188745728
710594464041934848
710548559632818177
707366253963313152
707365677833715712
707365395292815361
707364987677716480
707298736418922496
707281822346977281
707249993048989696
705437658688847873
704122650096832512
704120283699908608
703282906005770240
696411093648867328
696401520749780993
690219087113236480
690066020451667968
690065767186890752
689561540589006848
689490049742733315
689197103864651776
689140120700588032
689125961174921217
688882707162599424
688882655421710336
688026078129029124
688025842744705024
687785891046227968
687771075707445248
687714320872902656
687708239325040641
687701833129693184
687675811399221248
687659095608832004
687658450491342848
687657212626391040
687646646344155140
687637472667275264
687635863656792064
687315270239555585
687278514425339906
686955209659006977
686662882273148928
686603799218159616
686533765900808192
686533362681425920
686434093223952384
686433939896930304
686392144966189056
686390731783540736
686379417703034881
686368738736668672
686345543996452864
686306568116154368
686270087783776256
686261270182412288
686231102134960128
685989521696112641
685974360646004736
685974141745274880
685929142437556224
685883805446451200
685612345670815745
685567157254524928
685538977789575168
685534635053285376
685521387658739713
685360511517507584
685311208065380352
685249578552053760
685219949212651520
685173840498929664
684902337857507328
684869211882033152
684861762416459776
684842082351972352
684800360439926784
684796818656342017
684781301094690816
684624846601363456
684519358178037760
684509741884813313
684488920063586304
684451413687013376
684422676975255552
684398070281322498
684147604469366784
684086839188172800
684078408272232448
683778662739525633
683773632401817600
683750443831312385
683750324037763072
683742171841744896
683717292983750656
683694333829107713
683671662592524288
683437827372130305
683425110418538497
683415416811589634
683392361871708160
683365947466366976
683347058871283712
683142494138191873
683142322154942465
683105525303656448
683104563474239488
683104207533047809
683103724848320512
683102949392789504
683057611957080064
683014823563534336
682969273015255040
682958380835581952
682955754693775364
682955082510405632
682954374943879168
682697864200368129
682652407759687680
682647188602798080
682607119024033792
682335255374635008
682323516067344388
682292953591582720
682290113997504512
682258652787429376
682258226901991424
682253944072998912
682252974068871168
682244732781637632
682239995877314560
682239903342530565
682047998197563392
681964706446192640
681964032597704704
681963961026138112
681958092179771392
681917371188035584
681892810753097728
681883752553816064
681872508287496192
681872381258760192
681837089286000640
681688798548197376
681656306525052930
681620904258830336
681611161289142276
681610236398964736
681595150036942849
681594630933118976
681592987508330498
681580380600676353
681543157780119552
681541297929207808
681535035002863616
681533387668992000
681514290956771328
681470003279888384
681469848526798848
681469481038684160
681469008915243008
681328612088254464
681310998486122500
681309823154061312
681309805022056449
681298725927391232
681297152933380096
681296887031279617
681295297398489088
681255798928887808
681235341672501248
681226879035019264
681220694189813760
681197010624581632
681196445215645696
681195498028417024
681165227749027840
681139100733145089
681138985238794240
681137316241383424
681136974011305985
681136697120182272
680961387317739521
680960268801712128
680958309155786753
680895943143641089
680893857278525440
680892343776509952
680892153401192448
680889640337817600
680889525376163840
680887424856109056
680885091250221056
680860521034207232
680851888057651200
680841521919168512
680821717585891328
680800023194374145
680796712290549760
680788861409075200
680788834645245952
680788069063114753
680787677474455552
680786998966128640
680746264112173056
680603513299156992
680599772718215168
680599622209769473
680582587245563904
680561484162674688
680560184167542784
680538686564352007
680535399593193472
680527328523362304
680526779166019585
680524205952139264
680521889869991936
680521395202203648
680521354966208512
680521330500841477
680508501471277056
680508288740413440
680478204017020928
680472851334467584
680461706489761793
680433775126302721
680395611842084864
680395517679894528
680395053261443072
680231948137197568
680179056021651457
680145947955834880
680143085582483456
680131028384518144
680116786763714560
680100544778637312
680100119341993985
680089995349065728
680085648468869121
680073007096725504
680070476807315456
680064765511639041
680055502093455360
680040439714480128
679917113193017344
679874604580511744
679870457265303552
679828918325542912
679826409007624192
679807151552856064
679799011788767232
679789120181284864
679772331565158402
679740566775541760
679738482588168192
679713431692247040
679710678689529856
679707201875783681
679701502273847296
679683517177925632
679682925500043264
679667365320101889
679667110612582400
679559892999393280
679508438674616320
679452061633613824
679442610792992768
679437208592359424
679430323092910081
679399227919745025
679391041489788928
679368332621955072
679357814863609856
679352260883693568
679345365355638784
679111380121743362
679110613759631360
679107070751334400
679106997246038016
679095129353887745
679089851526959104
679072933520605184
679063576229912576
679058730806185984
679028605427388416
679006092991401984
678991099000565760
678983368684400640
678960692901240832
678952607830839296
678711504628154369
678668838443966464
678620901403836416
678620108466421760
678620072869421056
678353084225945600
678349142121312256
678317503282462721
678303274647220226
678273672105189378
678258475294527488
678249505150468096
678249254863826944
678064379028443137
678048397593481216
678017100342943744
678002094381514752
677993608213979137
677990491997138944
677957086169292800
677950503607648257
677942302854225920
677937742672621568
677927430007328768
677926402306400257
677919112153030656
677910699582984192
677910453876486144
677905580573331456
677898365942673409
677896201618849792
677895783622950912
677888544551997440
677878122516111360
677877447568691200
677877389460791296
677873438388719616
677859633835335680
677858189023424516
677699871709732865
677687175291396096
677669581566156801
677663278936555523
677653643424854020
677637674115727360
677628003153797120
677620376860360704
677614562883985408
677601920702222336
677598729159901184
677588840060608512
677571653568630784
677554809881292800
677549678951403520
677539526231756800
677536503023558658
677300095801417728
677298660065980416
677292060177657856
677288093699862528
677231885479575552
677207174951518208
677201334521618432
677187529322328064
677172147479928833
677132328989147137
677132196759474176
676939527689273346
676939507422375938
676915562753191937
676906676432318464
676904878644555777
676877294292492289
676869674668199937
676825971756953601
676785244700209152
676604139581931520
676593465304584193
676588919123664896
676555799489974272
676553402097135616
676537047528550401
676534064828968960
676527266889732096
676520957662523392
676509571981029376
676468170220167168
676447460491812864
676446720809500672
676445388883165184
676431329311850496
676431235468529664
676238821084672000
676232562902089728
676227789700259840
676224748620111872
676223118550040576
676221835319468032
676218409332248576
676216475619745793
676214827971252224
676213852049027072
676211208387608576
676208505741643776
676207196351258624
676205979306864640
676203660922060800
676200671742324736
676198414208532485
676196934307024896
676195756265439232
676194381980762112
676193602549055489
676191399952277504
676190538324795392
676189229706186752
676185515758981124
676183411317321728
676175654564442112
676167203184447488
676147183725494272
676129753393291265
676099340646096896
676054072252698625
675857688836726784
675771375756296193
675766970889867264
675762453498605568
675736942433046529
675405998941597696
675375549183750144
675310508547817472
675110354402328577
675084027506880517
675042422552969217
675006503737159680
674997245083705345
674709527896260608
674674579227279364
674664995095883776
674639365377691648
674435698724700160
674417429565407232
674400297834250240
674346762094514176
674317617356607488
674292120337846272
674046589673996288
673985184086122496
673970797740867584
673968603809513473
673909836032020480
673592779415556096
673547653418889217
673270095213236224
673268136729182209
673177558528094208
672898516818124800
672821923672231938
672528337160421376
672496736623988736
672475681515638784
672112908478734336
671811334850285568
671751320693432320
671434076633501696
671375034519162881
671086257737461760
671025918542929920
670663501384388608
670331347844534272
669945141163986944
669553755407405057
669245261894389760
668881455137689600
668836488776450048
668534569847488512
668141928072916993
667764478927175680
667508331867586560
667500548069789696
667447562832506880
667156636868304896
667132271749496834
667117025987170305
667024594767712256
666752954909618177
665967579047923712
665059664090951681
664850674509713408
664140693170819072
663068467411554304
662092016839323648
661966266802941952
661619016465694720
661268998797918208
660886578391199744
660081260811841536
659415777976565762
659121119518064640
658675170056388608
658312168752807936
657677972241911809
657296597068333056
656893263924719616
656817224343158784
643485002416566273
641333794507780097
639165886906146816
636296863423983616
633436622835421184
633307346102452224
632582573709918209
631949676393070592
629026657525850112
626195945860956160
624611398408998912
623300644284149760
622141275005943808
621763738908131328
621394003615846400
621389136453242884
621366308513263616
621354212459311104
621303151983902725
621189149945499648
