938991888790515712
938990352546988032
938947354819833856
938902687571001344
938836553572294656
938758765020569601
938498287111249920
938437890077483008
938153784760397824
938111410646609921
938089566635880448
938045298831585282
937909405814702081
937879272022163456
937737909473386497
937481581391949824
935553886227546112
933772807262969856
933741947436523520
933433413658320896
933365392164003840
933038884073566208
931582714989363201
930498415397552128
929046011271462912
927631667287617536
926494205060431872
925423549765976064
923616431517745152
922927667539619840
922164363024142336
920694144103718912
918521671736107008
917873787688796160
916347333729644544
915984959743000576
913913163388641280
912719763591200769
911289006393982976
910193918754430976
908344614028959744
907742709208588288
906259534288584704
905111017138536448
903648647803314176
903301370727473154
902580280522825728
900483529858875393
899375508843933696
898589424707026944
897943977583796224
895691236622782466
894624790643744768
893227926589628416
892881717341544449
892116652875104257
890990338331955200
889905692601065472
888443456879697920
887801262380425222
885986515049775104
885542251316760578
884898579680075777
884450196867829760
884117761365913600
883775221303398400
883370032763256832
883361546000154625
882725226479366148
882678320772423680
880468111266168832
879757026988933120
879718481398161408
879718341333598208
879405192378109952
879021389868433408
877960824828051456
877934232705810433
877925046211158017
877924977235841024
877924914547744768
877904072732426241
877903126841274369
877595582142926848
877543122623881216
877541626532421632
877256033730609152
876838977512198144
876484660980727808
875387162312585216
875387087310143490
875385502437744646
875031865782030336
874387167878946816
873947958726742016
873208137116811264
872493532560244736
872483303923658752
872113523999907840
870729372113686529
869984458522247168
869935079379746817
869584210381594624
869566569868705793
868155706356015105
868143384082251776
867787305318207489
867092795986649088
867080422819102720
866734206579228672
866676731108773888
865598710444457984
865597955155181568
865250723566501889
864534868142596096
863801096203927553
863506069925937152
863072653086670848
863072461784358912
863061243069845506
862735841734541312
862336436384563200
862334454034976769
862334433440837632
862067144783044608
861975956558237696
861960084242354177
861632553450483712
860614854540787713
860239300171931648
860174314938613761
860143314321920000
859876415679770624
857987803283546113
857642070839762945
857051707561263104
857045658477314051
856961021042348032
855828564586807297
855462643905081344
854726307799748608
853685850416140288
853685795751772160
853684436860153857
853042135154565120
852949339211128832
851488314267844610
851480734749433856
850377657715802112
850051905602502656
849771767803424769
849663221157863424
849358438077415424
849301751228506112
848974111183323136
848218409489715200
847859496357511168
847840941524135937
847239999590289408
846882463963987968
846814553266540544
845037724482486272
844960104935940097
844596438696771585
844278716893036544
844217056576778240
843888759292678144
843886643182419968
843863347267166208
842890031412924416
842767607396626432
842169909081653248
842163850774364165
842082189726568448
842021484709072897
842021463854989313
841698379423920128
841346884702633984
840245891684425728
839885474491691008
839885169733443585
839884098432749569
839640553755045888
839570825472696320
839525657163882496
839204040814665729
839167504521912323
838858890192138245
838808800706490368
838119568459497472
837806420200308737
837723409320554496
837721596307488768
837346780266168320
837014803822452737
836635573641068544
836623499615612928
836621999392772098
836281692901924864
835219305704779776
835213862311886849
834085286116155392
832733919761948672
832655222740705280
832654540721647621
831570435590352896
831548564073361408
830189417981759489
830114129083977728
824672528001953792
823678726164475904
818217659523219456
817430543423766529
815388394414952449
814201135774900225
812840308190781440
812342032727314432
811617236469170176
810560264407945217
809822205940903936
809080521342918656
808355766339977218
807268596661436417
806543820116500480
805819036793614337
805109368152670208
804845115260866561
804805312536379392
804739310503084032
804474047119654913
804052393918795777
803331413667778560
803282327212146688
802602830796234752
802569937449459712
801878060366561280
801470380648972288
800745603638530048
800066118379413505
799341363871379456
798701380349214720
798208898704424960
797191299874967552
796442260179009536
795725806882299904
795672192503549952
794302379596255232
794207531430252544
793560180248104960
792048319082041345
791335631267835905
791323538238038016
790644049313013761
790583643903143936
789858915206836226
789149216350228481
788424431399899136
786974899457789953
786295374113714178
786250111802191872
785525288117628928
784438161195700224
784075783090221057
783713383279304704
783350990615425025
782954295830478849
781901465967222785
781868595244572672
781538900456140801
781265686475616256
780769229989634048
780442747492790276
779364723020165120
770682514750877697
728638731284942848
722109092228046848
722108812006535168
722108436863791104
722107382734524416
720742914045845504
719324153187213312
715615361974951936
708017447496978433
680432869466968064
679738288119263232
679379679506120704
679011373246885888
676617662852521984
675473972373274626
674766445171990529
673699459675615233
673698264076705792
673697240234479616
673693902340292609
673689429572194304
673688044734693380
673687289613168641
673684463663112192
673680243459231744
673673823934353408
673670240606232576
673669611603304448
673667597641101312
673667094358179840
673666337592446976
673663820041207808
673661225172078592
673660218392342529
673657699230466049
673656004555444225
673654933892243456
673653926852476928
673653423309475841
673652668393521153
673651881349115906
673649300497432576
673645779563749376
673643862649348096
673641535133626368
673638024677322755
673636235752120320
673632024884846592
673624053308092416
673623046532517888
673620786012401666
673618456592424961
673617125337100288
673616621739638784
673615171261218816
673614446275731456
673612553252151297
673612112887980032
673610846686285824
673610575155437568
673609756469297152
673609252251004928
673607993741586432
673605799734808577
673605107360120832
673604603745816580
673602393838350336
673599006027743232
673596421917024256
673595355477450752
673584647847178240
673573805206433792
673569090921984000
673559432543002624
673556762218381312
673553931797139460
673337123114717186
673335085861625857
673334579516858368
673333698381631488
673333068996976640
673330927649603584
673326394257096704
673323940568309760
673320181167431680
673318730974289920
673316131814383616
673313106991411200
673311026859876352
673308950037733381
673305800543248384
673303608314695680
673302412283760640
673301782651629568
673301146572824576
673300072654876676
673299065795383297
673298688144498689
673298373496172544
673298184710578176
673297330322411520
673295873036697600
673295495415111681
673294928970129408
673294425599188992
673294299845541888
673293354982113280
673292915842633732
673292160683417600
673291090561249280
673290461277200384
673288696318312448
673287186100432900
673283979026554884
673282971777048577
673280379692916737
673273447829630977
673270902738526209
673267938330337280
673265380157235201
673263744085073921
673259869936427013
673256116478955520
673244815417597953
673234969968435200
673228251435765760
673220928554311681
673214255466967040
673209650255409152
673207384844722176
673203644980940800
673201374058962944
673198982127054848
673189525175275520
673187826331222016
673183520588632064
672974735895093248
672973728179974144
672972584720474112
672970936652595200
672966809562292225
672965738362216449
672963782881247232
672963025444454400
672961255829872642
672960955723157504
672959811005366272
672957413063045120
672955896910192640
672953086768504832
672951448599191552
672943407988346881
672937166813716481
672934067705368576
672931358222721024
672930446938873860
672924892891885568
672921841741205505
672921022656552960
672919331177672704
672907121839742976
672903107655921664
672899390135271425
672895241859555332
672893358340227072
672892708541845504
672887062421458944
672883038880202752
672879273204711424
672873743266508800
672864948951900162
672860519561318400
672855581678567424
672854934480646144
672853171417518080
672849906449694721
672844989446103040
672843719234740224
672842018004066304
672841290590117888
672840112502349824
672833300847845376
672833012111966208
672832252083052546
672831497020289024
672830550852427776
672830424876478465
672830110584676352
672829669864038401
672829292984868865
672828080176635904
672826757511294976
672826380070047744
672825813335711745
672824998877335552
672822794388942849
672612306363265025
672608860197244928
672607814007791617
672606429124157440
672605669284032513
672602525774794752
672598720295403520
672594483243065345
672589772729262080
672589331937234944
672588387824574464
672587694539726848
672586509439082498
672584619116642304
672583116544983040
672576865157160961
672573461693341697
672571094327533568
672569708433002496
672567332825362433
672566196563271680
672564832193921024
672561300761899008
672558646971207680
672554983657705472
672551011718987776
672546786058371072
672540390575251456
672538688543465472
672537071756697600
672534415562702849
672532014441086976
672531095884308480
672530522510393344
672528876858404864
672528685564563456
672528115193806848
672526624819126273
672524979804741633
672524409329070084
672522233181544448
672518063472906240
672516110781169668
672514530262519808
672514089512513536
672513143755640832
672508530470031361
672506855751577601
672505532389982209
672500911311335425
672497819064905728
672496178999750656
672491821503787009
672478125511548929
672474606440218624
672470922234888192
672467184774455296
672462383181336576
672461374136721408
672459609697857537
672249950701506560
672249698959409155
672249131658776580
672247023584808960
672246142705524736
672244263158173696
672243379107962880
672240672636870659
672234416308133888
672233597915561984
672232097256497152
672231467838214144
672231215416672256
672230712280485889
672229956756312065
672228292854968321
672223879587328000
672222116155142144
672215381944213504
672205089273180160
672197650276597760
672185635537571840
672182045217587200
672177869263527936
672177302780977153
672175741786791937
672171676470263809
672167958844674048
672165439808622592
672163237757067264
672160464957239296
672159330452570112
672158638409187328
672158198091116544
672157631092498432
672155569814376449
672152733873545216
672151474093338626
672148437777915905
672145065339432960
672143616404529152
672142609406689280
672141292621705217
672135503500681218
672133419736948736
672129253354377216
672127866352611329
672126731759808516
672124770234851328
672122942881402881
672122690300440576
672122120151937025
672120293972951040
672119727611867137
672114537265524736
672104723579817984
672102790106374144
672100399063670784
672098969263149056
672097962328215553
671887572629659648
671882190733582336
671877748164554752
671872520472150018
671870385395277825
671868556196372480
671867171962789888
671866400831598592
671866018747318272
671864317965389824
671861942668156928
671860054061133824
671859361766076416
671858300846219265
671857732027293696
671856095875481600
671855403261628416
671854961995698176
671853827482591232
671852946393575425
671852506046156800
671851562562625536
671850306699964416
671849488017924097
671848480973963264
671847725500145665
671843671109705729
671841724684181504
671834542530035712
671831900986691584
671828525746376709
671825942910771202
671818058680410113
671815976657264642
671815347234848771
671804534503677952
671800470135046144
671795559506776064
671790067317415937
671784079688343553
671782318462365696
671781248289886209
671779164094119936
671775279262642180
671771102272749568
671767931320205312
671766544586833921
671765915197927424
671762775333601282
671759595837259776
671756952620371968
671753971774681088
671752575922905088
671752009406652416
671749618808594433
671747379473866753
671742387698450432
671739113096224768
671738295001456641
671735490215813120
671525180427079681
671523291451023360
671522496689098753
671521614337581057
671520921069486081
671519661809410048
671517596009766913
671514901165309953
671507455684251648
671503753451847680
671498915355709440
671494637308280832
671492511219769346
671489109207199744
671486805703827456
671476923843891200
671475287289413632
671472766571409409
671472074389614592
671471381935165441
671467583187591168
671462368552054785
671460160490090496
671458775988117505
671456149925924864
671450655991689216
671449137880162304
671447688504676352
671446033688338432
671441745981345792
671433555445174273
671428941245214722
671426064388870144
671424265678376962
671423381749805056
671419500512825345
671412837240184833
671407168462131200
671403354078097408
671402966558121986
671402462922829824
671401138772680704
671400446536323072
671400131820978176
671397877969743872
671396365122056193
671390141739610112
671389194653179904
671388754192556033
671387747261771776
671383904348217344
671383198354534400
671381682235273221
671379919469981696
671376328063623168
671374853925113856
671373784222457856
671372588640268288
671371427484999681
671371174287450112
671370293152194560
671162787826126848
671162599174758403
671162031542784000
671160898422218754
671159781390987264
671159340720607232
671158334146375682
671156181461782530
671155133301047302
671154277952434176
671154025887375360
671152391513878528
671151318644453376
671147206422982656
671143237969715201
671139800183922688
671137154236551169
671135014214615044
671133045848690688
671130025190662144
671128573474947072
671126811171020801
671126074034692097
671125692260708353
671123298848219136
671120567894974464
671110050652491776
671105961503928320
671097694908231680
671094705380290560
671070999291551744
671069826186629120
671069004736409600
671068123861241856
671067683002195968
671067053235806209
671066675614216192
671066172306145282
671064721597079552
671064092904439810
671062097099399169
671060263924277253
671056874637295621
671056308670369792
671056119612186624
671054064260640770
671050849959985152
671049833566875648
671047756690116608
671047148901941248
671041692225679364
671033246063468544
671028510153179136
671025829879640065
671023367240175619
671014171253805057
671012981690474497
671010950133207042
671009754408464385
671008492069781504
670800349670809600
670797324680081408
670796003411369984
670794745065684992
670794367507038209
670793088869208064
670789138334003201
670783853133451264
670781172516052993
670779221090951168
670777141978599424
670774788923764736
670769977616633856
670761663084277760
670755246533124096
670738219277897728
670731756652371968
670730246442909699
670729349113511936
670729034561662980
670728719921750016
670726894921367552
670725975068528640
670723960691154944
670719539630489600
670714222087692293
670709854659551232
670707358272745472
670706656326610944
670705901448359936
670704390706216960
670699811167969280
670698108045631488
670697541533593600
670697101047787520
670696660905930753
670696408962478080
670695463604068353
670694265136226304
670693950445998080
670693572862177281
670693069503774720
670692817841311744
670691872625553408
670689669210861568
670688914156441601
670687670184603649
670685279028670464
670683827979870208
670681876986728448
670680996010967040
670679410861830145
670677711946412032
670671920396902400
670666682294263808
670664327851036672
670663635606310914
670662044522295296
670660844242509825
670654334363922440
670652756319985664
670437994793410561
670432327496048642
670430855576309760
670429030663999488
670426573640716288
670425565808209924
670425062001000448
670423783937806337
670423028233318400
670422525231431685
670422083847987200
670419942882320384
670418681374113792
670417359165718528
670416416965853184
670414777060077568
670413644186939392
670409870022152192
670407739231903745
670406105986695168
670404718875799552
670402453544812544
670401306557882369
670400297538355205
670397335726383104
670393453595992064
670391690553909249
670390935084212224
670389845890637824
670386634194554880
670379823458578432
670370233413214208
670366843752816642
670365396436951040
670357690196099074
670353508642758657
670352501514878976
670351235216723972
670345965170262017
670344501878259712
670341541010014208
670339670715273216
670338033670057984
670335911075422208
670335344999534594
670334337733251072
670333519449759744
670331994216267777
670329854731137024
670329411548405761
670327898503553024
670327268862988288
670326387350355968
670323672708751361
670320500753743872
670317268799242240
670316451144798208
670316206310600704
670315443748519936
670312795607580672
670308587835678720
670304914841669632
669728819654299648
669728315972976640
669727371415715841
669724489354231808
669722789134393344
669720165454622720
669717482677096449
669717104946466816
669711346817179648
669708805882687492
669697338932338688
669696395239161857
669695829461049344
669692143993229312
669691323822301184
669689307062476800
669680003978760192
669674428788285440
669670983360450561
669661516786999296
669655648490102784
669655207668764673
669653583739138048
669646545701240833
669642886858805248
669638281047486464
669636957732020224
669636073866305538
669633128609267712
669632184517582851
669631806950481920
669631320843280385
669630246493265920
669625302348341248
669620454525698048
669612568638570496
669611427070656512
669609979339476996
669607726075535360
669601995846717440
669600474417508352
669596478130753536
669590821897904128
669588031016443904
669581895521406976
669575349420859396
669565666819731456
669558525266419714
669552348755292164
669551427908423682
669550483011407872
669544931971768320
669540826775687168
669366445613150208
669363676982419456
669360798930755585
669355136133804032
669347301819830272
669345979674554368
669345035532558336
669340253820465154
669338992740073472
669338048115695617
669334646312869888
669334142220427265
669333068394733568
669327618643255296
669326234267054080
669321952436334594
669319768156061700
669314463208759297
669313076534071296
669304054279983105
669300840528797696
669295051177070592
669291586812026881
669290717097943041
669290024886751232
669276800170725377
669273479456366593
669262062380519424
669261747715444736
669260642151452672
669259509110566912
669259320475938817
669258879822397441
669257298565603328
669252393415122944
669249448506171392
669247307863498752
669246267470585858
669245383411941376
669245258773962753
669243690787938305
669239148587433984
669235619319648256
669226798899724290
669211023518400520
669204915584151553
669204577825202178
669199280440262657
669194558559899649
669193554795843584
669193112963649536
669188623850414080
669185718368018432
669004064366178304
669000689608220672
668996152705097729
668993507537866752
668992692010024960
668991496050331648
668990678228185088
668989086217187329
668986190167678977
668980738608504833
668977234519138304
668975472571752453
668974403326238720
668970901426323457
668970122778923009
668967982660517888
668958471451226116
668946253523378180
668932243063234560
668928354729533440
668914676005228544
668910824329773057
668910155237629953
668906627945361409
668900664534241282
668896558092525568
668880770900037632
668879150346846208
668864265026215936
668858450697428992
668856581652652032
668854189695594498
668851999304232961
668848249252507648
668847682606243840
668846172275109888
668843312590245890
668842809139568640
668841608507432960
668840412958822400
668838902237667329
668838461785419776
668837863203741701
668836856017063936
668836352981618688
668835723257188353
668834673376804864
668832457370791937
668830203993571329
668827806097399808
668826274278858752
668825329478316032
668820503486988288
668816222230814721
668641625065803777
668637753937129472
668634690891464704
668631162584174592
668630304928751620
668624751489884160
668618957004345348
668605653456461824
668601277828481027
668587529826906112
668576650477641728
668570163747430404
668568137282035712
668560672301674496
668556516753018880
668550115607642112
668548353165258753
668547849781706753
668544572717404160
668542814549123072
668542185940385794
668536300874702849
668534726303612928
668533718877769729
668532545970184192
668523946669666304
668517632434376704
668512079725338624
668511324574453760
668507381106610176
668506122874200064
668505881722626049
668504433358151680
668502294217023488
668501726287282176
668501033912573952
668500719352303616
668500341957201921
668499775508127744
668497792734773248
668496911792492548
668496030497939457
668494104863617028
668493285464391680
668492278118281216
668488141473468416
668486776231694338
668482185154924545
668477370760888320
668464572530073604
668463827390963712
668462820569300992
668461301224599552
668455945975017472
668279243558776832
668278235327766529
668276599389822976
668273456732065792
668272036603691008
668270835128532992
668269765534814208
668268569831079936
668267972851560452
668266335898640384
668264636597280768
668257716960276480
668251116740718592
668245831582109696
668237096017096705
668236214496043011
668226741115224064
668216740413898752
668215027577593856
668212003622805504
668205294066016256
668198726603685888
668195011033497600
668190353271468035
668181227900399617
668178896806891520
668176210321645568
668170337637572608
668168823116324864
668166809649049600
668165708409348097
668164071762632704
668162812955463680
668160124012335106
668158521708576768
668157826464948224
668155372100800512
668150824443486209
668148563218669568
668142938359205889
668141615362547712
668119628552511488
668118936479748096
668118055717744642
668117169335574528
668114584553832448
668113199871475712
668110365671202816
668096977842909184
668095341938540545
668094838164721664
668091688074797057
668089834553110529
667916854707494912
667915405206405120
667914713032994816
667912065915465728
667911121983119360
667908361493585920
667905528086007809
667902568765501441
667901941561864192
667899927683588097
667896102931296256
667887473305980928
667880318276382721
667879589327282176
667873952937746433
667870754789335040
667868182737219584
667864009287315457
667860369155706881
667854599919943680
667852287960866818
667850022084571136
667849071248474112
667848627180732417
667846926495260673
667841123549904897
667837545288499200
667835906271879169
667834238897491969
667831712722718721
667826208554352641
667820290823421952
667819157707079680
667818397879504897
667816319941668864
667815050535550976
667813345953640448
667811001962622976
667802751271833600
667799747919536129
667797605158662144
667788016430276608
667774453091319808
667772205787385857
667768211140681728
667766888118775809
667761799459115008
667759470030798848
667755636629897216
667749007612116994
667747311523639296
667744217914036225
667741926792253441
667735757944201216
667733357153906689
667554497527459840
667553363828035584
667551198300512256
667544061461557248
667543155005374464
667542271282307072
667541515078643712
667538414682640384
667529993040306176
667518569668861952
667516363704016896
667508006586818562
667504624681750528
667501917531148288
667497294233780225
667495155361038336
667493767855906816
667492446608207872
667489523920715776
667486895425851392
667482174610886656
667472870185005057
667471867687657472
667471044677140480
667470415422451714
667469722712211456
667469282238930944
667468402353684480
667464677094477824
667458458938163200
667453982269394944
667445956724568064
667444772458598400
667443575140057088
667441435902394369
667435394628210689
667435394607276032
667432993452113920
667429551669190658
667425910027591680
667423643102670848
667421282007412736
667419770728353792
667418694990082049
667417721546625024
667416588375691264
667415361432772608
667414604033761281
667413283461296129
667410902417866753
667407879813615616
667404367218253824
667399865727602688
667398352246546432
667396282311450624
667191608035643392
667188321978859521
667188195956793344
667182663363620864
667179662624358400
667171049381961728
667170986459033601
667163919362977792
667160665203867648
667155874536927233
667151822713393152
667147789210619904
667141210117640192
667131217192599553
667125153873199105
667121964889350144
667115533066727424
667112315419033601
667111558275858433
667109228688076800
667106501459341312
667104927555133440
667100563734208513
667098535234396160
667096714529153024
667094438439755776
667088600492847104
667082867709710336
667081919897694211
667081793816907778
667080220164386816
667077693385609216
667072265796919296
667071447769227264
667071077076615168
667067768320192513
667063217429024770
667059530581344261
667056383066550274
667053123899363328
667050927665356800
667050298016444417
667048770044063745
667039441928790017
667038039420633088
667033213555077120
667028314155036672
667016334904004609
667009827621740544
667007565180575745
666829227392659457
666825968728850432
666824015374393344
666822280698314752
666820955021381633
666818013363118080
666815174607839232
666813743486095360
666811608497266688
666811354637017090
666807622310494208
666806690856194049
666804704312184832
666803365809115136
666801627970576384
666798593853009921
666791813882257409
666790544861999104
666787128181981184
666783642304258049
666782547683184640
666781917140918272
666779025407410177
666772112506552320
666764124068691972
666762990314782720
666756448156844032
666750169346625536
666748091228413952
666739804462309376
666738455007858688
666737951443968001
666736314801332224
666733037993009152
666730653388550144
666724837298163713
666720950285639680
666720635423481856
666717447215554561
666711790240342016
666704740085010434
666698016699609089
666694395371069441
666687210440278017
666686644142100480
666677019833430017
666676453543714816
666661200076345344
666655887810019329
666652347066654722
666466829582409728
666463579940458496
666461495564369920
666459465131147264
666458392249110529
666456055837286400
666454094261960704
666451769355059200
666447304753291265
666441354919153664
666439993741680640
666439426294288384
666438044564721665
666436058133999618
666430765132025856
666428543551807489
666420109234339840
666415600584011776
666411220786929664
666399780420132865
666398897464582145
666397762284572672
666395873476255744
666382703743393792
666377643936362499
666376399268245504
666372386204291072
666367360207609858
666364725790433280
666361231243128832
666359175430193152
666356137009258497
666335538668900352
666333337552744448
666331050772144128
666327139604676612
666325059703857152
666323985135726592
666323150184034304
666322689431351296
666321450924646405
666320790644740096
666316807431700480
666311384087572480
666307694052143104
666303674067587072
666300091624529920
666296721778044928
666295247803142145
666288932083101696
665379667050962944
665376045214908416
665372895821066240
665372643760209922
665369882050093056
665366622358646784
665363021603184641
665359694391832576
665357805415702528
665349369768603648
665348674382360576
665341742321942529
665332776074412032
665322199746797568
665318809574760448
665310815772409856
665307024784125952
665305829122306048
665300270977589248
665290302303961089
665264210620882944
665260943371276288
665259491965956097
665257894166798337
665255505376464897
665250088332238848
665244819510439936
665243056854188032
665241607164272640
665240277959970816
665234572523806722
665229876098633728
665229434442633216
665227019572113408
665226321887383552
665226006245019648
665225310716170241
665223974452912129
665221470516355072
665219510677426177
665217415622561792
665216404220739584
665216025902870528
665214766626029568
665211795305558016
665209083729993728
665208075268317188
665207381635239936
665206436075565056
665204531727376384
665202884586438656
665017266103283712
665010225288749056
665008083530334208
665007202340597761
665005765674074112
665002867720368128
665001882193121280
664998303499755520
664991311817232384
664988867628572672
664984873434763264
664983430069907456
664980958786007041
664976368631943169
664974488136769536
664969618742755328
664969303553384448
664968058180628480
664964973911793666
664961960237252608
664960410467082245
664957826473861125
664957259030667264
664950955557920770
664947967024066560
664938084291756033
664930629017055232
664920311196983297
664916786693980160
664909891463684096
664905272478035968
664902641525354497
664899339668574208
664892484296790016
664884205986447360
664882569985581056
664882129617166336
664881259949240320
664880566798536705
664878467624906753
664873196806647812
664872441030799360
664871056352665600
664868187360612352
664864176058314753
664863672699854849
664863169291132929
664862917582524416
664860272356651008
664855847261085696
664851588759101440
662765420902875136
661980218828148740
661980030088650753
661979841210765313
661979400611696640
661979212023230464
661978771302580225
661978582663700485
661978161169702913
661977718670667776
661977277908049921
661977026249818113
661975767794995200
661975201475858432
661974823611015168
661974406030368768
661973019414409217
661972326796390400
661971319647551489
661969633663127552
661968562828001280
661967490893877252
661967364041363456
661967239281836032
661966665551323136
661966475050287104
661966160217403393
661965908626300928
661965216234774528
661964524036227073
661964461016752128
661964336143974400
661964146485927936
661963957868040192
661963831820869632
661963768814034944
661963580187811841
661963440840404992
661963062140866560
661962682640277504
661962305006096384
661962179197984768
661961737952993280
661960541867520001
661960101926993920
661959414832889856
661957710968172544
661956955485937664
661955885166669824
661954431429287936
661951392647667712
661950257761288192
661949375439065088
661948745987309568
661946408770121728
661945148029407232
661943600394186752
661940286562635776
661940029187584000
661939524541485056
661938889632911360
661937994023239680
661937734605479936
661937476643201024
661936969795166210
661936633726541824
661936324522467328
661935867255267328
661935485686796288
661935358330937344
661934594107826176
661933251502690305
661932692532011008
661931546832732161
661931229818679297
661931038759890945
661930528510255104
661930086157950976
661929643143012352
661929112659980288
661929044930359296
661928852608782337
661928278861717504
661928090411606016
661927078758121472
661926196549189632
661926006995947520
661925818176831489
661924863423225857
661924611588780036
661924358894575616
661924296156184580
661924106460340224
661924043885539330
661923917049765888
661923665055981574
661923349128462336
661923158761578496
661922842796236800
661922525975339009
661922336464089088
661921893742694401
661921648942141440
661921395790716928
661921334038028289
661921271479947264
661921139728470016
661921139577475072
661756267787100160
661755952446705665
661754703001329664
661754576786300928
661754199240241152
661754010492342272
661753507192639489
661753129587863552
661752110653046784
661751984786132992
661751605990174720
661751417259106304
661751226997035008
661751163801456640
661751037955604480
661750849090232320
661750471900725248
661750471590301696
661750471586115586
661750408847695872
661750408537337856
661750282704015360
661750219852357632
661750156891717632
661750093859717120
661749842226597888
661749464982515713
661749275836182529
661749149914832897
661749086991859712
661748961129140224
661748961095589888
661748898143322112
661747762699046913
661746817491730432
661746125184114688
661744551900639232
661744127042838528
661743740755812352
661742985143521280
661742670591746048
661741537450151936
661740971139403777
661739948719083520
661739571240148992
661739382471327744
661739193530458112
661738689840697344
661738375691546624
661738060632203264
661737116368506880
661736595385663489
661736153591189504
661735460620869632
661735082865123328
661733886771220481
661732019710386176
661731893847674881
661731705045311488
661731138373832704
661730760890720256
661730697435029504
661730634457591808
661730508393553920
661730319796723712
661730256714338305
661730130805530624
661729816098562048
661729690097422338
661729627359064064
661729438330200064
661729249888509952
661729211309268992
661729148319215618
661729026151718913
661728830185414657
661728450881933312
661727821363068929
661727506584748032
661727254733529088
661727003134021633
661726436819083264
661726184754028544
661725491989229568
661725273616982016
661724960101134336
661724895252975616
661724580189458432
661723572948348928
661722125817012224
661721533086330880
661720836844462080
661720459101229056
661719515567415296
661718759162425345
661718506774360064
661718254898008064
661717638729637888
661716251480367104
661715748348411904
661715559046844416
661715244042084352
661714299740647425
661713865160437760
661713042900721664
661712979646390272
661712916685717504
661712853334958081
661712664675164160
661712538598551552
661712286860578816
661711909419372544
661711468719710208
661710397754515456
661709675998613504
661709298314137601
661708857660542976
661708479535685632
661707220170752000
661705241180708868
661700674154070021
661700422407712768
661700107671363584
661699918743142400
661699604153573376
661698959619063808
661697695648755712
661695429529214981
661695241012060160
661694674575454208
661694292012978176
661693599621451776
661692907351638016
661692152003608576
661691836470292480
661691320747036673
661689871384371200
661688108757467136
661686910608384000
661685777714278401
661685148413517824
661684770951340032
661684393610711040
661683894891188226
661674977255649280
661672447465398272
661669983408267264
661668756373024768
661667808263172096
661666864326684672
661665290732838912
661664872443285504
661662792718671874
661659590271098881
661658708980736000
661657022664990720
661656518220234752
661655133948944385
661654567562649600
661652606968840192
661651599958372352
661650718575718400
661650214944645120
661649836748505088
661648557775171585
661646606375235584
661646292632870913
661644972156956673
661644783484583936
661644657710014464
661643776503451648
661643524803338240
661643335782817793
661643021168082944
661642706754641921
661642091664154624
661638880827973632
661635986640797698
661635042624544778
661634077309710341
661633762808225792
661633511259000832
661632881589137408
661631371136344065
661631245277929472
661631207139069952
661630953509494784
661630764505800704
661629943584063493
661629628948312064
661628873608667136
661628558842978304
661627992263827461
661627550901379072
661625544304369664
661624850608443393
661620857542963200
661619787160821760
661619147055497216
661617131553976320
661615675799175168
661614414689378304
661607441252139012
661604394320977920
661603575940947969
661602442858127360
661598997983924224
661597361341407232
661596844716371968
661595898317824000
661595331860279296
661595017195200520
661594828388638720
661594639548465152
661593947794448385
661593443811131397
661592564102012932
661592312485646336
661591369421627393
661590739273564161
661587156612329472
661585797729157121
661584471741833216
661582394328264704
661582141889847301
661582022230544384
661581577063931904
661581193155055616
661581003887140865
661580815168573441
661580500021157889
661580185259655169
661580057756962816
661579803858968576
661579740898312192
661579614855290880
661579298948694016
661578855363321858
661578603390443520
661578156495736832
661577904170618880
661577517787164677
661576446205435904
661575302926192640
661572115590717440
661570919236792321
661567641157558273
661565622178996225
661565496303755268
661565307685838848
661564552216190976
661564174556876800
661563922831556608
661563104753549312
661394137418174464
661389979491418112
661384466896670721
661381829275090944
661380564969259008
661380250178334720
661379242995949568
661378109946621952
661373891827408898
661371433944223748
661370685353275392
661369800376123393
661368981895454720
661367596885925888
661366841726644224
661363749157228544
661362343822102528
661360329818038272
661358457531027456
661357198765891584
661356442839031809
661355687474278400
661354278922100740
661350083418529792
661347443875962881
661346049148194816
661345670759112704
661344977650364416
661344599361867776
661344163707953152
661342520434102272
661341763412586501
661341448479113216
661341259345338368
661340502919368704
661339638670475264
661337556617969664
661337241256648704
661336072757092352
661335817034604544
661335627443675136
661334808069545984
661334492599197696
661334303704489984
661333862547607552
661333799083577344
661333673413767170
661333484598861825
661333231732711424
661332918590132224
661331967401684992
661331147763355649
661330894779740160
661330642240708608
661330327139450881
661329758794473472
661328699149713408
661328126690107392
661326550831407104
661323963721760769
661320820418068480
661318616776892416
661317692452937728
661310868945268736
661309600558379008
661308908083003393
661308592298045444
661308025207177216
661307206864912385
661306640096956416
661306513949110272
661306143596265472
661306089720455168
661305760920506368
661305697620107264
661305445718585344
661305320292155392
661305130957086720
661305004805005312
661304878778736640
661303745721073665
661302436422922244
661302186232692736
661301552980824064
661301175418019842
661300545592930306
661300230923644928
661299853063020545
661299475592388609
661299073228611585
661298989887840262
661298737214550016
661298548424749056
661298485229182977
661298358775074816
661298231398285312
661297853046894594
661297412473036801
661295649665753089
661295209335169025
661294908460920833
661294389642272768
661293823176388608
661293004272115712
661292500695572480
661291871096971264
661291619338076160
661291367486869504
661291139815862272
661290317186994176
661290128183267328
661289875761668096
661289749794136064
661289686736965632
661289560698130432
661289308544987136
661289182317424640
661288740497805312
661288551045275648
661288487371546624
661288426122174468
661288297977790468
661288107543830529
661288044968964096
661287726860345344
661287407770312704
661287237355765760
661284403201593344
661283180666855424
661281984044531712
661281354676617216
661278440075698176
661270800675291136
661269101034237952
661267504321441792
661265930559836162
661262344169914368
661260789496553472
661256772137693184
661256515601453056
661255760345767940
661254816115662851
661252550482595840
661252298698543108
661251794409005056
661251038272462848
661250534435897344
661250282375028736
661249573252415488
661248182492483584
661247301441187840
661246357378854912
661245742841901056
661244979575148544
661244475231064064
661244034598502401
661243468082212864
661242963960455168
661241824086986752
661240874383331328
661238795333955584
661238316403134464
661236677692755968
661235418621419521
661234337392812032
661231817194913792
661230210969419777
661228196046745600
661227314508914689
661226935847157760
661225918569033728
661225288915927040
661225100134490112
661224848488857600
661224470418452481
661224407445184512
661224281649618945
661224281515417600
661224218533711872
661223966737047552
661223526247079936
661223337339822081
661223147434299392
661222453021134848
661221508149354496
661221256486891521
661220941788237824
661220186125639680
661219934517780480
661219169157963776
661218786050236416
661218408315383808
661217652002709504
661216768527089664
661215655178444800
661215273454845952
661213692793651200
661213059365658624
661212805748695040
661212742632742913
661212364176556032
661211989629358080
661211926127616000
661211735358050304
661211424488865793
661211230535876609
661210790159085569
661209846201655296
661209594543398913
661208713521471488
661208525016850432
661208031712120832
661206896653791232
661206204350382085
661205449245609984
661204429148979200
661203545723678720
661202475974807554
661202350074429440
661202098365820928
661201531958595584
661200902922072064
661200180482580484
661199864752168960
661199675937132544
661199550149959680
661199109785784320
661198795414315008
661198731988099072
661198480199852032
661198165740232704
661198102750212097
661197851008114688
661197725145374724
661197599307886596
661197473432604672
661197410388025344
661197347645427712
661197158885023744
661197158754983936
661197033110380545
661197032955256832
661196843850842112
661196843817312256
661196780827238400
661196717807837185
661196591915778049
661196529663897600
661196404698816512
661196403193065472
661196277200330753
661196214659121152
661031762160697344
661031321729417216
661030599642226688
661029715734609920
661027576006238209
661026503757549568
661025746467594240
661023543514255360
661020757347143680
661020065660203008
661018923622625281
661017788098719748
661017347784884224
661012419322466305
661010837595955201
661008132815069184
661006997228269568
661006242693926912
661003509551267840
661000803768008704
660999306158194688
660998550881480704
660996789735194624
660990660145758208
660989053412777984
660988547269267456
660988232637771777
660987918031417344
660987603458633730
660986785401544704
660986344978694144
660985715992469506
660984116314284032
660982291347415040
660978643880030208
660977264075632640
660976320143343616
660976005482471428
660975124598910976
660974243694387202
660973941746462720
660969594253926400
660968084287655936
660966003761938432
660964745214824448
660963046261698560
660962158411440128
660960207649054720
660959390053367808
660954422558777344
660949506956107777
660948500067311616
660946909247459329
660945084255502344
660944140449030144
660943229035126784
660942851740557312
660940586107686912
660939136594001920
660936933854584832
660935391042777088
660934384195936256
660933314283442176
660927281221795841
660927092612317184
660927029450252288
660926840886923264
660926652042625025
660926085664792576
660925267779723264
660924555553280000
660924048457777152
660923985501245441
660923796866670592
660923293432721408
660923041682182145
660922852934352896
660922664245207044
660922538516680704
660922349546524673
660922349508796417
660922223692267520
660922223671255040
660922160718987265
660921972289859584
660921783407783937
660921720275140609
660921594357878785
660921125791232001
660920808429199360
660920681492848640
660920366764814336
660920303732793345
660920177954004992
660920052133339137
660919926241280001
660918919029530624
660917597437894659
660915462172209152
660914769835270145
660913522457583617
660910997297889281
660907296923492353
660906257331658753
660905814996160512
660905372966912004
660904806337396736
660904491676532738
660903925223202816
660903169799675904
660902602998157312
660902337314189312
660902211497680900
660901958367240192
660901642531942402
660901390609465344
660899565084741633
660899017547755520
660898513379852288
660898069471436800
660897625554755585
660896869514637312
660894578816516097
660892876902178816
660892373392760836
660891932521025536
660891491326390273
660891296626819073
660891050672828416
660890854652059648
660890665254051840
660890411519582208
660889970308202496
660889655504687104
660889403615789056
660889151387140098
660888584841465856
660888396202659840
660888270159683584
660887829615132672
660887214461726720
660886830779408384
660886387663773697
660885946653671429
660885568709107712
660885380359659520
660884561182760961
660884371495325697
660884119363153921
660884056448606209
660883930816626688
660883678688616448
660883552695898114
660883206741360640
660883017376903168
660882763688624128
660882700803420161
660882637792395264
660882512063930369
660880874825732096
660879065117798400
660878687525539840
660877491461087232
660876799098888193
660876295681740805
660875838863360000
660875396871815168
660874577883627520
660874263004622848
660873822367842304
660873696379338752
660873507648196609
660873129988853760
660872563279699968
660872374527664128
660871806807580676
660871490691289088
660870924393164800
660870483898982400
660869099963183104
660868470620495872
660868333047271425
660867827407183875
660866756437741568
660864478968487937
660862087397265409
660861142923878401
660860138249658370
660858376293908480
660857244846825472
660855765486444544
660855132851163137
660854692239527936
660854439423643648
660853428839710721
660852856459829249
660851910396805120
660851276184440832
660850769210564608
660850642462875648
660849508981612544
660848122852167680
660847367617400832
660845920955867138
660845418134282241
660845228434309120
660844976704790528
660844221641990144
660844095976448000
660843907127881728
660843781307125760
660843718463852544
660843655348002816
660843592475385856
660843529636331522
660843403622678529
660843277772587008
660843026617671681
660842333982875648
660841660251787265
660841092850561028
660840903972667393
660840778118352896
660840715216396288
660840527185764353
660840400572309504
660840211853811713
660840023198203904
660839834261569536
660839582569791489
660839456740646912
660839330995429376
660839142130085893
660838953403219968
660838575790006272
660838449973477377
660838324362469377
660838113846165504
660837988503568384
660837542414196736
660837038741172224
660836157786320896
660836095014412288
660835843070926848
660835717657075712
660835654532784128
660835465889751040
660835276705669120
660835087932653569
660834899339911168
660834393376837634
660833955395014656
660669394960404480
660669206090948608
660669143490961408
660669080203042820
660668891266465792
660668639541116928
660667986618015744
660667797480042496
660667606890889216
660667418071683072
660667103649931265
660666788993228800
660666285416648704
660666160652898304
660665844532424704
660665404122099712
660664697918791680
660664444859588608
660664130421026817
660663940310024192
660663688542756864
660663310728187905
660663121774813184
660662807369752576
660662618370215937
660661107774889984
660660172910669824
660659733112705024
660658788635164672
660658473840058369
660658159338459137
660657781830197248
660657404103811072
660657215418802176
660656964029054976
660656608477913089
660656230147469312
660655852207083520
660655097047867392
660655034049368064
660654782194040832
660654341620170752
660654026753761280
660653712122241025
660653460447240192
660652945755779072
660652190579744769
660651624189292544
660651309591355392
660649173386141696
660646152086396928
660644962179108864
660643955357442048
660642759938830336
660642256286842880
660641140807454720
660640573909565440
660639126677532676
660638560819806208
660638308712767488
660637994060259328
660635871473979392
660635304802582528
660632784785047552
660632659207438337
660632470304477184
660632029697019904
660631651760930816
660631462786572288
660631273866715140
660630833380859905
660630581781340160
660630083992973314
660630021397172229
660629893399650304
660629830791229442
660629704538513408
660629641510580224
660629640847994880
660629388959072256
660628822681919488
660628445165199360
660628067665256448
660627690165313536
660626998029639680
660624854920622081
660623407680249857
660623281872052224
660623093178744834
660622904359575552
660622697748176896
660622193471135744
660622004656189440
660621878789296128
660621564350701568
660620871946649600
660620367795474432
660619864432881664
660618218030178308
660617903377670144
660617400061206529
660617211187433472
660616582184501248
660616456363749377
660615952858484736
660615889847459841
660615638281531392
660614900557983744
660614144429789184
660613074341244928
660612508055654400
660612130501230592
660611941883342848
660611753122914304
660611548289871872
660611429029007360
660611355586797568
660611166247526401
660611038497382400
660610786574901248
660610660888420352
660610534769868800
660610471796584450
660610220180271104
660609968454934532
660609339066032128
660608961780011009
660607687768612864
660607313020063744
660606995175706624
660606554568290305
660606365728116736
660606177013866496
660605862332014592
660605610552094720
660604792503451649
660604603826896896
660604351887581184
660604247722053636
660603743386341376
660603616693235712
660603239306539008
660602924712779776
660601729097011201
660600596563697664
660599235830788096
660599047191977984
660598795353399296
660598166144884736
660597851513331712
660597662815756288
660597599804768256
660596908239536128
660596593368911872
660596486342893568
660596169257652225
660595475041624064
660595223530233857
660593461557657604
660591271912873985
660588200621133828
660584359104274433
660583855754190849
660582534061891585
660582156389994496
660581100671115264
660580721178877952
660579399826317312
660578959457918976
660577338711785472
660574943852277761
660574314396274688
660573794340347904
660573226297393153
660573100195627009
660572974379061248
660572659701424128
660572407992832000
660572093348749312
660571589856112640
660571212205133824
660570160093339648
660569210398056448
660566945117417472
660566108894793728
660564842873507840
660564024845840385
660563395612143616
660562180056743937
660561673678401538
660561044398542848
660560415198486528
660559282623090689
660558967966474241
660558842120531969
660558716123631616
660558339533881344
660557456091795456
660556638059933696
660555757709082625
660555379424804864
660554831682252800
660553885283655681
660552878487130112
660551871493484544
660549155367030784
660547456447418368
660545560819036165
660539451651813377
660538127497449472
660536805587083264
660533459253927937
660527652709785602
660525890531680256
660521819804475393
660519559380803584
660516089726705664
660514327435337729
660513262610587649
660510678126563328
660509986167091200
660509058064113664
660507924993830912
660506918172155904
660506540743499782
660505725119176709
660504762652184577
660502748870402048
660499484036734976
660498374572048384
660496856082997250
660496226148876293
660495407605223424
660494086596648960
660493771830861824
660492890477563904
660492512981876738
660492135679074305
660491694895443968
660490876758695937
660490389552562176
660489441824399360
660488937585156096
660487802535157760
660486784879579140
660484831546068992
660478665587892225
660474690130092032
660474248129966081
660473360284065793
660291628670824448
660291376987418625
660291251061825536
660291187979509760
660291061840011264
660290626936770560
660290438067298304
660290188598517761
660289867356708865
660289678541721600
660289048678948864
660287472996347905
660287061442867200
660286425905160192
660286173793906688
660285229861609472
660284913841737728
660284725022584832
660284284205465600
660284158141403136
660284095541469184
660283906567110656
660283780658262017
660283717521420288
660283591180591104
660282948130861056
660282620778061825
660281665382690816
660281413674123264
660281288218288128
660280909816578050
660280784020967424
660280658200240128
660280469259448320
660279902747410432
660279776821821440
660279437599076352
660279311434457088
660279121847668736
660278933024284673
660278804322086912
660278677918392320
660278552290574336
660277985602334724
660277670782070784
660277418968616960
660277293017915392
660276852913762304
660276726963023872
660276600760639488
660276223076114432
660275467526774784
660275079549423616
660274695393161217
660274380556132353
660274317691895808
660274128931409920
660273499194400768
660272366455554048
660271616551739392
660269978545995776
660267612300050432
660265847194275840
660265595573805056
660264714505711616
660264107967455233
660263721009328129
660263090295033856
660262712103059460
660262397333123072
660262019505983488
660261830527459328
660261578592411648
660261452834611200
660261137926201344
660261011769937920
660260696815484929
660259978746290176
660258967453573120
660258652234862592
660257770164367360
660257454958202880
660257328470605824
660257265132376064
660257202071052288
660257138942582784
660257076220960768
660257013063139328
660257013046386688
660256834960379908
660256773958422528
660256581578268672
660255947315630080
660255631413256192
660255441625194496
660254936937144320
660254622116880385
660254558870990849
660254433092231168
660254307011452929
660254306856210432
660254117961596928
660254054556246017
660253928534224896
660253423330308096
660253108547756032
660252626785861632
660252245209034752
660250732130627584
660250606259539968
660250101781307392
660249471398363136
660249282063245313
660245922635477001
660243980769230848
660242905328652288
660241216353738756
660240834701484032
660239948260446208
660239567124078592
660238996811948032
660238680012021760
660238237064159232
660236580477648896
660235628232208384
660235059048353792
660233947574571008
660233427451555840
660233111268118528
660233047908945921
660232731394236416
660231593211125761
660231340776775680
660231151102095360
660231024790605824
660230392608382976
660230332797607941
660230018392588288
660229895402995712
660229829787328512
660229382066331648
660229192286642176
660229065471840259
660228874647769088
660228557218672640
660227736397574144
660226975206871040
660225357409296385
660224979791953920
660224790746263552
660224601050451970
660224474713821184
660224221700874240
660224095406149633
660223780674011137
660223150794391552
660222450232336388
660222261086015488
660222132031528960
660221942855802881
660221753478762496
660221564131086340
660221249684185088
660220301389746176
660219670029561856
660219480765816835
660219228671356928
660218977860349952
660218796599287808
660218660292808705
660218152316465153
660217648056246272
660217458427625474
660217332040671232
660217269168009216
660216890674008064
660216448154017792
660215691124035585
660214628207718400
660213113455779840
660212480032002048
660211152232841216
660208188705382400
660206863468896256
660206485876703233
660206359963705344
660205541545914368
660204912089911297
660204660222001152
660203831159037952
660200292189937669
660198926813908992
660193440907554817
660192054161600512
660191359333212160
660191044076773376
660190288862945284
660188593839857664
660187321615151105
660186502828265473
660184736694935553
660183221372657664
660181248254562304
660180603191562240
660179532926857216
660179028683440128
660178777012633604
660178021689741313
660176816053817345
660173522338213888
660172193209413632
660166910949105664
660159917563752448
660157564735365120
660154850777411584
660154677632352256
660154047006121984
660153543454773249
660152032242900992
660151276483829764
660149716907376641
660149273418473473
660148703886508032
660148515226656769
660147759861907456
660147234315608065
660146977389322240
660146655396823040
660146591731458048
660145955644252160
660145389065142272
660144620454731776
660143765248675840
660143513414311937
660142789041197056
660141215690584064
660140712743321600
660139703937671171
660137152551002114
660135555695529984
660134987992297472
660131481550004224
660126304419848192
660122554171043840
660120284364709889
660112515779678208
660108992476225537
660107854024691712
660105567533445122
660104244318597120
660103867208704000
660103174439763970
660102293560418304
659928509406650368
659928256452407296
659927560839647232
659927057263108097
659926553770487808
659926302456172544
659926113066569728
659925924348043264
659925798258917376
659925609624305665
659925357722779648
659925168597377024
659925042818584576
659925042755710978
659924916842700800
659924853814910976
659924791210700800
659924600457994240
659924600457949184
659924540206747648
659924486075076608
659924283691573249
659924220516900864
659924030334595072
659923715942141952
659923526820962305
659923463751278593
659923274902716416
659922708671684608
659921701770235904
659921072519819264
659920650295988224
659920201941667840
659919761330069504
659919006254657536
659918817422934017
659917999122620416
659917621723340800
659917558708072448
659917306919845892
659917244034600960
659917118155137024
659916818581209088
659916564985155584
659916374714793984
659916311821201408
659916186356961281
659916123031367680
659916123031359488
659915808303390720
659915619681370112
659915556863254528
659915493797724161
659914864324911104
659913983751757824
659913605748531200
659913479894249472
659913252542005249
659913189564547072
659912751544991746
659912174488408064
659911796728442880
659911230224801792
659910852573794304
659910726568538113
659910096940621825
659907847300468736
659906136162832384
659904659893706752
659904093348102144
659902393929347072
659902204875309056
659901493420662784
659900231694336000
659899413272375296
659897173744685057
659893393447874560
659892827061620737
659891505511952384
659890449520467968
659889624119119872
659888931962507264
659887106022600709
659886575501893632
659885686682685441
659884867791007744
659882098828910593
659879569940480000
659878371220942849
659877993813250048
659876860709486592
659875979645579267
659875534931931136
659875472063483904
659875219994202112
659874775880376321
659874461055852544
659874397872877572
659874334761164800
659874082943606784
659873642550046720
659872949630038018
659872571668721665
659872131208093696
659870418958962688
659869160088969216
659868027006156800
659866950416379904
659866572656353284
659866006530101248
659864094615425024
659863640280051712
659863325635923968
659862759010619396
659861499977027584
659859999905193985
659859084137463808
659858549481320448
659857668358725632
659857290913308672
659856362109825024
659855473588465665
659853459353640960
659850926795132930
659849667832905728
659849227565211648
659848820965158912
659847309124046856
659846679156416512
659846427326173185
659845924026478592
659845093185216513
659843632015478785
659843316880678912
659842939351363584
659842121684418561
659841806390177792
659840613060317184
659837041363050496
659834898790920193
659834269305602048
659833917252444160
659833411276808192
659832089043410944
659831396308004864
659831270587949056
659830829762396160
659829669714403328
659828659755343872
659823817645293568
659822558125101057
659821733009088512
659819152996175872
659818573846679552
659818131343458304
659817313072496641
659815864993234944
659815424503189505
659814413793370112
659811707716521984
659809563999412224
659808556473020417
659808241954758656
659807041905680385
659806344166424576
659805651405795328
659805022394458120
659804392594513924
659803292701184000
659802913666170881
659802346420072448
659801780008714240
659801528300142592
659801213647659009
659800835711438848
659800646904881152
659800521126125568
659799885160570880
659799692386156544
659798304188932096
659797359803674624
659796856281694208
659796352512167940
659796226691481600
659795777850630144
659795334785277952
659795019860189185
659794830814527488
659794642091790336
659794579131146240
659794453008396288
659794327087005696
659794263878836226
659793256654479360
659791875570851840
659790486304067584
659789857053614080
659789352621469696
659787631388205056
659785806387798016
659785240274145280
659783751212355584
659780102809587712
659779026207252480
659778144967204864
659776469053345792
659774769076785152
659771149614768128
659770583069106180
659768265842024449
659767761988681729
659767510452076544
659767321695821828
659766943642185728
659766628998094853
659766440602521600
659766188352937985
659765819304493057
659765439837446144
659764430545231872
659763549070299136
659763171113218048
659762349356748800
659762057206714368
659761300210364416
659760985687891968
659759726457171968
659759159429234688
659758655831744512
659757506449833986
659757254682505216
659756939883257856
659756751236018176
659756310557278208
659755175935139840
659751015995064320
659749837299167233
659745956867522561
659745579522723840
659744823788851200
659743942808858624
659741110001094656
659740543447113728
659739546448470016
659739230558638080
659738724742373377
659737778704547840
659737210946781184
659736769777283072
659735265049751554
659734566530326528
659733868879208448
659733487025586176
659733106119806976
659732915308388352
659732788346789889
659566129405427713
659565752287145984
659565398359154688
659563949621407744
659563320299646976
659562004491993088
659561301803429888
659559413234184192
659558909515014144
659558531889278976
659557992078172160
659557422227431424
659556855363039232
659555533033226240
659554903799554048
659554246933798912
659553986975039488
659553732024279041
659552913807826945
659551844054794240
659550174302326789
659549857070321664
659549101831290880
659548157131538432
659545781716824066
659544271532523520
659541756632002561
659537564173516800
659535864515678208
659534415907962880
659533536391798784
659532275730763776
659530832336592896
659529384349597697
659529005838790656
659528753442332674
659528250348163079
659527725489774592
659527345422888960
659526715228712960
659526148213366784
659524825954824192
659523622587994112
659523369570824192
659522802136047616
659521793770827776
659520910442020864
659520658515361792
659519644458426368
659518063423922176
659517556437467137
659517366301286400
659516687369285632
659515845702471680
659515529397432321
659514898775429120
659514268631613441
659514142651494400
659514016604282882
659513764417531905
659513449047789568
659512920011862016
659512666831106048
659512477533798400
659512033600258049
659511214570123264
659510395024056320
659509891044888576
659509701844074496
