908790175072845824
761221342381285376
760511591259344896
760222434565890048
760179759934431232
760163214197821441
755187683069075457
755087665209278465
752925739649949696
751537104891502592
750732980620963844
750377919340376064
747462449163444225
746030706438987776
736270918427639810
735589334926008320
735184764735344640
733764324490018816
733743235030388736
733070524130037760
732721314830508033
732631970803408896
732225882870321152
731590022718087168
731279865647796224
730840359576576000
730440843283169281
730436404589658112
730436335975047169
730170726003548161
730049869558095873
729763489749721089
729687110278488064
729417482541244416
729417026368733184
729416875361239040
729342689645240320
729047686939185152
728994884019871744
728994804294520834
728994478950780928
728977819200409600
728700128425447424
728599855631769601
728599549200072705
728370194251288577
728370103364943874
728369905892888577
728263617175420929
727991708512722945
727976101528489985
727976056326524928
727974865261625345
727904326501289984
727663440701988864
727663420028293120
727663394392694784
727663257134108672
727601574286114816
727513284769800192
727381820547825664
727271041215553542
727270982382014464
727248011533803520
727214360972562432
727211979815813120
727202420338499584
726986074656927744
726936435387846656
726936166419681280
726935225452765184
726908332515028993
726907527875596289
726907188854198272
726906651144409088
726906594286391296
726906553924603904
726889477843492864
726887478951452672
726797150168879104
726797084888690688
726666416728891392
726615536226828289
726615062031548416
726614984571019264
726607223468617728
726539365803917312
726523004226670596
726504087546556416
726495192321134592
726478245583941632
726463089097351168
726462911099465729
726449700065271808
726284574242705409
726284348232617984
726276413951643651
726261222811693056
726253825208684548
726252218219819008
726232386862637056
726232290003550208
726230319876046848
726215587123195904
726215179843719168
726214014250831872
726200822883721217
726186375687479296
726176059868082176
726173927047716864
726172288987451392
726166255229493248
726165533071011840
726165355115081728
726162644239949824
726161563371999232
726153668714594304
726153613052014593
726153508467003392
726152196518109184
726152041827966977
726150820677316608
726148511373230080
726145185403392001
726134636900802560
726132903478841344
726101819718438912
726091096086839296
726090137898090496
726087989986623488
726083593714327552
726079039060905984
726078996048285696
726074028125880320
726070566122221568
726068587207610368
726068133170028544
726062366660550656
726058891629350912
726058700348088322
726018287314685952
725924016532250624
725923869865824257
725914304386494465
725909887608221697
725908398768705536
725884341604081664
725882899895971841
725872124158566400
725866948886560769
725860204579942400
725859229370736640
725858239695331329
725823141126098945
725806900671959040
725801891574095872
725801879100223488
725798472859848704
725795579456950272
725794877598900224
725764761711865856
725763522307608577
725763353516212224
725760917577699328
725760514517782528
725739750171119616
725733022981443585
725686169636204545
725547935350431744
725547555703033856
725547510421327873
725546956576030721
725546881913221120
725546778594963460
725546666388918272
725525124347109376
725522142851268609
725521634518396928
725520083473199104
725518882056769536
725517816623828992
725514655003635713
725514247023656961
725511906945986560
725507471171682304
725506276721979392
725505046822055936
725504048447782912
725503230046777345
725501550974504960
725500122373623808
725497723013582848
725497144300302336
725496542522576896
725494567215063040
725493372094304256
725489487543832576
725457453949710336
725444517902442496
725438087581462528
725423746354286592
725423705988296706
725409827208327169
725409532814446592
725392693036224513
725380312574775296
725371924881121281
725368809184337920
725340262608699392
725339501246091264
725339151285936128
725338537386606592
725323732714016769
725197591097413634
725143901955194880
725136601026699264
725104769270849537
725100147634380800
725093079687041024
725065392100638721
725036929008328704
725032167512797184
725007328097898496
724995748312571904
724975275864252418
724974495195226112
724809264452100096
724808942237417472
724808815489622016
724772809528877056
724758910553317376
724758704415862785
724747701024227328
724747684276396033
724735847849816064
724725780094185472
724707924161916928
724669810265608197
724662393066819584
724657804187852804
724650620292993024
724642940484640768
724612627003895808
724372512935530496
724312036142776320
724291408387960832
724236577447116800
724120584217485313
724076522705801216
724076312525070336
724005075543187456
723998355567726592
723998215830274048
723994936186564612
723959069728350210
723933353162870785
723889237846691840
723740286015275008
723740241849278464
723658304975556608
723647012193767424
723646839833026560
723617678582140930
723602359784341504
723573752877834240
723573442834886656
723572972338839552
723570431697920000
723553737323597824
723511799597780993
723330557543739392
723318230362660864
723306190826921984
723306172665585664
723306156790145024
723300944029450240
723290366674243587
723290238643113984
723289985995034625
723289954344824832
723248936878628864
723225011171909633
723204165803995136
723203863604424704
723203186085879809
723167369741262849
723019527588438016
723016114557452288
723004104969068544
722985334087110657
722931437268127744
722917290837020672
722900774888452096
722898040810381314
722897957272428544
722881256208207872
722875945770561536
722871194513330176
722856030925770754
722835455436152832
722834188999614464
722831309773508608
722824555270578177
722812182245744640
722803075497349120
722644643616321536
722644310882181121
722605771276443648
722579411837386752
722562685263486978
722551108082671616
722548787776860160
722542996734906368
722529716956176385
722528019311517700
722528007978508289
722527352735944704
722526868113465344
722526844843483137
722526500063318016
722526063062953984
722525399486337024
722524662551326720
722524188762705921
722524169733189632
722523273204862976
722522565873238016
722522520193085441
722522445568040962
722521544740593664
722521503917445120
722521023745122305
722521004711354368
722520917922816000
722520485666246660
722520459808342016
722519956714196993
722519923872833537
722519180008787968
722518381065166849
722518361876205568
722517689898414080
722515052985618432
722514811330764800
722496122988564480
722488257385074688
722421856783892480
722240476888174594
722212900702543873
722168773961093120
722143764819521536
722131832133693440
722130433190682624
722130379142930432
722100701178933249
722074509654642688
722074447155310594
721880985847992320
721811588521398272
721770663208325120
721458215829897216
721444296772071424
721444028269527040
721346374558552064
721120549552848896
721120499686723586
721100174295113728
721100024822648833
721075163962286080
721066388165517312
721060443700068352
721051536437084160
721039694293655552
721035467777449984
721008785267892224
720764671922286592
720764500001968128
720756172740038656
720734092795502592
720733389804957697
720709064401883136
720703135463927810
720672525068410880
720672177599684608
720637832717422592
720637420308340736
720612694861066240
720418174848647168
720398970258731008
720356254074433539
720354786034520064
720349938715070464
720333282492211201
720325390837944320
720300487761915904
720275895341035525
720225782761668608
720088001758568448
720087662812651520
720068972192931840
720054885958434816
720000500456931328
720000480223617024
720000417481023489
719976634829443075
719955561828196352
719947586031984645
719947489068072960
719910344429178881
719738027023540225
719723505701502976
719710460795293696
719666935949037568
719663267304615936
719631330187694080
719617780157452288
719587707232518144
719576960767102978
719520984680693761
719290369972826113
719208845470339072
718962451039985665
718603305224515584
718579332264800256
718563935943692288
718504321025835008
718253169642496000
718253111094218758
718249270730600448
718246309396942849
717871684309495808
717871596233306112
717833093059469312
717514307571998720
717501991543562241
717501012123193344
717166040539500544
717157749440708609
717153630105706496
717140186090483714
717064577540698112
716752530898681857
716731812299481088
716028964897034240
716028052577214464
715935581432385536
715674265895313408
715267417333600256
714916900065513472
714538112907542529
712814433563582464
712739432718176256
712394869478531072
712376193157193728
710960041973587968
710944485945901057
710636674238156800
710154341617827840
709046632382267392
709046592746053632
709045889076072448
709045753163812864
709045550482468864
709045524142264320
709044231239704578
708905840527302661
708904224688447488
708900338141495297
708883118065713156
708796211659087872
708795214450659328
708779117454360576
708491304850759680
708479203344166912
708479078345539584
707732556616114177
707697020237033472
706985448615206912
705931191212310528
705928190624010242
705556917876174852
705508714392858625
705185602832994304
704836827979493376
703345389311635456
703287941456486400
702576943707729920
701859394028380160
700772502901895168
700046683690766336
699000230621020160
698937352819908608
698692686694330369
698692356636213249
698673903493746688
697902984395526144
697235414143205376
696863566607970306
696863410474999809
696552486719528960
696049262455447552
695722830449635329
692779334243758080
691695271533633537
691695115027361792
690580229950013442
690576324868476928
690351185115635712
690346849165770752
690344226656276480
690341383757000705
690340482237501440
690333001566130176
690323231463464960
690323162924384256
690322178919641088
690320736209100800
690284268388397056
690284259186073601
690257933116911616
690240413228077056
690237044103057408
690230630324432896
690225390560800769
690219019337531392
690218789820968960
