674680876467363844
673610504015867904
672881556235673600
671062435684614144
670405788280713216
670036061712744448
669965391586816001
669249361684127744
668618810472140800
668582223596134400
666368160388501505
665308217233149952
665258591960567808
664177107770212352
663082348456603648
662718099032899585
661627810751062016
661593925719863300
661261737874862080
661073741363965952
660898065759543296
660563237193256964
660553150852632577
660540613927018496
659809719217967104
659425853659619328
658699793057894401
657967446389882880
657406308174446592
656878090673606656
654823660390252544
654575889976569860
653712493236383744
653711958584205312
653414542165311488
653165445168566277
653165393159192576
652466286904020992
652465633594990592
652068371979087872
652068354111344640
652068301565095936
651620484161908736
651620204787703808
651518984802578433
651518963533266944
651518950665162752
651368818917310466
651368717620609024
651368689573347328
651368645424082944
651368621780832257
651368587723079680
651368566109769728
651368474304884737
651368340665974784
651368300899794945
651368251729928192
651368220880826368
651368170247196672
651368147660898304
651368115859681280
651368096653938688
651368055616901120
651368018585391104
651368005016817664
651252887163641856
651252360828821504
651251949409562625
651251380859076608
