776519653724041216
756701867153948672
727896879980154880
720316522913079296
702960040190214145
699671127111499776
699308640344256512
698941806034051072
698581777690963969
698213319589539840
698212470213586948
697850997243121664
697487094000721920
697127363771904000
696769882004664320
696764572183633920
696405483112894464
695736700803244032
695679132449935360
695311162309652480
694948722128482304
694586605873442816
694230089635012608
693885064946458624
693510208593620993
693234420199763968
693138945450778624
692777002114285569
692415305247756289
692056760513728513
691688591034945536
690968691702259712
690600848359948289
690338076749598726
690337972772868096
690242995476508672
689879191286734848
689627561681223680
689536595871956992
689512065791168512
689155368836923392
688796720851857408
688066988745166849
687706311190908928
686985532367187968
686687881423765504
686623226974212096
686261850757939200
685896294548647941
685542778290307072
685189399991029760
684443556325359617
684133053464088577
684084372035649536
682994205203939328
682629968258531328
663066353230721024
662691119491223553
662428915386834944
662379421265891330
662328718010945536
661997647134199812
661989745921269760
661968933075861504
661687770608369664
661614169481867267
661604056696139776
661239093674668032
660913613821992960
660913477616177152
660879280327360512
660594820038004736
660501457163030528
660219494917210112
660201044287164416
660200357289549824
660169000995786752
660161209992253440
660160880286437377
660139421568667648
659883945249533952
659781094397579264
659495707167059968
659462195982405632
659449250619654144
659430782755188736
659414438399709186
659115829926100992
659105711318630400
659078561714704384
659060312377659392
659055983570718720
658804987548471296
658793543721349120
658768453298327552
658753432535240704
658727811776016384
658708540022919168
658689835444506625
658495379860688896
658495275959386112
658460055650500608
658417139905228800
658414293390483456
658373493130555392
658356303107092480
658332786709803008
658327913226375169
658322346541867008
658122070866309121
658122017405669380
658095470351245312
658095047141797888
658040558531686400
658040470799450112
658036301950685184
658028756750090240
658028716228898816
658015110812725248
657987928556093440
657966139494940672
657964250820833280
657963033516310528
657795283955269632
657746484373229568
657743526311014400
657743432744497153
657692330216951808
657689734064377856
657680675814797312
657675955654144000
657675432301580288
657675220489080833
657671630278270976
657653554354737152
657649102398730241
657644666406457344
657643062181629952
657642552556978176
657627901995651072
657625869532405760
657618120031367168
657617583839952896
657615595370754048
657611967243288576
657611549205368835
657598884718383108
657595094925611009
657594379155050496
657592433815891968
657592143490322432
657587345345019904
657407931302809600
657407015908610049
657385815492788226
657382662710018048
657373638564315136
657354531508850688
657353444529836032
657349462075969536
657347940600557568
657338203532165120
657335794302980096
657333958468698112
657333920648720384
657333445660577793
657330457336410112
657305991403335681
657304817275047940
657300395853676544
657285382115979264
657282044771172352
657281772749590528
657261213470949376
657240809796796417
657033458498170880
656985151306469376
656984546995404801
656969386490593280
656951056652349440
656922980203675648
656911620191338496
656911172017324032
656910198515208192
656908878274129920
656872699063496704
656865903997378560
656663455844339712
656628154325299200
656620311987666944
656605653784399872
656576259950931968
656550570962976768
656550302166814720
656516752650600448
656511817556975616
656318410150703104
656273284661514240
656261980005625856
656249817803325440
656240771813629952
656236115498655744
656233202953031680
656212219663749120
656175156788789248
656167668911706112
656152867607212032
655463804025765889
655450109375721473
655428255759990785
655191250686078976
655145854878150656
655130148023341056
655110930452254721
655092388977750016
655065782154477569
654711184315158529
654703298696491009
654511952484429824
654511298919579648
654490104497442816
654446116746887168
654442828634808320
654429027130671105
654425945932042240
654414776693485568
654395593872158720
654393697715392512
654354249321570305
654349883491528705
654348741898440704
654347542566559745
654343284236546049
654326334840115200
654174850211168260
654139763637678080
654116330765860864
654081230405697536
654080266277748736
654079721244725252
654074322647040000
654073701650984960
654072803876933632
654072671009771520
654071123466825728
654068072639107072
654067041729560576
654048773149077504
654019052558413824
654003907820044288
653978561401896960
653752799268745216
653706090031353856
653690501762187264
653674845411000320
653656327277817856
653643404446830593
653638201282719744
653391216743022593
653306201027964928
653042244409098240
652947420481851392
652945295853031424
652943792174010369
652941495465472000
652941385201389568
652937681320587264
652935986465210368
652935441943957504
652933377528467456
652931867172147200
652931375318700032
652930907683229696
652923968932872192
652908528269570048
652908257913126912
652893064004956160
652630528856715264
652575082171072512
652543060014817280
652542954825842688
652529000451936256
652282405907116032
652258634454335488
652244465621446656
652243213042847744
652226789201178624
652226698750984192
652206934867599360
652200922613870592
652174276817108993
652166647537504257
651943187062222848
651874217965674502
651849326608543744
651841391694209025
651820813595774976
651804165455413249
651529931793371136
651525055982137344
651489670094655489
651462065391992832
651442011124297729
651191092503666692
651148523396661248
651139147600519168
651130514942746625
651079395482988544
650071050663825408
650039240638631936
649992276911894528
649740117947473920
649731991781281792
649683442460848132
649629920558059520
649420559743238144
649420415425622016
649420300837257216
649416810765258752
649352702455996416
649313437974040576
649293804655132672
649267974306533376
649025816223838208
649025582664056832
648950388503089152
648905099662639106
648651747397799936
648627609203511297
648603776006254592
648588097865682945
648565182155755520
648549133653970944
648542721301327872
648180503418269696
647843244747845632
647836006075400192
647825434378375168
647575197243977728
647544997336645632
647514251393765376
647500735505039360
647470031962402816
647209385224073216
647134639941812224
647110184574193664
647093526656782336
646867228864856064
646830284902535168
646829077018443777
646801162268749824
646776227877908482
646766025325871104
646730766500556800
646426484559769600
646368395617677313
646052668968841216
646042528140038145
646006056364060672
645643483923873792
645009439238414336
644982715649908736
644964182056677376
644955009940066304
644953979902783488
644903722473000960
644643442002268160
644634054055346176
644602948421615622
644581631596990466
644571658431234048
644281009437933569
644245988635381760
644194380031631360
643929096032907264
643909103807393794
643895052347928576
643864953129181184
643831695372738560
643818523546939392
643817066412118016
643536891019689985
643526328139055104
643494258553552896
643469272463773697
642744450087710720
642382181709426690
642145063317848064
642144964416110592
642086282907115520
642004656353218560
641722167890022400
641683351057727488
641406675899908096
641365497783566336
641355446930944000
641322414421483520
639845421087457280
639584190564974596
639151773219991552
639120615144710144
638858758555172864
638777709976489985
638758298926231552
638513076422053888
638407661080281088
638395876361179136
638079013152419840
637716101472714752
637355506961616896
637308818179813382
637042745316544512
636734220442800128
636282224707510272
635879773877571584
635858967059558400
634771977367121921
634467546633256961
634131080975544320
634047181255675905
633695916256419840
633438442400059392
633322422939217920
632235261674393600
631585606947069952
631510476799676416
631252664840359936
630894622340845568
630831510472409088
630795547356430336
629723245927727104
629713861940109312
629430907309416448
629430398569725957
629352419500105729
629346837787447296
629334325150900228
629333739340836864
629333236703973376
629332075947036672
629331847256764416
629330588206415872
629329535293485057
629329418876358656
629329260700811264
629329028407668736
629328855426138116
629321854344245248
629067251287592960
629027004319305728
628973849057452032
628700200580722688
628343155344044032
628248882267361284
627213554328846336
627161645123371009
626436831517609984
625712116733906944
624262908583612416
623225358926491649
622450755375464448
622088248756604928
621725768012333056
621416238128893952
621001010064965632
619556856113950722
619286770694238208
619283198468460545
619280882759680000
619280204490391552
619274137039536128
619249692858187776
619204529347801088
619174881867894785
618938626047479808
618937798616178688
618826944784654336
616743718431821824
615589840109699072
614214817012776960
613773235537051648
613391797046243328
613084465573728256
611941539435016192
611221032431566848
610852721013321728
610529592957370369
609415430466244608
609049486304813056
609028612663091200
608320086735097856
608035276313763840
606870247010746371
606513651508477953
605853559628795904
605790704393031682
605414248458502146
603626126385229824
602140874756083712
600707558915977216
598895590819270656
598171458985021440
596743741664202754
596423893860093952
596415878754750464
596176689400414208
596075856545468416
596010687517720577
595256697947594752
594992701679894529
594531607433711616
594293602752208898
594292009432518656
594288545017237504
594224547680792576
594188535030095872
593867765850714113
593818538701234176
593511640479334403
593510546718109696
593459155265986560
593447089859731456
593140514758660097
