572387262471643136
572371202913648640
572367012594253825
572343982627241984
572325494969905153
572291782416855040
572291755309051904
572291567370694656
572291284901097472
572286841145069568
571211566219005953
571211117600452609
571210744290652160
570842717623726080
570531316027887616
570475326096211968
570206476817469440
569806380334342145
569746020982132737
569443989012631552
569383621196279808
569081600425598976
569021233792036864
568719268163903489
568658830554345473
568356835876425729
568296460954902529
567994498153717761
567934082832666624
567632098010206208
567571685306417153
567269674987945984
567219888486223872
567209294391558145
566907321373036545
566846922976030720
566544941292089346
566484490260725761
566182547579613184
566122116529922048
565820128047013892
565773799908315136
565452460631023616
565062255159439360
564687130589265920
562875762047344640
