684457193542782977
674044176372224000
671409058608467969
670349068036534272
669971265348702208
669608061745692672
669244786121904128
668928013581598720
668172847236317184
667816931903193088
667764624482283520
667442217208803328
667421839006765060
666707422879199232
666369528029298688
665261021947269120
664908343044136960
664533595793596416
664176822448443392
663838783553609728
663779866689609729
662722300832157701
662373782997344256
661999491319472129
661634744485060609
661293308384268288
657633693557723136
657282605348487168
656921769794646016
656211891518361601
655098298332749824
654383412208369665
653662241343041536
652578044603932673
651849671967670273
651132426454892544
641347884378533888
639874413702328320
639157679420796928
638433731120906241
637346383146668032
636632078864510976
635905514782769152
634809867568586752
634085043028262913
633360180965588992
632273232796745728
626797821841149952
614463984805244928
614103224929292288
614102279034003456
