856628519023001600
856628512655933440
789135493111779328
788415330515243008
788171987327733760
788057433595719680
786965580620271616
786607325469483008
786244064257593349
785876126786650112
785515047262916608
784785476687310849
784423561561649153
784067933752307712
783835954482032640
783776158273802240
783696740343910400
783338373058486272
782973117052235776
781887905442635777
781589341407543296
781530546140618752
781161616897290240
780806594141429760
780443084148453377
778992217427816448
778627655318970368
778263709969821698
777980004378423296
777900463739973632
777175398920486913
776824361520988160
776452344909213696
775727730406985728
775374130166190080
774288121965838336
773975535890239489
771040007737880576
770686712557162496
770314696662450177
769223903478546432
768480332022550532
767765738786390016
766378102293270528
757663995373481985
755811466473639936
755097240042020864
754072634032140288
754006358798675968
753725927616503808
753620232707506176
753359298894278656
753272278222184448
753002474282348545
752906922680909824
751853401206435840
751845182073479168
751845093150117888
751159098335301636
751013596595904512
751008552848850945
751000750763962368
750996724949344256
750996722000793600
750987911143841792
750984638529736704
750963745619312640
750950900185833472
750950897061101568
750950894242504705
750950891361071104
750950888475426817
750950885535150080
750950882699796480
750950879566626816
750950876488011776
750950873539481600
750950870645374978
750950867826794496
750950864962158593
750950861992501248
750950859169796097
750950856305016832
750950853343928320
750950850453995520
750950847677431808
750950844825214976
750950841771757570
750950838802194432
750950835903954944
750950833030852608
750950830212259840
750950827335028736
750950824306704384
750950821425192960
750950818615099392
750950815729324032
750950811925155840
750950809043603456
750950806174765056
750950803335180289
750950800390758400
750950797249314817
750950794426454016
750950791595298817
750950788797698048
750950785970802688
750950783147995136
750950780241313792
750950777196339201
750950774243467264
750950771345285120
750950768476352513
750950765489975296
750950762436583424
750950759441858560
750950756543586304
750950753599102976
750950750776328192
750950747957764097
750950745097244672
750950742190649344
750950739246211072
750950736419250176
750950733550383104
750950730656256000
750950727846129664
750950725027594240
750950722146041856
750950719147143168
750950716282462208
750950713304485888
750950710401990656
750950707587608576
750950704701902848
750950701883355136
750950699073241088
750950696267153408
750950693301850113
750950690487427077
750950687400300545
750950684451860480
750950681645838336
750950678416203776
750950675346034688
750950672401653760
750950669520175104
750950666638598144
750950663748804608
750950660800151552
750950657864130560
750950654668050433
750811875747647488
750809352693424128
750777136890277888
750667716483219457
750663938291933184
750649841026473984
750645562492485632
750642541037584384
750636752470237184
750628193003008000
750627691590713344
750614601159639040
750614095657897984
750611326666354688
750608306192941057
750599998795055104
750598239213252608
750595971231481857
750595216005103616
750589185724211205
750589182515539968
750589179495587840
750589176643457024
750588905553031169
750588902528999424
750588899450298369
750588896568893440
750588893498576897
750588890608766981
750588887530102785
750588884455723009
750588881435779072
750588878558470144
750588875601575936
750588872589991936
750588869708480513
750588866764140548
750588863484223488
750588860279754757
750588857322708992
750588853975646209
750588850901319680
750588847885524992
750588844874076160
750588841719922688
750588838582648832
750588835428442117
750588832412737536
750588829527048192
750588826654019584
750588823562752001
750588820299677696
750588817372053505
750588814448586752
750588811315449856
750588808333328385
750588804956876801
750588802012413953
750588798929690624
750588795905605632
750588792977944578
750588790088011776
750588786342522882
750588783477846016
750588780457955328
750588777442242560
750588773554151424
750588770743885824
750588767686299649
750588764590923777
750588761583616001
750588758639116288
750588755690549248
750588752528015360
750588749323595776
750588746379190272
750588743023726592
750588740071002112
750588736799408128
750588733838229504
750588730902253569
750588727890698240
750588724803690496
750588721930637312
750588718839394305
750588715370708993
750588712434724866
750588709486096384
750588706524917760
750588703320473600
750588700430589952
750588697209364480
750588693937782784
750588690930495488
750588687579217921
750588684035055616
750588681048719361
750588678137868288
750588675252228096
750588672077168640
750588669241724928
750588666209329152
750588663273324544
750588660186226688
750588657048977408
750588654117130240
750588651168497664
750588648089935872
750588644986130432
750588642033332224
750588639021785088
750588636073172993
750588633191677952
750588630171848705
750588627294519296
750588624337592320
750588620994674689
750588618058727424
750588614992683009
750588611838545920
750588608617279493
750588605408677888
750588601600204801
750483679718182912
750483674227838977
750483497307951104
750483438977708032
750483295603789825
750483121993232386
750419012413042688
750388978134593537
750388889353793537
750388795384557569
750369353388863489
750369271134294016
750368670782595072
750368152714752000
750290611241152513
750265184481050625
750243045447172097
750236185893765120
750236182903197696
750236180084588544
750236177270202368
750236174246174720
750236171234664448
750236168286003200
750236165345804288
750236162263056385
750236159314452484
750236156495798272
750236153673048064
750236150787440640
750236147914342400
750236145036951553
750236142126133248
750236139123007488
750236136182800384
750236133288706048
750236130541461504
750236127458721792
750236124573011968
750236121762783232
750236118877138944
750236116054339584
750236113139339265
750236110152949760
750236107225329664
750236104071188480
750236101114228736
750236098283053056
750236095284125697
750236092327194624
750236089378545664
750236086438354944
750236083540127744
750236080662798337
750236077777096704
750236074954330112
750236071947014144
750236069090717696
750236066242818048
750236063365468160
750236060421091328
750236057459945472
750236054523961344
750236051755663360
750236048949669888
750236046047252480
750236042981175296
750236040129024000
750236037016879104
750236034194079749
750236031241351168
750236028363997184
750236025419620353
750236021950996480
750236019132366848
750236016183746560
750236013306474496
750236010408280064
750236007526699008
750236004699832324
750236001818316800
750235998899011584
750235995929505793
750235993039577088
750235990216900609
750235987280879616
750235984390922241
750235771853045760
750235768979849216
750235765850996736
750235762319323137
750235759349727232
750235756510253056
750235753574203393
750235750709460992
750235747412762624
750235744518729728
750235741712678913
750235738889912320
750235735945515008
750235733122777088
750235730304176128
750235727431102468
750235724537073664
750235721710067713
750235718702727168
750235715892641793
750235713002672128
750235710116990976
750235707302612992
750235704219820032
750235701313150976
750235698389745664
750235695302733824
750235692437995520
750235689355206656
750235686532440064
750235683642568704
750235680761077760
750235677875462144
750235674993975296
750235672187928576
750235669289656320
750235666408243201
750235663656714240
750235660800393216
750235657956626432
750235655133855744
750235652260765696
750235649299603456
750235646413967360
750235643469557760
750235640567107584
750235637236760576
750235634376249345
750235631486394369
750235628491735040
750235625442385920
750235622632222720
750235619750707200
750235616919580672
750235614059106304
750235611160834048
750235608354816000
750235605540409344
750235602377990144
750235599551037440
750235596417798145
750235593532112896
750235590617104384
750235587563708416
750235584489201664
750235581674913792
750235578852057088
750235575697932288
750235572757757954
750235569867878400
750235567045152768
750235564239097856
750235561089196032
750235557956087808
750235554915225600
750235551861764096
750235549030645760
750235546094596096
750235543070474240
750235540188958720
750235537294954496
750235534476402688
750235531645218816
750235528721756160
750235525836046336
750235522950434816
750235520022802432
750235517107699712
750235514247188480
750235511227289600
750235508333314048
750235505330155520
750235502431891456
750235499554562048
750235496664723456
750235493653241860
750235490771664896
750235487852490752
750235484882931712
750235482035019776
750235266489675776
750235263419486208
750235260546351104
750235257660727296
750235254804316160
750235251893469184
750235248907194368
750235245874704384
750235240153509889
750235236999520256
750235234063581184
750235231106498560
750235228166381569
750235225347723264
750235222344597504
750235219383427072
750235216363581440
750235213477863424
750235210529247232
750235207589036032
750235204694970368
750235201750626304
750235198860750848
750235196000202753
750235193106112512
750235190287564800
750235187343134720
750235184390430720
750235181433384960
750235178501545984
750235175557226496
750235172780507136
750235169836130304
750235167025983488
750235164068999168
750235161254563840
750235158364708864
750235155411898368
750235152551469056
750235149611196416
750235146700414980
750235143781150720
750235140857757696
750235137951076352
750235134843060224
750235131886075904
750235128996257792
750235126056022016
750235123233218560
750235120414691328
750235117596053506
750235114773381120
750235111967326208
750235109035483136
750235106133106688
750235103180230656
750235100298801152
750235097413128193
750235094598705152
750235091713024000
750235088693133313
750235085761286144
750235082871468032
750235079801237504
750235076902940672
750235074025627648
750235071198756864
750235068262735872
750235065339285508
750235062411591680
750235059580526592
750235056724115456
750235053771395072
750235050881478656
750235047995772928
750235045114314752
750235042111258628
750235039233937408
750235036415295488
750235033512861696
750235030581116928
750235027565404160
750235024742637568
750235021659832320
750235018807631872
750235015766740992
750235012935680000
750235009953439744
750235007059394560
750235004161101824
750235001317421056
750234998461128704
750234995520929792
750234992589017088
750234989292314624
750234986343698432
750234983453917185
750234980576587776
750234977741180928
750234762393088000
750234759570284544
750234756776886272
750234753970892800
750234751051661312
750234748119810048
750234745154441216
750234742080040960
750234739194392576
750234736317067264
750234733431361536
750234730558328832
750234727664214016
750234724837253120
750234721775484928
750234718881406976
750234716058578944
750234713164488704
750234710295646208
750234707338625024
750234704461307905
750234701579902977
750234698752913408
750234695934341120
750234693056991236
750234690225922048
750234687352832000
750234684353814528
750234681338134528
750234678527942660
750234675650695168
750234672760811520
750234669786988544
750234666909765632
750234663822778368
750234661008314368
750234657946476544
750234654968602624
750234652036792320
750234649218121728
750234646395416576
750234643388100608
750234640514973696
750234637612515328
750234634747797504
750234631602044929
750234628586401792
750234625549697024
750234622605352960
750234619396653056
750234615529504768
750234612509605888
750234609628114944
750234606679498752
750234603722510337
750234600849432576
750234597959593984
750234595078070272
750234592267894784
750234589445103617
750234586563616768
750234583682211840
750234580750336000
750234577910849537
750234575029362688
750234572185624576
750234569253777409
750234565843693569
750234562832306176
750234559954944000
750234557018959873
750234554191994880
750234551302127616
750234548349374464
750234545467879424
750234542586355712
750234539537141760
750234536546594816
750234533707018240
750234530657755136
750234527851745282
750234524836061184
750234521937797120
750234518922092544
750234516061650944
750234512899072000
750234509942091777
750234506930561024
750234504053293056
750234501230501888
750234498281930752
750234495392030721
750234492514754564
750234489641631744
750234486693064704
750234481311772672
750234478354821120
750234475490140161
750234472650596352
750234260460666880
750234257566658561
750234254429282304
750234251526889472
750234248393752576
750234244853686272
750234242039287808
750234239027798016
750234236196708353
750234233248055296
750234230232322050
750234227292135424
750234224381325312
750234221466251264
750234218639261696
750234215690756096
750234212872183808
750234209999028225
750234207188840448
750234203963396096
750234201002283008
750234198192099329
750234195251920896
750234192353619968
750234189568540672
750234186695475201
750234183830757376
750234180823486464
750234177866530816
750234174464880640
750234171549908992
750234168710328320
750234165614903296
750234162729193472
750234159851986944
750234157033332736
750234154172907520
750234151001915392
750234147134767104
750234144203038720
750234141308878848
750234138410676224
750234135403302912
750234132324769792
750234129384534016
750234126440140800
750234123537620992
750234120664522752
750234117405573120
750234114477924352
750234111487438848
750234108408819713
750234105518944256
750234102591348740
750234099693002752
750234096811606016
750234093921656832
750234091069534208
750234088229965824
750234085197484033
750234082194427904
750234079312879616
750234076414697472
750234073478623232
750234070655926272
750234067778543616
750234064838356992
750234061893926912
750234058999861248
750234055841546240
750234053027237888
750234050149900288
750234047251611648
750234044374323200
750234041421553664
750234038598860800
750234035616636928
750234032768704512
750234029887193088
750234027005714433
750234024170389504
750234021188210688
750234018235514880
750234015412654080
750234012396945408
750234009444184064
750234006508146688
750234003681181696
750234000732618752
750233997775605760
750233994768285696
750233991966588928
750233989005344768
750233986115436544
750233983233953792
750233980503490560
750233977726832644
750233974463729664
750233971519283200
750233968616890368
750233756351533056
750233753465843712
750233750458535936
750233747572789248
750233744607416320
750233741734318080
750233738978684928
750233735904329728
750233732884336640
750233730065793024
750233727184343040
750233724298653696
750233721408720896
750233718460149760
750233715641647105
750233712772669440
750233709882867712
750233706938368000
750233704140775433
750233700965777409
750233698080088064
750233695198515200
750233692254142464
750233689431433216
750233686621188096
750233683727093760
750233680841506816
750233677905395712
750233675074338816
750233672121450496
750233669181251584
750233666299817984
750233663476994048
750233660599758848
750233657646936064
750233654694187008
750233651678502912
750233648742408192
750233645911306241
750233643029827584
750233640160862208
750233637132574721
750233634246955009
750233631101190144
750233628215566336
750233625271164929
750233622385426433
750233619235540992
750233616429514752
750233613539639296
750233610586820608
750233607697002497
750233604597354496
750233601703288832
750233598771494912
750233595806097409
750233592920416256
750233589812453376
750233586935136256
750233584041136129
750233581029646336
750233578022244352
750233575010762752
750233572049555460
750233569180647424
750233566286610432
750233563212156928
750233560326479873
750233557503713280
750233553980579840
750233551061254144
750233547999436800
750233545122123776
750233542240641024
750233539287875584
750233536402231296
750233533579427840
750233530593054720
750233527346618368
750233524402266116
750233521411743744
750233518446346240
750233515560669184
750233512721211392
750233509604814848
750233506647830529
750233503778893824
750233500876410880
750233498003398656
750233494979244032
750233491892232192
750233489010749440
750233485936300032
750233483050622976
750233480122998784
750233477157687296
750233474150391808
750233471323410432
750233468450250752
750233465078050816
750233251126673408
750233248316481536
750233245510430720
750233242624745473
750233239688777728
750233236727537664
750233233690857472
750233230880694272
750233227982434304
750233225126084608
750233222294953984
750233219405152256
750233216553017344
750233213453361152
750233210563522560
750233207732338692
750233204863406080
750233201969430528
750233199104622592
750233195866718208
750233192980942848
750233189965262848
750233187016646656
750233184101629956
750233181257883648
750233178456072192
750233175616589824
750233172797980672
750233170033901568
750233167093719040
750233164149325824
750233161339199488
750233158130475008
750233155173490688
750233152354942976
750233149528018944
750233146722021376
750233143714672640
750233140770275328
750233137934897152
750233134931804160
750233132004216832
750233129160413184
750233126329282560
750233123447828480
750233120578961408
750233117642940416
750233114740461568
750233111842217984
750233108797087744
750233105953415169
750233103071928320
750233100190449664
750233097342443520
750233094414856192
750233091600416769
750233088588976128
750233085720006656
750233082826031104
750233079915175936
750233076995919872
750233074118656000
750233071279046656
750233068280115200
750233065398607872
750233062441713664
750233059287568384
750233056338927617
750233053289644032
750233050135617536
750233047258243073
750233043634364416
750233040614547456
750233037728780288
750233034989993984
750233032154546176
750233029289836544
750233026387382272
750233023392673792
750233020511162368
750233017617178624
750233014337212416
750233011514376192
750233008704290816
750233005684322304
750233002547015680
750232999535542272
750232996649824256
750232993755717633
750232990903570432
750232987971780608
750232984977043456
750232982162661376
750232979281158144
750232976269737984
750232973107134464
750232970229846016
750232967285440512
750232964466958336
750232961585471488
750232747940151296
750232745004105728
750232741984239616
750232739027320832
750232736129048576
750232733251698688
750232730441482240
750232727547437056
750232724468801538
750232721583202304
750232718756179968
750232715891445760
750232712942845952
750232710048808960
750232707108573184
750232704222920705
750232701135904768
750232698325700608
750232695461011456
750232692353040384
750232689471610881
750232686598451200
750232683775754240
750232680923553792
750232677878472704
750232674950901761
750232671712862208
750232668697161728
750232665639493632
750232662724448256
750232659922653184
750232657041166336
750232654214225920
750232651357884416
750232648518397952
750232645620133888
750232642805727232
750232639873875968
750232636841426944
750232634018656256
750232631007125504
750232628134047745
750232625365839872
750232622555627520
750232619539914752
750232616729706496
750232613906964480
750232610954248192
750232608014041088
750232605191184385
750232602192277504
750232599101050880
750232596278284288
750232593396801536
750232590569865216
750232587503820800
750232584488095744
750232581493391361
750232578599297024
750232575705223168
750232572882481152
750232569929687040
750232566947610624
750232564036726784
750232561209774080
750232558328221696
750232555589427200
750232552766603264
750232549830656000
750232546613624832
750232543723675648
750232540892528640
750232538036199424
750232535188303872
750232532311019521
750232529362358272
750232526149607424
750232523209338882
750232520323629056
750232517370867712
750232514493546497
750232511675064320
750232508776718336
750232505920487424
750232503013769216
750232500140670976
750232497103867904
750232494105104384
750232491227840512
750232488224624640
750232485330550784
750232482524569600
750232479685046272
750232476736425984
750232473800413184
750232470914826240
750232468024860672
750232465084649472
750232462257774592
750232459430793216
750232245072433152
750232242258059264
750232239326302208
750232236419584001
750232233601032192
750232230820212736
750232227959738368
750232225023725568
750232222125400064
750232219311083520
750232216433750016
750232213556490240
750232210679164928
750232207785164800
750232204823912448
750232201934041088
750232198872178688
750232195869147136
750232192991789056
750232189837709312
750232186868162560
750232184045314048
750232181168013312
750232178211037184
750232174935302144
750232172133482496
750232169361080320
750232166441836544
750232163602337792
750232160783728641
750232157763796992
750232154844585984
750232151749226496
750232148884480000
750232146040741888
750232143222149121
750232139984150528
750232137018773504
750232134107951104
750232131159425024
750232128160423936
750232125278912512
750232122376486912
750232119365033985
750232116487675904
750232113555857408
750232110586265600
750232107520233472
750232104684888068
750232101811851264
750232098716385280
750232095834906625
750232093028917248
750232090176782336
750232087186268160
750232084057292800
750232081083539456
750232077958778880
750232074934743040
750232071998672896
750232069108822016
750232066093096960
750232063220023296
750232060388835328
750232057486446592
750232054567170048
750232051601829888
750232048732872704
750232045838798848
750232042621792256
750232039748673536
750232036925988864
750232033646043136
750232030638551040
750232027656577024
750232024808624128
750232021868437504
750232019028828160
750232016164102144
750232013127421953
750232010115997697
750232007301537792
750232004411723776
750232001593085952
750231998615187456
750231995117174784
750231992097267712
750231989094088704
750231986267193344
750231983326986240
750231980441305088
750231977601732608
750231974682435584
750231971788361728
750231968906899456
750231966016995328
750231963202707456
750231960384045056
750231957557108736
750231954675630080
750231739059036161
750231736047534080
750231733216374784
750231730276139008
750231727398907904
750231724500586496
750231721619185664
750231718746021888
750231715868733440
750231713041813504
750231710168670208
750231707211730944
750231704128880640
750231701226450944
750231698302992384
750231695413112832
750231692200308736
750231689390161920
750231686521221121
750231681123123200
750231678308712448
750231675494359040
750231672541569024
750231669655924736
750231666816323584
750231663951634432
750231661208567809
750231658121531392
750231655235936256
750231652346032128
750231649363881984
750231646268424192
750231643336609792
750231640107061248
750231637233897472
750231634268618752
750231631374475264
750231628505579520
750231625674481664
750231622868402176
750231619978588160
750231617025740800
750231614085558273
750231611262795776
750231607886438400
750231604862279680
750231602014355456
750231599132860416
750231596268187648
750231593307009024
750231590366765056
750231587543977985
750231584784150529
750231581894307840
750231578962497536
750231576018116608
750231573115592704
750231570234114048
750231567184850944
750231564307537921
750231561384103936
750231558506905601
750231555663101952
750231552743903232
750231549665275904
750231546838253568
750231543952642048
750231541075312640
750231538139267072
750231535312404480
750231532217008130
750231529410945024
750231526584020992
750231523702472705
750231520833568768
750231517947887616
750231514273701888
750231511312560128
750231508498128896
750231505620832256
750231502668046336
750231499807584256
750231496921870336
750231493415432192
750231490546597888
750231487660916736
750231484842315776
750231481948274688
750231478873821184
750231475862245376
750231472871710720
750231470028062720
750231467222073344
750231464260894720
750231461282902016
750231458363609088
750231455553490944
750231452672032768
750231449845006336
750231250351296513
750231247465611265
750231244579954688
750231240851255296
750231237768413186
750231234924650496
750231232001241088
750231229111398400
750231226229854208
750231223419764736
750231220521431044
750231217518350336
750231214636822532
750231211692462084
750231208672518144
750231205535182848
750231202586566656
750231199696715776
750231196743901184
750231193942126592
750231191035453441
750231188099465216
750231185209561088
750231182399397888
750231179513761792
750231176657461248
750231173616570368
750231170718326784
750231167299903488
750231164451946496
750231161499226112
750231158621892608
750231155845267456
750231152951173120
750231147418877953
750231144453537792
750231141446193152
750231138422095872
750231135536422912
750231132449431552
750231129567928320
750231126686502912
750231123620425728
750231120780861440
750231117966479360
750231115047268352
750231112140611584
750231109116583937
750231106042097664
750231103160586240
750231100354600960
750231097510879232
750231094700740609
750231091877904384
750231089088696320
750231085926187008
750231083103428608
750231080284946432
750231077470478336
750231074517680128
750231071627874304
750231068691816448
750231065936166912
750231062945693696
750231059636379648
750231056763224064
750231053940514816
750231051058970624
750231048198483968
750231045350580224
750231042469101568
750231039541383169
750231036567707648
750231033547788288
750231030741757952
750231027839295488
750231024911671296
750231021828837376
750231018960019456
750231016002945024
750231013171814400
750231010294595586
750231007329157121
750231004393144320
750231001637453824
750230998755971072
750230995933270016
750230992993083392
750230990098984960
750230987284553728
750230984403058688
750230981517467648
750230978719805440
750230975888650240
750230973061685248
750230970146680832
750230967294590976
750230964501176320
750230961636438016
750230733076197380
750230730190495744
750230727313199104
750230724360429568
750230721525116928
750230718731718656
750230715506290688
750230712700239872
750230709667762176
750230706790490112
750230703837704192
750230700964646912
750230698083098624
750230695134593024
750230692244619264
750230689358970880
750230686477541376
750230683453448192
750230680584515584
750230677703065600
750230674867621892
750230671977746432
750230669096345600
750230666164445184
750230663274565632
750230660405657600
750230657440317440
750230654621712384
750230651559968768
750230648657481728
750230645843062784
750230642965774336
750230640142974976
750230637316022272
750230634405191680
750230631452467200
750230628344401920
750230625454555136
750230622321401856
750230619351834624
750230616428441600
750230613551095808
750230610451558404
750230607511359488
750230604621414400
750230601681276928
750230598640427008
750230595641479168
750230592726466560
750230589815590912
750230586862800896
750230583775813633
750230580705497088
750230577882787840
750230575005458432
750230572140822528
750230566608445440
750230563664097281
750230560640004096
750230556844097536
750230553966833668
750230551144062976
750230548233281536
750230545372774400
750230542566748160
750230539685199872
750230536854069249
750230534001987585
750230531049152512
750230528004063232
750230525143552000
750230519481262080
750230516603944960
750230513529544704
750230510589345792
750230507691057152
750230504612458496
750230501630349312
750230498736300032
750230495766732800
750230492813877248
750230489949204480
750230487055106048
750230484102352896
750230480897708032
750230475252310016
750230472358330370
750230469380300800
750230466477850624
750230463663501312
750230460756795392
750230457887916032
750230454993874944
750230452124942336
750230449205772288
750230446085210112
750230443207880704
750230227788398592
750230224923725825
750230221492723712
750230218657427457
750230215717187584
750230212915433472
750230210038132736
750230207089479680
750230204124164097
750230201305600000
750230198411485184
750230195475546112
750230192614932480
750230189767069696
750230186961108992
750230184071139329
750230181240012801
750230178387943424
750230175414161408
750230172528439296
750230169516969984
750230166643810304
750230163623931904
750230160738246657
750230157919653888
750230154975309828
750230151959552000
750230148998434816
750230146129469440
750230143310893056
750230140370690048
750230137405190144
750230134389702656
750230131520770048
750230128681218048
750230125808082944
750230122859560960
750230120028332032
750230117234925568
750230114408009730
750230111522258944
750230108707880960
750230105889308673
750230102978461696
750230099778236417
750230096976474113
750230094027825152
750230091150524416
750230088315183105
750230085446299648
750230082497708032
750230079620444160
750230073714806784
750230070829121536
750230067943440384
750230065137512448
750230062155370496
750230059223490560
750230056371380224
750230053527642112
750230050646163456
750230047714373633
750230044577001472
750230041464889344
750230038583373824
750230035764764672
750230032849788928
750230029733330944
750230026860265472
750230023894867968
750230020992401408
750230018203287552
750230015309180928
750230012410925056
750230009479127040
750230006538928128
750230003716067328
750230000914329600
750229998020198400
750229995184857089
750229992307625984
750229989421907968
750229986410393600
750229983533105153
750229980714598400
750229977895927808
750229975077425153
750229971872911360
750229969037586432
750229966156095488
750229963362762752
750229960414138368
750229957507514368
750229954693038081
750229951698259968
750229948607102976
750229945784369152
750229942965862400
750229940000460800
750229723289153536
750229720403509248
750229717526118400
750229714699165696
750229711817674752
750229709003296768
750229706117619712
750229703227826176
750229700354670592
750229697460572160
750229694600151040
750229691760537600
750229688887435264
750229686018535424
750229682898042880
750229680033263616
750229677097230336
750229674131881985
750229671162281985
750229668100472832
750229665298735104
750229662396211200
750229659439210496
750229656633237508
750229653823090688
750229650991964160
750229647909130241
750229645031837696
750229642171342848
750229639273017345
750229636316028928
750229633426161664
750229630548836352
750229627734519808
750229624911761408
750229621967360000
750229619085828096
750229616191832064
750229613360603136
750229610361659392
750229607417278464
750229604477075456
750229601520148480
750229598563106816
750229595610312704
750229592800161792
750229589918613505
750229587049734144
750229583962726400
750229581072850944
750229578136903680
750229575163076609
750229572352929792
750229569395945472
750229566472515584
750229563582640128
750229560696922112
750229557773496321
750229554795540480
750229551905726464
750229549095542784
750229546276909056
750229543449989120
750229540576854017
750229535124226048
750229532305657856
750229529432584192
750229526475579392
750229523598282752
750229520708493312
750229517818556416
750229515004239873
750229512114372608
750229509245394944
750229506359758848
750229503557922816
750229500584222721
750229497518186497
750229494619840512
750229491348279296
750229488395493380
750229485505617920
750229482624184320
750229479302242304
750229476404068352
750229473497341952
750229470515171328
750229467751211008
750229464940945409
750229461983977472
750229458905366528
750229456028110848
750229453142388736
750229450202185728
750229447253655552
750229444422430720
750229441524207616
750229438458134529
750229435522113536
750229220815757312
750229217984573441
750229215170138112
750229212288671744
750229209285615616
750229206458654720
750229203640090624
750229200691429376
750229197835083776
750229194983018497
750229192164466688
750229189287112704
750229186472714240
750229183582859269
750229180718145536
750229177954136064
750229175139696640
750229172262432768
750229169431252993
750229166608482304
750229163664142336
750229160816173056
750229157892751360
750229155082567680
750229152062660608
750229149176954880
750229146295476224
750229143489478656
750229140721336320
750229137835565057
750229134966685697
750229132076781568
750229129270820864
750229126301282304
750229123486842881
750229120609611776
750229117581352960
750229114636886016
750229111763771392
750229108936826880
750229105992462340
750229103102550016
750229100154019840
750229097146617856
750229094252548096
750229091413090304
750229088510611456
750229085549391872
750229082701500416
750229079794786304
750229076632297472
750229073755041792
750229070865113088
750229068046594048
750229065152466945
750229062296231936
750229059389489152
750229056319356928
750229053504950272
750229050480812032
750229047607689216
750229044575232000
750229041702109184
750229038699077632
750229035746222080
750229032843747329
750229029962280960
750229027017850880
750229024077647872
750229020990668800
750229018176319488
750229015164751872
750229012220436484
750229009292754944
750229006444814336
750229003626287104
750229000753127425
750228997863268353
750228994902134784
750228991894781952
750228988942057472
750228986123411456
750228981803315201
750228978791841792
750228975440523264
750228972504481793
750228969681813504
750228966863147008
750228964006850560
750228961108647936
750228958151643136
750228955131744256
750228952183107584
750228949301661697
750228946424328192
750228943467413505
750228940518809600
750228937503039488
750228934432817152
750228931433865217
750228717499195392
750228714609344513
750228711740506116
750228708808622080
750228705822314497
750228702944980992
750228700126404608
750228696590614528
750228693700796416
750228690752139264
750228687933546496
750228685106610177
750228682191568896
750228679284908032
750228676466380800
750228673593217024
750228670703345664
750228667826053120
750228665066192896
750228662176321536
750228659290705920
750228656296001536
750228653175365632
750228650314850304
750228647500472320
750228643767549952
750228640940646400
750228638080049153
750228635123060736
750228632291901440
750228629276266496
750228626390577152
750228623458705408
750228620535357440
750228617410539520
750228614277390336
750228611458826240
750228608577404928
750228605679067136
750228602864664576
750228599983177728
750228597105917956
750228594211905536
750228591271616514
750228588327211008
750228585449947136
750228582421651456
750228579535974400
750228576717377537
750228573919862784
750228570757365760
750228568005873664
750228565120221188
750228562242830340
750228559352979456
750228556324548610
750228553321644032
750228550402314240
750228547487358976
750228544668700672
750228541791408128
750228538779926528
750228535659339776
750228532744318976
750228529929945092
750228527065272320
750228524217298945
750228521339977728
750228518525599744
750228515577065472
750228512762687488
750228509885366272
750228506928357376
750228504042668032
750228501144412160
750228498342670336
750228495452823552
750228492520976384
750228489614352384
750228486699290624
750228483863904256
750228480848166912
750228478025433092
750228474812624896
750228471922716673
750228468982542336
750228466096889856
750228463114747905
750228460199608320
750228457381064704
750228454382141441
750228451546767360
750228448539475968
750228445507051520
750228442503839745
750228439630766080
750228436745121793
750228433926557696
750228430898290688
750228427584704512
750228212731547648
750228209908715520
750228207094423553
750228204204556288
750228201411121152
750228198517010432
750228195681665024
750228192863121408
750228189985767424
750228187108507648
750228184227078144
750228181265838080
750228178392743937
750228175276343296
750228172231278593
750228169215598592
750228166267076609
750228163368775681
750228160495648768
750228157609996288
750228154665533440
750228151784144896
750228148957175808
750228146142736384
750228143320010752
750228140518236160
750228137615757312
750228134809788417
750228131466846208
750228128572801024
750228125708058624
750228122876928000
750228119995420672
750228116983939072
750228114102480896
750228111275548672
750228108385673216
750228105252438016
750228102425538560
750228099552378880
750228096595456000
750228093655285760
750228090773798912
750228087766454272
750228084876509184
750228082041257984
750228079180668928
750228076357906432
750228073396723712
750228070334861313
750228067180810240
750228064349585408
750228061484883968
750228058062323712
750228055067688960
750228052228145153
750228049409544192
750228046523863040
750228043646562305
750228040819638272
750228037829091328
750228034922373124
750228032045146112
750228029092364288
750228026269569025
750228023392235521
750228020569501696
750228017155276800
750228014286372864
750228011140743168
750228008259219456
750228005369315328
750228002424913920
750227999543394304
750227996661977088
750227993654616064
750227990836117505
750227987941953536
750227985052078081
750227982241923072
750227979414929409
750227976600649732
750227973840707584
750227970917294080
750227968014819328
750227964944670720
750227962054774784
750227959169093633
750227956216233984
750227953339002881
750227950520401920
750227947638906881
750227944816115712
750227941989158912
750227939107729408
750227936247156736
750227933470523392
750227930593239040
750227927648858113
750227924687654912
750227712095256576
750227709154979840
750227706315411457
750227703467503616
750227700556627968
750227697486426112
750227694525308928
750227691710849024
750227688883949568
750227685943734272
750227683120939008
750227680247898112
750227677408288768
750227674539429888
750227671737626625
750227668902305792
750227666037510144
750227663197990912
750227660387807232
750227657443409920
750227654612283392
750227651802038272
750227648920576000
750227646101979136
750227643228950528
750227640397787136
750227637503655936
750227634618036224
750227631619051521
750227628804739073
750227625990295556
750227622966202368
750227620147625984
750227617324888064
750227614342799360
750227611306123265
750227608344944640
750227605404676096
750227602623885312
750227599641681920
750227596818976769
750227593991979008
750227591114715136
750227588233191424
750227585297252352
750227582457708544
750227579584610304
750227576698900480
750227573813174272
750227570839449600
750227567530082304
750227564501708801
750227561322573825
750227558344646656
750227555467354112
750227552648716288
750227549725360128
750227546806087680
750227543987544065
750227541118574592
750227538027417600
750227535082946561
750227532193140736
750227529051537408
750227526098751488
750227523229868032
750227520335777796
750227517391400960
750227514635743232
750227511821336577
750227508864360448
750227506008129536
750227502711308288
750227499838308352
750227496948432896
750227494121398272
750227491311251456
750227488421314560
750227484281626624
750227481081307136
750227478199865344
750227475335184385
750227472348831744
750227469475713024
750227465746968576
750227462932553728
750227459975548932
750227457102446592
750227454275485696
750227451268169728
750227448286048256
750227445425512448
750227442573447168
750227439729643520
750227436973989888
750227434105110528
750227430443479041
750227427549380608
750227424605040640
750227421765435392
750227211530231808
750227208636104704
750227205775581184
750227202906656773
750227199920332800
750227197114318848
750227194224476160
750227191275851776
750227188448890880
750227185638801408
750227182753091584
750227179808649216
750227176742592512
750227173840216064
750227170958671872
750227168022724608
750227165145432064
750227162171670528
750227159223046144
750227156291166208
750227153275514880
750227150398259200
750227147495727104
750227144480002048
750227141602766848
750227138775773184
750227135906844672
750227132878581760
750227129875460098
750227126448713728
750227123571490816
750227120685809664
750227117737148416
750227114859884545
750227111978405888
750227109151404032
750227106148286464
750227103128379392
750227099982630912
750227096966930432
750227094018330624
750227091094896640
750227088188313600
750227085164220416
750227082291113984
750227079405379584
750227076532277248
750227073587879936
750227070693863424
750227067816570880
750227064654012416
750227061839659008
750227059029467136
750227056148054016
750227053191041024
750227049722290176
750227046836633600
750227043946733568
750227041144991744
750227038305484800
750227035516203008
750227032609554432
750227029551943680
750227026645245952
750227023709298688
750227020899094528
750227017874960384
750227014913777664
750227012053241856
750227009159266304
750227006319648768
750227003576573952
750227000703455232
750226997603950592
750226994797875200
750226991908020224
750226989089484800
750226986207961088
750226983192293376
750226980310753280
750226977437675520
750226974484856832
750226971536269313
750226968529006593
750226965634945024
750226962392678400
750226959335063552
750226956529045504
750226953647624197
750226950824787968
750226947934920704
750226945120604160
750226942243311616
750226939349196800
750226936341946372
750226933342961664
750226930448891904
750226927621959680
750226924803416064
750226921905086464
750226704040390656
750226701054046208
750226698172506112
750226695186157568
750226692271173633
750226689460998145
750226686634029056
750226683756675072
750226680740868097
750226677805027328
750226674906701824
750226672096534528
750226669177282560
750226665989636096
750226662932025344
750226660088279041
750226657231900672
750226654182580224
750226651141775360
750226648302227456
750226645349502979
750226642337923072
750226639385141248
750226636512043008
750226633492144128
750226630619037696
750226627725029376
750226624717750272
750226621894914048
750226618958962688
750226616060612609
750226613078466560
750226610146643968
750226607151968256
750226604262060032
750226601380573184
750226598553645056
750226595667910656
750226592857788416
750226589745545216
750226586645954560
750226583688994816
750226580870459392
750226577988919296
750226575115882496
750226572293050368
750226569184944128
750226566051921920
750226563187236864
750226560171511808
750226557021683712
750226554194657280
750226551304839172
750226548427517952
750226545541779456
750226542656122881
750226539841806336
750226537023152128
750226534007500801
750226531016933376
750226528173187072
750226525199409152
750226522326310914
750226519461593088
750226516575944704
750226513593823232
750226510733336576
750226507914706947
750226504747982848
750226501904269313
750226498880167936
750226495889637376
750226492915933184
750226490030170114
750226487148675072
750226484221079552
750226481335459840
750226478239981569
750226475161362432
750226472342843392
750226469385887744
750226466382684161
750226463287341056
750226460347142144
750226457465593856
750226454512803840
750226451694252032
750226448816930816
750226445868367872
750226442991132673
750226439572746240
750226436691296257
750226433478365184
750226430462689280
750226427518283776
750226424557076480
750226421742727168
750226418928390144
750226415984017408
750226413102436352
750226202317713408
750226199436201984
750226196558929920
750226193673224192
750226190787571712
750226187910250496
750226184961662980
750226182013091840
750226179190300673
750226176371781632
750226173561569280
750226170604552192
750226167718969344
750226164841603072
750226161964347392
750226159007334400
750226156121653248
750226153244397568
750226150350262272
750226147401687044
750226144578985984
750226141709991936
750226138883035136
750226135938662400
750226133124313088
750226130234437632
750226127357108224
750226124479799296
750226121522831360
750226118498742272
750226115365629952
750226112345694208
750226109464182784
750226106574307329
750226103634132992
750226100496793600
750226097669890048
750226094851231744
750226090531123200
750226087557357568
750226084625575936
750226081572065280
750226078745124864
750226075972673536
750226073028272128
750226070004174849
750226067131142144
750226064178311168
750226061300989952
750226058402824192
750226055194112002
750226052308426752
750226049489891328
750226046612541440
750226043592638464
750226040660844544
750226037733285888
750226034746884096
750226031798317056
750226028921061377
750226025963982849
750226023141273600
750226020263919616
750226017256607744
750226014312202240
750226011158183937
750226008398233600
750226005067964416
750226001796497408
750225998575206404
750225995765059584
750225992870948864
750225989981044736
750225987049230336
750225984159449088
750225981290545152
750225978253774848
750225975233970177
750225972297920512
750225969340907521
750225966396497920
750225963326242816
750225960243437568
750225957265563648
750225953809395712
750225950856646656
750225948046483456
750225945047465984
750225942224769024
750225939204870144
750225936151375872
750225933181878272
750225930346520576
750225927272009729
750225924403105792
750225921379069956
750225918497546240
750225915611865088
750225912508084224
750225909320454145
750225702079832064
750225699001204736
750225696182693888
750225693372456960
750225690226819072
750225687408238592
750225684442808320
750225681552961536
750225678558167040
750225675546755072
750225672665260032
750225669708214272
750225666763816960
750225663869747200
750225660996648961
750225658136100864
750225655158243328
750225652150853632
750225649319743488
750225646446579712
750225643560984576
750225640473886720
750225637663711232
750225634652254208
750225631774900224
750225628813746176
750225625990959105
750225623050817536
750225620169285632
750225617396850688
750225614465069056
750225611180937216
750225608039358464
750225605111799809
750225602205065217
750225599332057088
750225596442083328
750225593371922432
750225590423257088
750225587466362880
750225584647708673
750225581736878080
750225578750537729
750225575760060416
750225572916236288
750225569644744704
750225566750609408
750225563911159808
750225561008701440
750225558114603008
750225554901794816
750225552007626753
750225549121953792
750225546307665920
750225543417700352
750225540544655361
750225537650528256
750225534643240960
750225531606622209
750225528678912000
750225525793226752
750225522869829632
750225519954853888
750225517056516096
750225514053394432
750225511234830336
750225508428877824
750225505606066176
750225502670053376
750225499792805888
750225496944828416
750225494138847232
750225491316080641
750225488241631232
750225485368614912
750225482411544576
750225479580413952
750225476766031872
750225473809047552
750225470805925888
750225467869913088
750225464841699328
750225461960212480
750225458986450944
750225455798685696
750225452900487168
750225449603702785
750225446751592448
750225443870179328
750225440963526656
750225437511524352
750225434642681856
750225431748542464
750225428800008192
750225425654317056
750225422839840768
750225420025487360
750225417202720768
750225414191210496
750225411305537536
750225193403121664
750225190567772160
750225187686248448
750225184737599492
750225181990346753
750225179100516352
750225176214765568
750225173333377024
750225170388885505
750225166869917696
750225163908747264
750225161077620736
750225158191931392
750225155251642368
750225152089157632
750225148897292288
750225145873174528
750225142878470144
750225139988652032
750225137094524928
750225134284341248
750225131457347584
750225128693325824
750225125845372928
750225122884194304
750225119985926144
750225117054115840
750225114155843584
750225111291138048
750225108334211072
750225105511411713
750225102638309376
750225099748442112
750225096795652097
750225093909938176
750225091020070912
750225088071475201
750225085181624320
750225082363052032
750225079494144000
750225076608442368
750225073655668736
750225070770032640
750225067888545792
750225064952524801
750225062075240449
750225058723991552
750225055838240772
750225052889649152
750225049941073920
750225046715658240
750225043863564288
750225040877248512
750225038020837376
750225035135164417
750225032102699008
750225029049102336
750225025886748672
750225022992715776
750225020106973184
750225017288491008
750225014343991296
750225011521314816
750225008698482688
750225005754085377
750225002872668160
750224999655567360
750224996908339200
750224994031038464
750224990990110720
750224988129681408
750224985239719937
750224982299541504
750224979476770816
750224976523984896
750224973579575296
750224970798796800
750224967917240320
750224965065183232
750224961978204160
750224959025377280
750224956215164930
750224953274929152
750224950246699008
750224947365249024
750224944483753985
750224941589626881
750224938670366720
750224935835009025
750224932978712576
750224929992372224
750224927064723461
750224924044853248
750224921155035136
750224918164439040
750224915199123456
750224912367902720
750224909503238144
750224906609188864
750224903736025088
750224689352572928
750224686387200000
750224683400892416
750224680481685505
750224677633744896
750224674731204608
750224671791058944
750224668829839360
750224665432522752
750224662664192000
750224659724009472
750224656838320128
750224653965230080
750224651083710465
750224648185544704
750224645245247488
750224642355396608
750224639423545344
750224636584071168
750224633635434496
750224630766592001
750224627864047616
750224624785457152
750224621669089280
750224618712162304
750224615549628416
750224612731056128
750224609908297729
750224607102271488
750224604090761216
750224601255440384
750224598311075841
750224595366584320
750224592548028416
750224589544914944
750224586671874048
750224583849025536
750224580955045889
750224577943465984
750224575045234688
750224572230864896
750224569475227648
750224566530764804
750224563582164992
750224560654544896
750224557882179584
750224555063607296
750224552182046721
750224549304754177
750224546435825664
750224543273410560
750224540261834752
750224537359413248
750224534318481408
750224531470639105
750224528383549440
750224525535612928
750224522624860160
750224519026110464
750224515997859840
750224513128927232
750224510306160640
750224507428827136
750224504597741569
750224501707776001
750224498843148288
750224495886102528
750224492895604736
750224489926000640
750224487006830592
750224484150439937
750224481336041472
750224478446166016
750224475581538304
750224472494510080
750224469675892736
750224466777636864
750224463837466624
750224460935028736
750224457931878400
750224454861656064
750224452043046912
750224449094418432
750224445709639680
750224442882682880
750224439992840192
750224437044252676
750224434154397697
750224431130218497
750224428231979008
750224425308590080
750224422364127232
750224419423944704
750224416580198401
750224413648416769
750224410708148224
750224407675674624
750224404794277888
750224401778565120
750224398955741184
750224172912181249
750224170043211776
750224167102976000
750224164209000449
750224161256202240
750224158441762816
750224155593891840
750224152724930564
750224149851832321
750224146794242053
750223921463558144
750223918573711360
750223915683840001
750223912823390208
750223909786624000
750223906783555584
750223903910465536
750223900877946880
750223897941925888
750223894892646401
750223669931147264
750223666990944256
750223664101064705
750223661274165248
750223658392616960
750223655376941056
750223652424151041
750223649618141185
750223646728265728
750223643775496192
750223418864336896
750223415840239616
750223412963016704
750223410127597568
750223407262920704
750223404385570816
750223401571188736
750223398618406912
750223395783139328
750223392872202240
750223166073692160
750223163145981952
750223160247738370
750223157366288384
750223154484768768
750223151615926272
750223148717572096
750223145831923712
750223142879162368
750223139989250048
750116632412889092
750056905263820800
749996050321068033
749994344917004289
749993218763206657
749993122298417153
749771917268164608
749724700230557697
749677274346065920
749671901451038720
749660733906952192
749660588947574784
749660003733090305
749656237290033152
749656143295754240
749634891726229504
749472245576118272
749472210939555841
749447507889893377
749427774033584128
749426855741054977
749426723612078081
749407885776478208
749398287510216704
749397415640244224
749388056424099840
749379910787969024
749379571221295104
749379236314570752
749375461096960000
749363351222820864
749363227151126528
749323284110454785
749316530404339712
749309832440623104
749306799002513409
749306709865164800
749304695902973952
749304277034676224
749288653445173249
749288531449618432
749288424520069120
749282382562275328
749263892677734400
749263551601053696
749263485603684352
749261330889076736
749260060858077187
749259805735284736
749259757639184385
749259661086302208
749148244081414144
749112310497579011
749112108004945924
749083651351015424
749083367937761284
749082826918596608
749075297035628544
749075246209052672
749072832634589184
749072804289482753
749072568481558528
749072458443988992
749072383865008128
749072357893939200
749067504769576960
749034567961456640
749034430937739264
749024787712733184
749024733652410368
749024555759394816
749017261889859584
749014379916517376
749014128048476160
749014067822538752
749003405411045376
748979418589048832
748979053428965376
748968697524391937
748968652926431232
748968640381202432
748968601554522112
748968571674300416
748967171678580736
748967127172861952
748966110431547392
748950878275694592
748946696156033024
748920651558248448
748917559697743872
748917169350647809
748916978300092416
748915968219439104
748915808152199168
748915605177241600
748915300658208768
748915003336646656
748914825053478912
748914605401993216
748914294444687361
748914084985315329
748913915418017793
748913663382347776
748908099529048064
748907924274155520
748907754862022656
748907557159374848
748907358332588032
748907217454260225
748878477890166784
748878406381514752
748878383799422983
748878011043237893
748877782512308224
748877723494260737
748877701386121216
748877684910886913
748756153287401472
748755692517896192
748755161472831490
748755105571221504
748743366293147649
748743194439852032
748741493066649608
748741425588637696
748741412259147776
748740894019362816
748739711682818048
748739407813840896
748739256294584323
748739190255292416
748739108277587968
748738247639994369
748738227750658049
748707641606541312
748707402136948736
748707230111772674
748707118526525440
748706787025571840
748706306828017664
748706277111439362
748706045179015168
748705899095613440
748699077378842625
748695094484611072
748692535963316224
748692231297511424
748691688944594944
748691668316991488
748691369489641472
748691322563801088
748691181853290496
748691100525731840
748691038739402752
748690936922644480
748690880245010433
748690841879797760
748689725498634240
748670971679113217
748667957463683076
748667670996783104
748655446211366914
748653660024897537
748645454343073792
748607220993118208
748603494668460032
748592172857856000
748587482875256832
748585802720911360
748572955542581248
748562743075147776
748562512094834688
748562363025068032
748562201468899328
748557163556024324
748556936484790272
748556796264996864
748515109778120704
748515010456875009
748514607535251459
748513711623548932
748513636239347712
748513357372620801
748364955594948608
748364876943335427
748364613935374337
748344120175783936
748312876717215744
748305306485043200
748282539349991424
748278310514241536
748244956993617920
748219183825985537
748217492506476545
748201838613270528
748201693834264577
748201549051142144
748201346965331968
748201144699260928
748200971659059201
748200777882214400
748198915078500352
748198746400358401
748198554519371776
748198352618139649
748197745597485057
748197524423516160
748197307695390720
748169524994727936
748152068829937664
748012877349556224
748012750501199872
748012053982515200
748011780551630851
748011769520599040
748011334856544256
748011250735550464
748011148218408960
748011142992248832
748003374096748544
747991062132588544
747984040691523584
747984019850039296
747983988715847680
747983937067065344
747983913977413632
747975166370643968
747975163497582592
747974662869630976
747974659883343872
747974159276310528
747974156306767874
747973661525704706
747973658635808768
747973655729156097
747973652721831936
747972663017086976
747972660001390592
747972654611730432
747972651600216064
747972648777433088
747972645870776320
747972148355010560
747972145532248064
747972142613041152
747971646024261632
747971643067215872
747971640089264128
747971139541020672
747971136625979392
747970649801494528
747970644239843332
747970641303855105
747970638363660288
747970635507372032
747970632378384384
747970140633989120
747970137744093184
747970134728384512
747970131712675841
747970128696991744
747969642870804480
747969639934722048
747969636977770496
747969634037530625
747969631080620032
747969628064854016
747969625166614529
747969139420069893
747969136609878016
747969133732564992
747969130779840512
747969127885717504
747969124949721090
747969121841745920
747968645800787968
747968642780958721
747968639966515200
747968637131177984
747968634199412736
747968631053623297
747968628167970816
747968625152266240
747968622270750721
747968619305385984
747968142350114816
747968139464441856
747968136561987585
747968133630205953
747968130731876356
747968127888134144
747968124914380800
747968122028699649
747968119151407104
747968116228034564
747967618716426240
747967615767822338
747967612966080512
747967143254302720
747967140372877313
747967137533300736
747967134559518721
747967131510312960
747967128628756480
747967125218787337
747967122404417537
747967119460081664
747967116633079808
747967113772531713
747967110811365377
747967107908902912
747966636251021312
747966633424093184
747966630538412032
747966627661160448
747966624842518529
747966622019751936
747966619075416064
747966616097402885
747966613182423040
747966610363809792
747966607419449344
747966604470816768
747966136919146496
747966133966344192
747966131042983941
747966128069148672
747966125263171584
747966122381705216
747966119366000640
747966116417384448
747966112688668673
747966109731725312
747966106850189312
747966103960358914
747966101083013120
747965627181244416
747965624303878144
747965621086846976
747965618138320896
747965615185469440
747965612366888961
747965609321840640
747965606339706880
747965603391094784
747965600509616132
747965597615521795
747965144634916864
747965141690482689
747965138792251393
747965135721992192
747965132832186368
747965129950699521
747965127132061697
747965124082810880
747965121171955712
747965118156259328
747965115337674753
747965112389087240
747965109390180352
747965106445819904
747965103476248576
747965100666019844
747965097788776448
747965094882058244
747964686855979009
747964684050006016
747964681092988928
747964678148661248
747964675204210688
747964672326926336
747964669353205760
747964665993527297
747964663011352576
747964659874009088
747964656841560064
747964654022955008
747964651204403200
747964648260009985
747964645391089665
747964642174054405
747964639217070080
747964636264341504
747964633319940096
747964630300004353
747964627481395200
747964624537026560
747964621500321797
747964618258120704
747964615175340032
747964612067364864
747964609072619520
747964606182744064
747964603288666112
747964600474308608
747964597517320194
747964594593865729
747964591754313731
747964202648739840
747964199599484928
747964196587962372
747964193572331520
747964190678212608
747964187729600514
747964184835559425
747964181958246400
747964179076743169
747964176262377472
747964173397659649
747964170428162048
747964167622168580
747964164728098817
747964161653628932
747964158633705472
747964155748028416
747964152807854081
747964149859254272
747964146767933444
747964143764930562
747964140946341888
747964138043904000
747964135049134081
747964131563737093
747964128719937536
747964125674881024
747964122457858048
747964119576363009
747964116682309632
747964113809215488
747964110898364416
747964108037853184
747964104896294912
747964102006480896
747964099196223488
747964096297996289
747964093445865472
747964090551799808
747964087355740163
747963648753176579
747963645955563520
747963643053096960
747963640188379140
747963637164294144
747963634207326209
747963631124480001
747963628268175360
747963625365770241
747963622354259969
747963619464351744
747963616587055104
747963613713932288
747963610811490305
747963607808352260
747963604926881793
747963601902796800
747963599096791040
747963595078668288
747963592201412609
747963589319888897
747963586429992961
747963583569494017
747962585723604992
747962582749839361
747962579792838656
747962576827457537
747962074370834432
747961571415101440
747961066479558656
747960563007881216
747960062568693761
747960059389485057
747959569754775552
747959565707255809
747959562892881920
747959559931703296
747959556999897092
747959068539625476
747959065406476288
747959062575390720
747959059689668608
747959056611090432
747959053670834176
747958564292009984
747958561351819264
747958558390628356
747958555446222849
747958552518606849
747958549481914372
747958057402048512
747958054499520513
747958051488079872
747958048526831616
747958045670518784
747957819484180481
747957769425149952
