930593136501440513
922867124648869888
921414359514890240
918541963460091904
913485514946224129
896071658275979264
895755333099900929
894322643674865664
894278580879802368
893532500986798080
888135476590239744
888102341689331712
888102206955597824
884941360066813952
883441712953085953
882725663299428357
880929924655095808
879806690039701505
877034395349139456
876983925712732160
848329416337784832
847866609989320704
847866589315608576
839932218403246081
793120369540411392
792090161458786304
791670813938155520
790953011140972545
790590177055879168
789499910727016448
789136682754813952
788418146319204352
788062286330015744
786967486939828228
786240673305403392
785878060813778944
785516294355378177
784069428291837952
783358861730209792
782975401454739456
781888992237133824
780822164668678144
780444040604954624
779351543430516737
778628765538594816
777901509862264832
776487315363344384
776453343493386240
775793728594190336
775402801434206208
774352438119632897
773932577870577664
773197677102194688
771389263740964864
770653845152235520
768953277471862784
761667040960589824
761220919503106048
760906761242947584
760538331297964032
760180047827185664
759434135500763136
759091978285953024
759061741649039360
759061217444892672
758729910068375552
758712644324864000
758438339858968576
758415960445333504
758395911529598976
758358096288751616
758052058024976384
757996481517268992
757987172150415360
757986691478990848
757986607618150401
757704331776765952
757704259785797632
757704090604310532
757650504209936384
757624845517541376
757624468776718336
757324847227604992
757246783219113985
757081461673472000
756994339364933632
756913709230940160
756629005386776576
756628818014724097
756623710447165441
756586815734243328
756557853989535744
756547585934893056
756279349532327937
756279299506835456
756257524383219712
756257426307813376
756256443318149121
756256409428238336
756256371851407360
756256335780417536
756256248807329792
756256123246616576
756255993957224448
756237716321366016
756230422309183489
756216517142786049
756210310797635584
756210235560202240
756205408243494913
756197166775832576
756195701105696768
756195673633017856
756194685735936002
756194673564065793
756185904830558209
756185894701240322
756184507108036608
756184422433501185
756184406054670337
756183111743012865
756173561878896640
756173527791697920
756173391363616768
756173254872576000
756173154448322561
756166746139140096
756163121497137153
755998625449127936
755990208693153796
755970700670676992
755922901572915200
755896352140165120
755896277234094081
755896240211005442
755896188814057473
755896130936856576
755893034873532416
755835530143641600
755819418282627072
755597684489072641
755592701718913028
755587690494500864
755587515306827776
755587122107514884
755586789817978880
755586570699218944
755586227034738688
755585739002306564
755585038654201856
755584387987574785
755583653166522368
755583482361884672
755582248666009601
755581674696548352
755581640554844160
755580963317387264
755580666796838912
755580456867737604
755580395538685952
755579997847334912
755579333708648448
755578765418205185
755578496294932480
755578401054859266
755578159362297856
755577914620469248
755577574508548096
755576955555106816
755576408768847872
755575617152688128
755575254756405248
755574984852934656
755574433872420864
755574183640256512
755573897039192064
755573659159322624
755573374701625344
755572804091727872
755572358736257024
755571898239492096
755571308763545600
755570750770130944
755553937193787392
755539200137506816
755526073253765120
755525917456433153
755525722261819392
755525545299963909
755525339124797440
755525208346419200
755524976510431236
755524808260087809
755524442328035329
755520032310906880
755510706171031552
755492633321943040
755462024495181824
755461993872527362
755461970304782336
755453892490518528
755444977233125376
755246089461043201
755199401614647296
755177504571219969
755177486749577218
755177466914672640
755177441392402432
755177420915744769
755146195656318976
755139792795373568
754850117027364866
754847414779994112
754772477910192129
754770665455091712
754770230262439936
754770176478896128
754770106324967425
754768895706136577
754768304141508608
754767831883841536
754767143636340736
754766621684604928
754766591477239808
754766095551082496
754766078807461890
754764214611304448
754725556155920384
754717316563075072
754560967904636928
754560944232013824
754504568675766272
754482705283158016
754443337621352449
754439538114633728
754439530254471168
754439508074954752
754439495756296193
754421528653987840
754421485238837248
754421358608519168
754421276836450304
754421237175025665
754421211732385792
754419871794933760
754419837917552640
754419820737671168
754419111128469504
754419066278772736
754418512660094977
754418476782018560
754418459367223297
754418403553648640
754417829382791169
754417808381911040
754417769852960769
754417269048881153
754417256273055744
754417241764958208
754417215441473536
754417202774749185
754416116642963456
754415963387203584
754415744624930816
754415500247969792
754415267094994944
754415222392131584
754410777704968192
754403839592189954
754397901791436800
754397888269004800
754381546212118528
754351134240706560
754133927766265856
754085953463918592
754079544827645952
754079448933302272
754079348446072832
754079243609501696
754079110595547136
754078998221783040
754078425741230080
754073511858020352
754034584698785792
754013225297915904
753735543024779264
753734372751122433
753661509025148928
753651903943225344
753648482431270913
753648152503214080
753647927667466240
753404669624328192
753404656949207040
753306083968462848
753292675080556544
753279386451714049
753022743910682625
752928937626382336
752703534903078912
752702204125933570
752639951339085824
752563510429700096
752288780678160384
752223345068744704
751913897272102912
751579228445896704
751509012290543616
751457190511124480
751179013259825152
751106281746771968
750748073555423232
750740305121390592
750074968411484160
748930087576145920
748580991342510081
747835494310903808
746469572669120512
746400813480710144
746400740466266113
746400720824451072
746400712997777408
746400542784512003
746400347455774720
746400340279341056
746372320978051074
746197467276812288
746192981388988416
746147672365506560
746074018017488897
745769009098829824
745728556743827456
745422026135896064
745409211115286529
745034744165916672
744248571264794624
743855044907302912
743600305745494016
743163881384611840
743163854050361344
743161372964380673
742487648011309056
741359828648349697
741319605734408192
741054908934291456
741023998134345729
740971347090640897
740799484695842816
740782152078528512
740773625675026433
740709321990774784
739970742603763712
731159678474813441
722837466059681793
720310753819889664
720068405001371648
720042393093988353
719932280274231296
718120592407289857
717033551208669184
714634207503323137
714203167756406784
713831594478280705
713830703134146560
713829678834814976
713829137761181696
713828255309037568
713826693937373184
713825045324259328
713823362238132225
713822783910744064
713821517902012416
713820126965997568
713819104101027840
713814030280830976
713811653138100226
713811221888106496
713802994534330368
