634772896578203648
634057812037926912
633682353261559808
633677553925029888
633333735203561472
632249252656214017
631915768159039488
631148111352586240
629706913882640384
628992721986809856
628626045931892736
627163608393256960
626899305417175040
626464934948286464
626078086363086848
624629943129890816
624276133027127297
623546556080345088
621365235211866112
620719297027969024
619616292706758656
618834957557829633
618476829892935680
616367820314546176
613053528605528064
613052214664245248
612669444582567936
596723424283664384
596385146623774720
596385101518278656
596385073273802752
596384946752659456
594572924033503232
594571773309390848
594571472808448000
594542228229357568
594542208541270016
594542187351670785
594542172726120449
594542165402877952
594238069462540288
594234786652266496
594232824154165248
594232373417480192
594179106478096384
593982126275584000
593981906854772736
593908000680759297
593903501899669506
593902886519742464
593884546644447232
593884457695862784
593884287230869504
593817072783773697
593815540063412226
593795913178488833
593795912863879168
593665178555691008
593664882609782785
593573475610009600
593572535196758016
593530928187617281
593530276141105152
593530175704276993
593530141130629122
593529826364895232
593468945664966656
593462605596856320
593461296059715584
593204756434198528
593192939037204480
593192674179485697
593170148237844480
593170116524711936
593169904250925056
593155369775435776
593155272715018240
593154837597982721
593154787819986944
593152518428823552
593152431300554752
593129047237890048
593124524163346432
593124466600738819
593121366053793792
593121292741554178
593100232260366336
593100134860230656
593100097237291009
592919263851085824
592918800023953408
592918247487381504
592917937201131520
592830606679121922
592830196748787712
592792027970084864
592769264865652737
592751522091511809
592728222548254720
592725745954332672
592719584685367296
592568189139030017
592535091689033728
592522718437715968
592508508265844737
592500530791886848
592469356212199424
592468830137421826
592468777805058048
592467513234960384
592389316715749376
592382489596858368
592349163561455616
592348835608797186
592343230278017025
592343207423291392
592343193938604032
592343116184625152
592343061973204992
592342972290609152
592342732837785601
592219968306982912
592219711313575937
592219697359159296
592219676525998080
592219661078495232
592219561891483650
592200916087869441
592159723023048704
592131390231031808
592129401313054721
592127659275984896
592096217120681985
592092989905743873
592071945442570240
592071910231441408
592071860591861760
592071124172738560
592035018735636480
592032195226664960
592032182039752704
592032147319296000
592032083943362560
592031996500578304
592031971561250816
592031800567799808
591992779191922688
591991760298971137
591990518805975041
591984825432576000
591984144206270465
591896860266135552
591896804695740418
591896795938099200
591896281154359297
591896124308369408
591806137126649857
591806093942071296
591799352768606208
591790839262683137
591771202198183936
591771108421963776
591768159817863168
591767979336945664
591767961452417026
591758444014620673
591747156777664514
591747079220822016
591747017547784192
591724058422562816
591720989932670976
591718800170487808
591708164896100352
591708021241188352
591707938185576448
591705065045430272
591700122968281088
591698660032847873
591687375648006144
591684961670795265
591684861930246146
591675364444778497
591674735177531392
591674418083930112
591674150114078720
591674063031898112
591674039510282240
591673056600281088
591671252277792768
591668591595945984
591668378332372993
591664378442682368
591664138419507200
591664023722020865
591663915274096641
591663224040214528
591663159607304193
591663085233901568
591662905705242624
591662708350582784
591662392506916864
591661534813655040
591661081606533120
591658977726844928
591658041482739712
591653971120422912
591652113572237312
591652100712476672
591648293198766081
591648181160521728
591647819179528194
591645483115814912
591644053042634752
591640258208366592
591638856518107137
591638753929605120
591631595766845440
591628026548387840
591627831332864000
591615322077069312
591601636440584193
591597728339103744
591584612972765184
591582748344594432
591582656367755266
591582317845426177
591581410558803968
591478945196875778
591456240431013888
591455985832624128
591454589062250496
591454078363828224
591453185992044544
591422331211407360
591408444755808256
591398201443266561
591396511180722177
591396297103413248
591379089811906560
591371233427521537
591362487984852993
591362354849288192
591356570165911552
591350830046978049
591350536982568960
591345731732025344
591345567755685888
591342458966921216
591341087362449408
591334985128288256
591333427355385856
591323826371235840
591323733442199552
591323505729216512
591323356198150145
591315044413112320
591314961651126272
591314627302129664
591314498620956675
591307685628350464
591301130266750978
591299681860354050
591298761449730049
591282595003899904
591282513449910273
591279478665383936
591274848287989760
591266869920706560
591265930723758080
591265608341192704
591265018273902592
591264706590937088
591261679385640960
591259485819117569
591253951976067072
591250260992794624
591247457628991488
591239544835481600
591239334784729088
591099073228251137
591098875752030208
591098679815118848
591097847518396416
591097314460086272
591055635547983872
591050959352016896
591038802912645120
591034729647853568
591029346829078529
591025655208251393
591023902081486850
591021089951653888
591021057982603264
591021022574313472
591019767143665664
591018453756039169
591015388990705665
591013051584806912
591012497156505600
591006084791283712
591001488102596608
591000721975193600
590985242623680512
590984922988318720
590984750870831104
590964591250657280
590935200722333697
590929971964551168
590929861880905729
590927962083463168
590927048543109120
590926829218762752
590919909254692864
590906692323291136
590902587798360065
590902533033304064
590902307560132609
590902005968674816
590893672780038146
590890111639785473
590889107015872512
590880919671541760
590880603907592193
590700225922203648
590699842227347456
590698170478362624
590697179322417152
590696154591014912
590695597985923072
590695434433200128
590690726893203456
590674931152777217
590673051831902208
590672948098420737
590672843043688449
590670910190964736
590660131454586881
590655134088179712
590649217175126017
590644920936968192
590642032462450688
590640387255074817
590639958278463489
590639636751450116
590639014014746624
590632280051318785
590629206985441280
590624429631234048
590624260827275266
590597485673975809
590582646436208644
590551026756890626
590337711791157248
590323232324001792
590305770052268032
590302788992651264
590297474151002112
590294944624943104
590287991068721153
590283927287300096
590264067958276096
590241275586027521
590173683747958785
590170955881713664
589859250018471936
589858837026320384
589810598369579008
589810396208320512
589538610237419520
589473504799563776
589457993130856449
589457567052537856
589444059078365185
589273498566008832
589254545349316609
589235363215843330
589211813494960128
589205004398952448
589151976430010368
589142977332707328
589139882112454656
588839862431719424
588833723153457152
588826312074133504
588825734363287552
588824944881971200
588787086582394880
588769975336239104
588769928246755329
588769858797445120
588769825679282176
588748709191491584
588739149202477056
588736158273646592
588736123892961280
588511676107993088
588510250166132737
588477668884119552
588476270561792002
588462730891243520
588428015245201409
588410799514750976
588410237876449280
588408680648851456
588407120480997378
588376705661673472
588355729691582465
588242426118152193
588240934485262336
588236903528407041
588211347076288513
588152777328742402
588152675948068864
588152158199119872
588150968631431168
588150351578017792
588146823438671872
588146384622059521
588141850478915585
588139148034179072
588133476945240064
588133387669528577
588131992321052674
588129730328715265
588084323078709248
588069429059063808
588047195619790848
588037607516479489
588028277274578946
587800577779699712
587750381200916480
587733580832378880
587720286113398784
587717289543241728
587677255389749250
587667443809550337
587658479323627520
587658342903848960
587645089876283394
587629232689283072
587625969092993024
587624367326126080
587619217114927105
587451025558081536
587408311407869953
587343897522675712
587343330469511168
587280394749222912
587034480025567232
587010769855721472
587010132770328578
586975000571224065
586922888151744512
586922683310309377
586704868301082624
586683725737406464
586680640675844099
586673898076278784
586661798297776129
586660884874821632
586653905989148673
586634827333443584
586629657019027457
586627095217905664
586600575392841728
586590760499183616
586575665060687872
586274984970088448
586243273175539715
586241147049222146
586214137371336704
586212582324703232
586208050551267328
586200622447230976
585981707079159809
585948954908471297
585940322556870656
585907612559941632
585849940292665344
585573980372918274
585552505414819841
585549484236615680
585519852959494144
585489385346437120
585483173443796992
585473392314228736
585305491900739584
585231849376636929
585210025318158338
585162085400731649
585119451093344257
584963885775491073
584835967313248256
584796340355403777
584750314273673216
584686953704005632
584568328171098112
584540317019348992
584403225983324160
584165106428182528
584149466824908800
584129244281741312
584111275577212928
584079340209479680
584035153866956801
583718036403720193
583669291762888705
583367441918484480
583358772300492801
583093413899210753
583085734086582275
583036577720365057
583036449609519104
582986433247363072
582962603716177920
582941259938959361
582778635095908352
582738270221537281
582656680162246656
582654693165248512
582586665807536128
582586581174870016
581547021435170816
581491621780291584
580864104711081984
580529915377913856
580529223296819202
580412310726017025
580412220347162624
580170802043080704
579002244986638336
578623954136395776
578303045341052928
577910875354349568
577182126564474880
577181923312697344
576094135762841600
575770106007023617
574956715638177792
574956634331549696
574956542627287041
573590829475856384
572557564551946241
572494531020500992
572429112880574464
572429051463372801
572412688652845056
572262841060732928
571813240767975424
571464867464396801
571370017914105856
571369976004636674
571334476044881920
571141444133638145
571136335500615680
571128681722019842
571001097663475713
570711072765652992
570338614921400321
570338544192860161
570263410450915328
570263356830928897
570011411021049857
569886188930265088
569612614633852928
568623639609917440
568578153934954497
568578116991508481
568159062329831424
567800707178356736
567800621186740224
567349790728802304
565627538224201728
565627492883759105
565567448481415168
565531126182469632
565318584168357889
565175721035698177
564960572777959424
564958500582084610
564850907666337792
564557412279918594
563405611652509696
563052302576414721
562674076712316928
562670547763752962
562399116567666688
562398761670815744
562378737358884864
562378725145055232
561619237567885312
561548925492924416
561323673911435265
561294212730081281
553253853064212480
349961281056407552
314196336666877952
311903519038926848
311549123276972033
310816587953360896
310523616334852096
310494452168925184
309729137394872320
309437729706504192
306852213777629185
305793046681882624
303939724769390592
303929175583117312
296361703145369600
294593594143162368
281479243341373441
281192683488288769
278332182785847298
278313229845938176
254375425386627072
249215829131005954
245200890762518529
239122925482033154
