746456261646913536
745666549575389188
745405011153215493
745037200593559553
744661222109241344
743226796666064896
743218384712540160
743121615764918272
742787997750329346
742504430105296896
741027994974584832
740705990371221504
740244186067308544
739604842176335872
739303919537377281
738888673932906496
738769445938561024
738126596532359168
737785921458704384
737358928372072448
737103536337477633
736652827372576768
736255978207739906
735974136976023552
735890112517574657
735527020394749952
735179457657327616
734908359170625536
734799408760389632
733731269289246720
732312008607961088
731194623339552768
730461316679274496
729769768455020544
728662731386015744
728013925527126017
726166715474792448
725085213437603840
720007408039297024
713395018191478785
713131219223977984
713131190266494978
712668747203522560
711960035342077952
710903713716682754
710234891347218432
710234807737917441
710134153048510464
709756415594909698
709742938432131072
709488776981127169
709488731150000132
709488258946879488
709408613778001921
709384059361878016
708744455474454528
708432099334877185
708336559846723586
708079883025584128
708069465741783040
708065203309641728
708049421704024064
707658820047269888
707325173058277376
706981027584065536
706972545048813574
706932393303810048
706861566608728065
706664350510096384
706664184210128896
706662071795060736
706637000179380224
706636964762669056
706636291643940864
706498672465346560
706498348270772224
706268509412528128
706207964416315392
705927259106975745
705867713344839681
705862996959109127
705828178644881408
705823844964106240
705784970367803392
705479480802996225
705476758766804993
705465442350014465
705464720661340160
705459596568219648
705458387882905600
705453368232116224
705442433752956928
705438850408173568
705177632221093889
705171832819810305
705157323057188864
705126008987521024
705125743961968640
705121041962639360
705075909582327809
705068447659593729
705049487790596096
704895157796270081
704894109631311872
704894007583883264
704890866431889409
704890376679772160
704889948927889408
704889753833967616
704884814453854213
704883317649362944
704880018296594432
704878695366979584
704876555722493952
704875466956673025
704875266376601600
704874487100088320
704873670053896192
704872715849703424
704871849574985728
704870045734838272
704866928179990530
704865926085287936
704865639429701633
704864611934281728
704863369132707840
704862105380458497
704859810777403392
704821070797283328
704803250529144832
704784812796727296
704773139557916672
704767625155518465
704750525682720770
704704870125686784
704686913169575936
704489610357952512
704454938672427009
704441047468875777
704429698282037252
704417395541209090
704417337986813952
704387866080776192
704361656583888896
704344290034581504
704339100233572353
703988113765322752
703765771709751300
703760722413498369
703750620054949888
703654817722404865
703625744631529472
703343363513307136
703331558971805699
703296772664397824
703258475615424512
703250736830943233
703249669997117440
703016930307940352
703016901765677060
702968039206232065
702959252202262528
702940359509176320
702881308024950785
702878809037602816
702639700796948480
702638827693801472
702605198749999104
702577631485685760
702551454003961856
702511383674527748
702214067012784129
702188305501331456
702174744842518528
701874268494290944
701834113205010436
701825607211032576
701813680271446016
701793655611330561
701551762843504640
701484937480970244
701483927706402830
701481740850880512
701479489189126146
701469293020471297
701451384831373312
701140671479083008
701131716547764224
700728050980261890
700702107729416192
700398819897380865
700388263991894018
700373910416683008
700357248271433728
700077006894063616
700022627981774850
700001666779779073
699775818835369984
699673976499519488
699320409586589696
699320148776374272
699320131260956672
699285067802284034
698225117445365760
697931964343517184
697931733455470594
697931507969740800
697464853317996544
696743469604278272
696743414663094272
696743337265594368
696741000727957504
695655545634746369
695654894397689860
695653835008819200
695651173420892161
695371260709044225
695357697810501633
695308556992659456
695296651901169664
694993779682631680
694936361762185216
694567106801745920
694282414403784705
693166787496693760
692765007529009156
692754853337128965
692499104526639105
692497599589408768
692402844457156608
691669047830790150
690232036615938049
690194321375633408
689854912600117248
689560392520093697
664598937446318081
664464625233080321
664464428344041473
664463380657209344
662474736820031488
662332057889079296
661987267779518464
532254093318688768
373153850448150528
373153816390430720
371027962893987840
370661183197433856
369482984740487169
369178391951327234
368725341184851970
368407315781013504
368033443097350145
367667205682757632
367652143207288832
367295993639096320
366768597135142912
366252888508477443
365860250324180994
365481387471540224
365103139352883200
364888597159088128
364584988345253891
364042077837201408
363706459655127040
363302285570342912
363007727871594497
362961171676016640
362646647873880065
362570003150684160
362265382997856257
362219664979406848
361951947890229248
360499907322339328
359304770223210496
359010847084908546
359003111475531776
359001622476632066
358220370081349634
357511783721877504
357205101535952898
356486734042759168
355759044797014017
354704978176253952
349179652989927424
341580570956017665
337960800515932160
327500709404737536
327485144212586497
327482362252365825
327480735873245185
327470961597227008
327470748652421120
327119719129812993
327119095793344512
327118660990812162
327117852291248129
327117021324120064
327114147361873921
327113583613845504
327113367728816128
325340396492296192
325339688867078145
325339448378265601
325339048145203200
325338798642843648
325338574989967361
325338336925458432
325338033064906752
325337576405880832
325337135546781696
325336930315280384
325336748395724802
325336270110859266
325335799346380803
325335683856216064
325335495053828096
325334901362663424
325334719002710017
325334481277968384
325334024149147648
325333755055181825
325333404667228163
325333151280943104
325332679065219074
325332381353529345
325332033549266944
325331510834122753
325331171150008320
325330855079858176
325330536480526336
325330218720047104
325330000431702016
325329722374504448
325329515838574592
325329236728623105
325328246524751872
325327996762349568
325327526182408192
325326099821240320
325325663609430016
325325068613857280
325323769721802752
325323107986468864
320235817261998080
319615740028264448
319119374852182016
319119268815978498
318769500633829377
318547922197286913
318511439788781568
318510524100915200
318407392440225793
318401864032989184
318401736031236097
318401523971407874
318190566162722816
318190128701005824
318189805257228288
318045610399907840
317797197397757952
317797129609424896
317796763400544256
317795977505423360
317794287901372416
317794120678645762
317792710088081408
317792423709376512
317792219518103552
317791778491219969
317790448355770368
317790408681877504
317790318558855168
317754059069202433
317752384602394624
317752217379688448
317729554556932096
317719314818031617
317719057031892992
317702939756097536
317701058426187776
317700906525290498
317700652476268545
317697868582494208
317695641671327745
317684360683864064
317514779344388096
317458532804997120
317429889101877248
317404032031420417
317403436767383552
317373187992203264
317369285896974336
317347746598248448
317344860300533761
317338433167179776
317324806309691392
317323772384378881
317311064117243904
317310720763117568
317308493159858178
317304010656862208
317153178971930624
317050868123963394
317026424651395072
316995060006805504
316994204289085443
316989975184949248
316982739771469825
316982719630409729
316979783659560960
316960843101265920
316708759416213504
316707236707708929
316702774832279552
316677139690840064
316676870760443904
316676754024574976
316670208066600960
316667207507656707
316649849611231233
316648424462245888
316648295986499586
316648199337164800
316640409868709888
316636523976065024
316609420060680192
316602249700843520
316596495300308992
316596312143458304
316596186754711554
316579897294323712
316579786128519168
316579350612959233
316417564580392961
316417049930915840
316416849413824512
316416718056603648
316415661112950784
316394733905784833
316391121196548096
316388248979132416
316388103982039040
316345334324408321
316337083277012992
316335698191974400
316335666525007872
316262814010458112
316262641389674496
316262613942165504
316258671082491904
316218097415630848
316055631272493056
316055359326396416
316011598030442497
316009178806235139
316009115249958912
316009097763880964
316009053962772480
315997698903928832
315997383068614657
315996132008398849
315994142733901824
315994075406929920
315860883823796224
315705425632825344
315694682594234368
315691557133103104
315689290657058816
315644225498779648
315630255597576192
315628664287010817
315619413757935616
315619030050406400
315607891665096704
315605865837244416
315605083591176192
315604837452640256
315582338006388736
315563631528001536
315563440452288512
315540460640817153
315540415342333952
315496169369395201
315495885410816000
315495690006589442
315495088627269633
315494847521902592
315293709874888704
315293588990869504
315290594517843968
315290455292137472
315288838882881536
315279693735661569
315279340810141696
315261693888458752
315246205015838720
315242514527449088
315211003283517441
315208015731122176
315207660498726912
315207438058016768
315185370276978689
315179940188405761
315163911672430592
315163543802609664
315163039152357377
315162964145610752
315162355644366848
315160578396139520
315157905215201280
315157704400318466
315155265852948480
315152596006473728
315150825393631232
315146456761782272
315145226534658048
315144715697807360
315144637369159681
315144106881974273
315140288123400193
315137471316889600
315137400860971008
315132508264099843
315130083755048960
315129742149967872
315126425315332097
314998190854250496
314966233650962433
314964847718715392
314964825006546944
314936239574900738
314912167549878274
314911878809804801
314911656230658048
314894237613305856
314894063423868929
314873242638766081
314872719474839552
314872593343717376
314854116369244163
314852829883940864
314852490694782978
314849726484840449
314845324864806912
314833993264664576
314833943960629248
314830652287623168
314827470425694208
314805116093988864
314804742943563776
314799220639006721
314792803374858242
314792295146848258
314792254176911360
314785927706861568
314783256086200321
314603477814878208
314591073416667138
314590959604228096
314590519462330369
314590487614996480
314562136858820608
314548151434489856
314531883142750211
314518780548104192
314513680240881665
314513318700277763
314512749902323713
314510890613493761
314465579169890305
314454189470269441
314443874145812481
314443730662875137
314417121914388480
314409666299953154
314401893688410113
314282660350529536
314280104366845952
314279534054744064
314279485937700865
314279269058617344
314223336257368064
314217401745027073
314186473060593665
314186436695957506
314184573409959937
314184148430512128
314183657092968448
314178654374604800
314178276224548865
314172311131533312
314166718731788289
314149277754589186
314149239548702720
314134225836191745
314133029012520961
314132925979439106
314131973947916288
314127094235930625
314121830275350529
314117228259860481
314108666339004416
314104026344071170
314103146995646464
314102617192153089
314101625797107712
314100862639304705
314097519250509824
314085378942447616
314080216668590080
314078803070705664
314077782609129472
314077078129614849
314074385269010432
314069823787253760
314042218593808384
313889877399851008
313889740204150784
313889705622138880
313889684721905665
313878521921544192
313877805693796353
313877436142059520
313876948675870720
313876439411867650
313860003247300609
313854917628534784
313853602865238017
313850309606785024
313791931756990465
313788459670204418
313785714665984000
313780020403380224
313779540201705472
313776109663694851
313765356013498368
313758500327129088
313757269391192064
313745836087599105
313730065710071808
313714007812997120
313702267100479489
313701940196413441
313701905937346561
313698155499753472
313697596675850240
313682005839736832
313677864975360001
313510373724651520
313485979711320064
313431378622554112
313387844074893313
313377324403920896
313320984532893696
313129325492858880
313125282691301376
313124822592921601
313124227748343808
313123344440504320
313103037080166400
313100869279309824
313099638964092930
313097061627219968
313094793280507905
313087740709306368
313080302140522496
313072900020264960
313072603348746240
313071443099389952
313070619270979584
312975789656260609
312818820165279744
312772846776619008
312705524678414336
312704903661363200
312704075890315266
312700110242975744
312698031638212609
312681253348466689
312681132976115712
312631127867269120
312591759077154816
312440563477667840
312440545786081280
312440308023586816
312384291344629760
312382857282740224
312377804123676673
312373847766753281
312372713928937472
312372475465986049
312368083136286720
312367296788176896
312319214826426369
312314746659553280
312305904714412032
312301464208949248
312298278429544449
312296777237798912
312278276599083009
312266753151492096
312256746347446272
312255668096757761
312252000526028800
312248684534444032
312247072264957952
312245410875965441
312243832559386624
312240252544753664
312233070113730560
312231118046908417
312178803126435840
312082159521382400
312071125389680640
312067568322084864
312058435288047617
312050064983998465
312044206753447936
312032505677103106
312012704929964032
311995060902313984
311988347767771137
311980317885997056
311965311622594562
311955527204749312
311955341157998592
311955090766434305
311949464518656000
311945715893026817
311941330572017664
311941221314609152
311941094751490048
311905190527791105
311901932291756032
311886638563356673
311882297035071488
311871201008046080
311868657624031234
311793510275768321
311739750027501568
311739040456126464
311738878065246208
311738712063094785
311738674914140161
311738562875899904
311627597954027521
311627356118859777
311626711898939393
311616029874872320
311609301338841089
311604352915742720
311597049588097024
311595562162073601
311593050054987776
311592372297400320
311590971525722112
311588879557857280
311581412635590656
311579431917481985
311576637500178432
311576300106162177
311574014923517952
311571305017274368
311556559727644672
311544864812707841
311543010217299969
311541648658157569
311539588227272704
311528504535707648
311519452074221568
311507806362681344
311507705967833088
311387373411905536
311357262595760129
311347063180890113
311334992259215360
311303168518660096
311302755203571713
311274181083951104
311272636321779713
311256230372978690
311248821181091841
311248576770621441
311246778982887427
311246406453170176
311246202119282688
311246120460357632
311246040256872448
311245915413434369
311244709286772737
311242674642493440
311227608635420674
311226926767435776
311226486453579776
311193166034378752
311187032946925568
311183931246522368
311179361481011200
311171233603543040
311163103620517888
311151793038057472
311150086149255168
311149937054322688
311148147034427395
311146900151738368
311146504456908800
311144057504153600
311143927795306496
311143811688583169
311140846386954241
310933757190361088
310933696427466752
310918500917051393
310861505920909312
310854447905509377
310854317122928640
310853317242789889
310814020984770562
310802775007170560
310617169874530304
310616949044441089
310561105376333826
310560186236538880
310560171996880896
310511136531443712
310499986641137664
310493065909530625
310282046683615232
310197131787005953
310192559546851328
310192545294602240
310188583539593216
310170708137345024
310163058062417920
310162829812568065
310144570979659776
310133188884324352
310127517975580672
310110444448796672
310109957225848833
310100842567053314
310093334980988928
310088599611797504
310084382612402176
310081900666552320
310079624270999552
310076359890333698
310070949980549120
309943631865868288
309838158223257600
309832867477856256
309828021366452225
309815344896299008
309802071618621440
309799434630348800
309798263970734080
309797419334381568
309746152104943616
309734993326915584
309721538184245249
309721400191631361
309716615434489858
309713241578274817
309712656485474304
309712285096632322
309708486604906496
309690852475826176
309540560891424768
309521283626967041
309508950204755969
309508797062332416
309501139760578562
309458752640270336
309455690026582016
309440410269396993
309432128406446081
309428922427269120
309424992267939840
309420367070511105
309417041247485953
309416695410356225
309411170014597121
309409800582742016
309389251286536192
309376534806933504
309372333599121409
309361167246163968
309358790497689600
309211115173339136
309201411156107264
309200572119126016
309199954176536576
309199944387026944
309199777642459136
309199693651517441
309199660399087616
309199205887533056
309191456764071937
309188635754889216
309188053354823680
309185714124361728
309182609366331393
309176048795385856
309175977760657408
309169847571464192
309159229271453696
309115926576521217
309115781466161152
309112059797307393
309102629282254848
309083270455390208
309078945452662784
309078179946045440
309077237829877760
309068772092809217
309058670505885696
309055823382974464
309053908377034753
309053763228938240
309052894525665282
309047978553913345
309047211210186753
309045408972296194
309044441484775424
309043486945067010
309042530459213824
309042378763796482
309040760743931905
309038361664966658
309037889524740096
309034796041007104
309026483563802624
309021815529955328
309016630258704384
309015706542948354
309015314941755393
309013868728963072
309013827679301632
309011922248925185
309011572364279808
309008150479114240
309005121277272067
309005069150474241
309004986715602944
309004499828215808
308999123250585600
308998734690283520
308998325837905920
308998311195598848
308998290958077952
308987948051869696
308987918444273664
308985454672347136
308985330101530625
308985312615464960
308985296123490304
308982084163207169
308852894520709120
308850139831869440
308849884985958401
308846147311640578
308845716871208960
308845663121203200
308844947669413889
308844693679128576
308843090616147968
308842529476980736
308842413110214657
308839886914482176
308838500143341569
308838480543354880
308837239960506368
308837208855572480
308835187196841984
308835135388778496
308834896363794433
308834816906895360
308834741707214848
308746492699611136
308740403648151555
308740228405940225
308738972350287872
308722822862217216
308714928691355648
308714648696389633
308714606988238849
308712862547841025
308650209414631424
308626756800225280
308626284383178752
308622664799506433
308622096605540353
308621814748286976
308347173257506816
308347073332396032
308346888250327040
308346696369328129
308346567033757697
308345819688497152
308345719738220544
308345674477469697
308329224861806592
308328798997336064
308048021353005058
308032028954226688
308031966085775360
307957554389078016
307918531473850368
307700220588867586
307666780787204096
307661254661656576
307660695871295488
307657577280438272
307655494347137024
307654320428560384
307652719320129536
307652547752124416
307651926747656193
307649885426036736
307642690609229825
307636782260965376
307636596834967553
307623393786728448
307606538044964864
307605908270227457
307604347334840320
307581901999312897
307577742923288577
307576793257357312
307576633223692288
307576386091098113
307576290817482752
307576095295815680
307573610455920641
307573574028365824
307573501701787649
307571634305384448
307558859709489152
307557484661440512
307557081202970624
307556850965041154
307538831148720128
307537275636572161
307325375225139200
307305494920445952
307305319720165382
307305293946175488
307305256683982849
307304988839911424
307304748653084672
307290919458185217
307269176601493506
307269159253860352
307268433890910208
307267588692529152
307267166040907777
307267030728450048
307266783906238465
307264024926642176
307263199256932352
307261782295195648
307261305679642626
307259017103814656
307258518971490304
307254046685798400
307253354927620096
307252486752845824
307252344943427584
307252143411302400
307245464284184577
307245261812551680
307227405611827200
307216183269142528
307216154567507968
307213658902126592
307211568498737152
307211461363634177
307211441553956864
307209292568748032
307201860832485378
307187588966518784
307178650082623488
307177076878872577
307170516467335169
307170148115181569
307168084999942145
307167825078919169
307167570438537217
307167401798152194
307165587434524672
307165265391661057
307165190452023296
307165141307379713
307164930170318848
306993136767483904
306919754420080640
306912818496692224
306902113454276610
306886399154597888
306880324938371072
306877460857909248
306877315571396610
306835196139958273
306835023795990530
306834929210253313
306828997998809088
306824732861411328
306824622186315776
306824580583006209
306799724319604736
306789912986914816
306590194679808000
306590090354905088
306590062999633921
306550663356227584
306532764184875008
306532310520561666
306501294569426944
306500660784922626
306500633698127872
306471080590196736
306471060205867008
306449237674192896
306280639232110593
306277737067315201
306276356000477186
306275126725464064
306270693358714880
306268853997035520
306268745037381632
306268356749709313
306267255753306112
306266996281069569
306266970729377794
306266912369811456
306262488939388928
306262445377327104
306256159558467586
306256065643810818
306255891991257088
306255781408436225
306255636763656192
306255583592476673
306212946466459648
306206519844806656
306202137669533696
306201992160755712
306201709162680322
306201323081183233
306198686646554625
306194135281455105
306166020635246593
306149258992701440
306146556174794752
306130856769097729
306130143791939584
306128353793044482
306115697904324611
306112513207054336
306112486090887171
306112415395889152
306110290813124608
306107033667633152
306104136657686528
306102259274620930
306101997021573122
306101828477665280
306101697871224833
306101542602293248
306101513862918144
306100729041518594
306096859859021824
306096671400546304
306095856552116225
306093378355998721
306092857247289351
306091493448372224
306069257253425152
305904931926339584
305902900205457408
305897269310390272
305885179484971009
305876752717185024
305876686149402624
305873911902515200
305873838640619522
305873719203618816
305866246887440384
305853622896431104
305832272320425984
305831044282732544
305830908458586114
305827302531559425
305827219857629184
305827115130056704
305806517611929600
305758115410870272
305736876571119617
305736169914769408
305735975731093506
305735462516047872
305735310921306112
305731015727534080
305730318026039297
305729661948817408
305728854750818305
305722540008013824
305721586923753472
305719584676249601
305719476064755712
305719453688164352
305468807563055104
305464256172793856
305463714482630658
305112684855193600
305050528944115714
304628876993241088
304314721337757698
304289872921911297
303949615735128064
303938069210484737
303919263381585920
303594964733001728
302829656460124160
302829261423796224
302828880459337728
302467677857923072
301870713126666241
301804582030430208
301533787404238849
301523420393390081
301502121646379008
299981957511663616
299559288475627521
299214021456977921
299206736412282880
298950245193224192
298934838726111232
298903045171974145
298898943662759936
298859143253602305
298844465655861248
298273633963495424
298269223682207746
298242643689885697
298228314038996992
298220653289553920
298213832000688128
297531749615951872
296769800905056256
296338832096391170
296029347683393536
295960943878356996
295942676027686915
294955286719000579
294539305479704576
294528920252997632
294252238937939968
294231570234093569
294214086005252097
294165953590218752
294138986052599808
293886023874781184
293850338379833345
293814826218708992
293793981408632832
293786635655606272
293780251308343297
293488649184608256
293422312378736640
293413081449648128
292426617945473024
292379397665734657
292370241533661184
292024704632492032
