740986907711180801
702262721761320960
702220482796359684
702220140637630468
702220110400851969
702192530687807488
701829251746508800
700829012688396288
700399698901766144
700018813366980608
699662344943632384
699292162106617856
698998805933330433
698211050781409280
697855278037880832
697486289004724224
697123063456903168
696787300429107200
695667902943334405
695313478593040384
694950948641251328
694581152095408128
694228686984220672
693214992603066370
693097395333103616
692773086890831873
692408543660630016
692056622902849537
691682727146356737
690631785294598144
690195211926941696
689867200962793472
689537320417001473
676822069590396928
676465993409925121
676152121910169600
675798287480307712
675443701213106176
675014543383261184
674659503577501696
674337158560268288
673993142241116160
673615405097725952
673260582531764224
672854032940007424
672496861190619136
672155264968101888
671775531495374849
671429761990660096
671427058350862340
671426963828011008
671077431646662656
670699439237939200
670376600622338048
670316205652054016
669938828371607552
669625155983769600
669270270511677440
668498097371152385
668113662716973056
667839919251783680
667466454552305664
667430714351206401
667068290473160704
666697324538691584
666370372749557760
666347111898742784
666307773261459456
665951394965397504
665728595415793665
665718623428734976
665718604730466305
665718419539431424
665592014449152000
665545608875282433
665545130301001729
665543871657435137
665543717818753024
665543458170376192
665386817252790273
665330520285274113
665325182941184000
665325079694217216
665317937431969792
665317892221636614
665303089356771328
665303057731706880
665281856988819456
665279963692560384
665279839125925888
665279561584668672
665273652863066112
665269077787676672
665262391823847425
665253520434700288
665251892390268933
665242069477122048
665228577013534720
665227572880392192
665206056851668993
665202552217075713
665190921571401728
664992677440544768
664979653040300033
664977459784224769
664966151529713664
664965605460729856
664965371707936768
664940549070196736
664937257304985600
664937212233035776
664936935912292353
664936766923755524
664936711609319424
664936663903285249
664936620752306178
664892016174628866
664859955707555841
664858632916369408
664647513073278976
664611714923556864
664561947614932992
664478101766717440
664308030876483589
664236292280987648
663865575119032320
663831081922072576
663816499493122048
663413043972304896
663113739827200005
663068657098973184
662843807042408448
662762585075245057
662426128091451392
662358044781580289
662354881089433600
662350722885783552
662025888783986688
662020166931230720
661999972296978432
661992880479727616
661732186052149248
661717171714699264
661701246387027968
661661264494637056
661316360517976064
660901646377943040
660527916330061825
660244804190650368
659436999598694400
659119892398927873
659052540441440256
657723205587632128
656892774776598528
656213249776422913
655144643877670912
655118598562689024
654446608709390336
654166061579763712
654102601764499456
653647998065381376
653238686864113664
652589399125848064
652181368156237824
652165422599401472
650762328858755072
649645413629304832
649645001148727296
648609799031001088
647508905002557441
636943942324350976
636663021775945728
636587492628672512
636227116359532544
