806964764903518209
806188498692620288
804376319047831553
803650103248449538
802195172482162689
801124812986806273
791731201660694529
790954109931106304
704170539573706752
703394874658127872
703394800934871040
703394783486570496
702258838687260672
701141088187191297
700437533897850880
700086686982668288
700021676763803648
698320235166699520
698198422147325953
697817657651830784
696829145653735424
695371207844036609
695085067991851008
694655108634644480
694398567088156672
694047166797467648
693343977894838272
693343764484521984
693310218986323969
693200587945422848
692563025430233089
690400245562351616
688936738350219264
688844643727851520
687705214275588096
687662475836178432
687662405078257664
687648200388251648
687645949200498690
687643103822397441
687642970858762240
687638579858681856
687001315721871360
685588030623645696
685252552032694272
685184082842501120
684870798541062144
684870136986116096
684870058384871424
684594662523277312
684541905556733952
684512389488750592
684512378021527552
684511380288884736
684511358168072192
684507234399813632
684506146951053316
684505740049027072
684505358015041537
684504874415964160
684503659477086209
684502257547788288
684479693295366144
684476292834701314
684475900973441024
684475446105358337
684475149853286400
684472398649909249
684470263375917058
684467006209404928
684466639677583360
684465471157055488
684190996570062848
684085208748961792
682380903386054657
682380769852014599
682379334171160577
682352128866824192
677916364489658368
677220505070399488
676534850623438848
675387799776788480
675046788789903360
674842979886981121
674711662138494976
674708046627532801
674616304653828096
673919675647074310
673676402474926080
671810129709240320
671786231680778240
659522314413867012
659444522972151808
659138887923576832
656498400137904128
655163081161490432
649970040326914048
649004653040939008
648535318803517440
646787363075551232
646449395064422400
646369056686080000
646011374544392192
644932145564160000
644173825765060608
644169012687974400
643912579274817536
643829563995258880
643474461744758785
642170729979469825
642010636289880064
641645784132288512
641276259398471681
639594170613526528
639462405521543168
639104582912638976
638733780040024064
638471297438105600
638464991817953280
638381335610920960
638125881920061440
637297551750774786
636927709344432128
636571923313332224
636568791841804288
635844368289501184
635134371154911232
634768052152848386
634400618908545024
634034930041749504
633668496258260992
633301331457933312
632596082099286017
632217212053426176
631871177686777856
631497758885593088
631152577690796032
631133338271518721
630774431715987456
628953245700874240
628663708273651713
628228182253006852
627590446991060996
627141699471478784
626786007749296128
626422788870443008
626053598506450945
625701855763390465
624694673899044865
624335332868231168
624250882461282305
624250076349595649
624249892437782528
623882985759072256
623609734281588736
619653668262973440
619177030865698816
618477250543927296
618161539602776065
615951190661017600
614198439316844545
613526868663234560
613526830490894337
613455837617467392
613128941558075392
611994243477823488
611595884132831232
611223792422031360
611216115339956224
611216061648650240
610889132299018240
610875917834055680
610875796400549890
610875407223681025
610575242025672704
610512204245274625
610232773421350912
609878412107251712
609878305160847360
609418346203738112
609111658435231744
609046997119582208
608736752031780864
608716581271535616
608678441844510720
608364965003706369
608317143332102144
608076482779488257
608014087339900928
607969103664414720
607761372898861057
607693456392134656
607608780927344640
607608751969857536
607605774127276032
607340157017071616
607269540930555904
607237267569000448
607213830075064321
607211200695263232
606926345386360833
606901743729836033
606901659797577728
606901328577568768
606611534056275968
606587280262758400
606542301033197569
606542184137900034
605784857025744897
605471743533150209
605242347794751488
605240899421896704
605240730148151296
605240618571300864
605146753013194752
605092657828741121
605091233610874880
605071070647848960
604864384112852992
604757712115605504
604755202340577281
604709508271644672
604707953447333888
604701657100738561
604463625613410304
604430403538030592
604406897785987072
604378775267069952
604371432114532353
604331428344537089
604301181054136321
604081236848435200
604078373585833984
604061995478843392
604043349318713344
604008917845168128
603999306190749696
603993913347584000
603806026572308481
603776421538897921
603750046459363328
603727068753436672
603664020076425216
603655784791179264
603642710713597952
603638338566762496
603380361670701057
603371497739038720
603364977563443201
603352032246804480
603349525244215296
603347969543262208
603333933204246528
603308305239310336
603091369393983488
603090519959277568
603068172015546369
603068100099977216
603033963100131329
603033898344321024
602968274909855744
602955193509019648
602942265972006912
602910005566701569
602887405654286337
602881824591777792
602876909018484736
602625216313839616
602564740863303680
602536614510792705
602282197974790144
602226266339606528
602195189684314112
602195129403736064
602187256296710145
602142015439052800
601952884666671104
601900365357850624
601893999826219009
601797731036700673
601544019642974208
601517981718351873
601494610851028993
601493711298658307
601458217743355905
601444873330233344
601193604955152384
601177273946009602
601126382396002305
601110521023070208
601054798020935680
600890961057550336
600890816882548736
600890562166697985
600836866921795584
600788705150795776
600774018891841536
600749977854349312
600749716792479745
600748627628175362
600748110525005824
600722023627685888
600709891184054272
600541319098814465
600541183350181889
600538139740868609
600476071788552193
600473320195104768
600452657728196608
600452149353451520
600451858323255296
600430266075582464
600402541893955584
600388906203230208
600379503437684736
600368855228153858
600353664419504129
600189151057563648
600188484519796736
600188128620478464
600187028605575169
600186776901160960
600128279299788802
600073342452805634
600069714459623424
600068650544934913
600027922309652480
600013344607641602
600007649703235584
600007171573567488
599847540138225664
599817813662912515
599817617172340736
599816807994626048
599741141194440705
599714596178366464
599703100278996992
599693105017716737
599692894983704576
599684737628680193
599678576540004352
599649667912077312
599647509598736384
599636269379944448
599633628566421505
599633400509542400
599633194862841857
599590065044529152
599435111365349376
599432770381684736
599401387785461760
599396351865032707
599390486390972416
599382216854999040
599376731640729600
599372716987142144
599371131674501121
599368435110318080
599364457781796864
599355565232365568
599353235497877504
599339527526821889
599337197347610624
599335966457737217
599320319355064321
599313118481620992
599300844211687424
599294334848999424
599278380018569216
599272689115631616
599263298522107904
599258806099423233
599245296812462080
599245219347898370
599236623432224769
599226759867805696
599224116168691714
599221534717120512
599078767059861504
599078453225230336
599074426735362048
599056290246103040
599056255907332096
599055565294186496
599055469710184449
599054960874029056
599054845677408256
599047235897200640
599026539523477504
599026503976792065
599006317185929216
598991236398120960
598985005801418752
598972731774775296
598963406608039936
598933497428910080
598915846732324864
598886868822822912
598886715843981312
598865926767845377
598865346435555328
598864479867117568
598864201772204032
598863829624172544
598733497075834881
598733453543100416
598733438342930432
598696913966211073
598676941625888769
598656251497615362
598654096581664768
598642891355881472
598640400790753280
598623779057631234
598623606248112128
598607423767613440
598597883294683137
598585227838033920
598573513314684928
598568976268931072
598553889604915200
598503233472962560
598340802285154305
598340781603037184
598340762749652992
598299507902664705
598282566408409088
598282211637342208
598279291193860096
598277229596921856
598276290316148736
598268478924062720
598261584754974720
598243678222553089
598243207533572096
598223637540278272
598210572811800576
598155895650979841
598152546490814464
598148193130418176
598140886866788352
597960333936824320
597941829267378176
597931048152866816
597927696643960832
597913548061212672
597898480439336960
597898372310142976
597886977170493440
597886913240961025
597870697193426944
597863493556043776
597838998149537793
597817489834184704
597813909601452034
597811626268438528
597804832615829504
597780905311150081
597775155297783809
597774401006776320
597773975582715905
597773526490185728
597773508773449729
597653595224309761
597653210090737664
597581899947577344
597521511306498048
597507693662744577
597507531036958720
597507447725559809
597506411925405696
597434955375910912
597227970948771840
597227441682194433
597154846655913984
597154544250855424
597098737626808320
597068524020891648
596868469024366593
596868042614710272
596856539119374336
596852155824279555
596827058904240130
596820407014952961
596819439074430976
596804021224017922
596802658758889472
596744747198189568
596730731709104129
596730677040525312
596713838097010688
596523553656147968
596520401846575104
596515563293159424
596514519670591489
596512796935729152
596509296243843075
596506521921409025
596505276968079360
596503073771556864
596501423262576640
596500363185819648
596496822073315328
596491976951746560
596491211340263425
596481939705495552
596457332382380032
596445350157819905
596434146555113472
596430986860056576
596418975422148609
596371824692187137
596121198943031296
596111225295011840
596007914935975936
595963442546089984
595762284300996609
595660480565399552
595660270913134592
595657489774944256
595465933239418880
595359622384332800
595359586757947392
595348085900910594
595347563827433472
595308352239894528
595287987111399425
595055751497814016
594969695427506176
594930190486114304
594928727269605376
594660110917447680
594637504973774849
594607307926810625
594546821831135232
594546113723568128
594281051800764416
594280688859226113
594279317808418816
594279092674953216
594277542074273792
594277531911475200
594275728402690048
594275580230533120
594274801725804544
594274342831165440
594273032350212096
594272973797724161
594272948069904386
594271930737303552
594271912710131712
594271369694609408
594271357354913792
594268434768080896
594260850732441600
594208707145170944
594183453546926080
594183428674719744
594138691817250816
593948194611957760
593907809378414593
593823645824192512
593630028098711552
593587724138844162
593559201269436416
593556690177396738
593501994813247491
593501959635632130
593447554529894400
593211321425887232
593129085053734912
593107815834591232
592782733459496960
592738364190826496
592061032291405824
592009381946007553
591758873964388353
591664503940583424
591639419251085312
591398659423543297
591354421834948608
591347733719425025
591320964308332547
591032473422843904
590984397655973888
590919177390567424
590678433203675137
590678417672142848
590674138081157121
590649909000429568
590644412167913472
590625996237320192
590318841424543744
590313288598073344
590294580181868544
590211046012362752
589473487615434752
589473240461942784
589473105573060608
589130797426216960
588823136423948288
588787516393684992
588763570130657281
588462155009110016
588403781794070528
588388409363734529
588083733066047488
587734360259829761
587676751263694851
586968870218399744
586683767831433216
586663559846699008
586575291130126336
586238163271753728
586228251602784257
586213979145371648
585891149073686528
585849694481326081
585626318089359361
585487091041247233
585126961397288961
584512873998655489
584152766622216192
583707064641261568
583407589347631104
583314481372999680
583314215177355264
583158158949941248
583054738406572032
583046034709815297
583028941750824960
583016676154736640
583011184204361728
582950598019973120
582711056125947904
582588359412834304
582281307931090944
582264193543335938
582250183917867009
582225758690504704
581958226695958528
581943442428821504
581908592456036352
581618493906296832
581596718468222976
581585758722490368
581558766396518400
581542074576547840
581291913950547968
581229377674960896
581207659552079872
581189014587314176
581147068946841600
580839209348435970
580175003699679232
579465846931632128
579086792894246912
578712991786409984
578036646274174976
578036243440644097
578036157327364096
577952568422207489
577704902064877568
577704447914024960
577703984103714816
577703511229517824
577701489092599808
577700559832002560
577698625494470656
577698085570154496
577696766419587073
577696699272966144
577696603294695424
577696590917304324
577696357831434240
577692450241679360
577692398513336320
577669333490372608
577663421677596672
576783882969694209
576195968829255681
575774177539461120
575445733718933504
575109520654925824
572550289946902528
571440758353371136
571008865229107200
568533948118073344
568236737262018560
563517598134857730
560635990998384640
560594709685358592
557634037754654720
555544244622864385
555527530795368451
552652365145182208
542772233811148801
542770602646319104
542740746940325888
542471925310976001
542439534307209216
542439468603432960
542439295483518977
542439258053562369
542439221651202048
542439155498631169
542438772281839616
542438746923089920
542438642774335489
542438607542169600
542438582875455490
542438525954560002
542438502604873728
542438464608673793
542437749521780737
542437645813440512
542437609352343553
542437581539917825
542437542226706433
542437512568770560
542437395933589505
542436994987474944
542436194903015424
542436146148417536
542436103404281856
542435665300840449
542435631050133504
542435594513551360
542435557951819776
542435461554126849
542435115997986816
542435089561309184
542435040932544512
542435011459182594
542434980882698241
542434578518921217
542434126045777920
542434072790712321
542434025575432192
542433365714931713
542433315710447616
542432656554598400
542432592700526593
542432529697869825
542432124570071041
542431373613465600
527229371908497409
527228995981410304
527227692291063808
495339504710852608
494314896088002561
494166320829583361
493440774424391681
493112562150436864
493090491852787712
493090469623001091
493090439625338884
493090379911004161
492021777195741184
492021617317265408
