880562668565692417
831548568464875521
801492731444928512
699023065905106944
696492129455976448
685533078786195456
685532963929378816
677958546915393537
668883665447837697
659079847327633408
659054640055451648
658693562905718784
657237592354623488
656869773301575681
656575125404323840
656574500599795712
656179916816302080
655070957145423872
655070706275713025
654350460011196416
654006743861563392
653658818329448448
652535370375032832
652193036638666752
652192995899404289
652192551126986753
652192322147348480
651801741650870272
651505497497952256
651505267461353472
651425702013636608
651109679850917888
651081667931537408
649978470139752448
649612261737164800
649273399248711680
648637028469358592
648222510513700864
647525000493207552
647095878725931009
646783668527067137
646354838373056513
646006587258109952
644907251635892224
644567277195563008
644174349520338944
643825443523588096
643451753451511810
642379864775921664
642005144469573632
641642596788408321
641279865820286977
640760760642068480
640294176886648833
639826308176830464
639468220500434944
638740035659935744
638381652029259776
638126047829995521
637302607619354624
636931374004375552
636048360030400512
635845045057261569
634769060148985856
634106092306362368
627183223202689025
626467325827350528
625742525916053504
624655691215605760
623940157612240896
623720418516471808
623720341655805952
623221611211010048
623151323404341249
623150951868690433
622186549027844096
622167650030850048
621791225759182848
621770826958770176
621770676261654529
621757462157332480
621424065178267648
621409269393391616
621398380221083648
621397581063557121
621397335214428161
621393889887305728
621188902951346176
621093902708117505
621093450373410818
621062861461172224
621033473382285312
620701041525288960
620669886503620608
620425478273241088
620416621698363392
620398340665049088
620397850820653057
620386657712209925
620321817790525440
620291596689379328
620261394110222336
620090085451534336
620089150092410880
619929196425424896
619912712601014272
619657405693997057
619632546431643648
619627207820886016
619614822682865664
619597049026097152
619566860229439488
619349955262550017
619304219426684928
619295031002689536
619276355130163200
619276266550603777
619264820970303488
619240738350501890
619234628755263490
619207477243052032
619204487173963776
618998066692030464
618997977437175813
618969522297384960
618966296156176384
618966054530756608
618962817979256832
618932639207063553
618910649679114241
618865026502258688
618858492653371392
618651665122525184
618651628074217472
618609780056281088
618596096755929088
618591201290162176
618586446731935744
618586277756149760
618586179198427138
618586133157445632
618586072352706560
618551104914100224
618544631198916608
618509869310570497
618481309107666944
618455429811580928
618454830185492481
618454762355167232
618454638476423168
618292993317928960
618292903954092032
618291150584070144
618204360581853184
618179798536294400
618154110194335744
618141392901005312
618140694381596672
618126688170315776
618120462858457089
618111307607203841
618040210106912770
617917123134799872
617877692633878529
617825944741396480
617823133291036672
617803786132680704
617790958927675392
617785078056251392
617784509627392000
617762989450506240
617755970513453058
617740830804054021
617531885887975424
617450164261773312
617444274792083456
617400275041546242
617400226744131584
617396658305798144
617359653454811136
617352756769128448
617209424382328832
617207376681156608
617207295332646912
617095998439960576
617087694976331776
617081708773412865
617081422407319552
617055155729469440
617025387457982464
617018977013792768
617012571837607937
617011763893022720
616799734422876160
616796973543219200
616796912130207745
616795887990259712
616759824013901824
616745872458563584
616723846725382144
616695382408458240
616694790843822080
616694098083221504
616691504090738688
616690134713540608
616674426579517440
616660701197807616
616654737287438336
616645339022405632
616641698588831744
616633740194770944
616631916289093632
616631272429916162
616597862713942016
616460898559901696
616460724135530496
616457166476554240
616457045202481153
616456206765260800
616456098095108096
616456006655016960
616455904213405696
616455836827684864
616455121946292225
616455063557423104
616450177927229440
616445848000425986
616411791908696065
616411771302088704
616389666472747008
616384275361869824
616378917989912576
616369761203564544
616369306884911104
616366184573763584
616361703517786112
616360364586827777
616360321960161280
616358801814327296
616352034573299712
616347099697811456
616346783325630464
616330266701754368
616289466194341888
616284813654274048
616283272906059776
616282704435216384
616279964774592512
616251631559008256
616251527900991488
616249237118939136
616246844474028032
616246688848556032
616246402407010304
616246344458502144
616222282227159041
616222115503603713
616221502665404417
616117054270103554
616106757132128260
616075491410219012
616075399747907585
616038113983356929
616027946352939008
616008740668485632
615996466662785024
615996411713228800
615991012490481664
615975919543398400
615965827435663360
615965644207423488
615962487087706112
615957443701547008
615943981248045056
615943665848991748
615941928975085568
615934820984623104
615934458068365312
615930647924740096
615901398606069762
615901256914092032
615901215822446592
615864998007418880
615864852406403072
615864708319436800
615746667573186560
615746227544592384
615746120103301120
615701092718919680
615701033587576832
615697997968445440
615648326155800576
615647580102356992
615634123160293381
615633939466616832
615633743085113344
615623211217104896
615621797522706433
615620508755755008
615588243027791872
615583357431214080
615582884884156417
615582796631781376
615582766852247552
615582744488181760
615582717497847808
615582657766756352
615582627832029184
615581722919354368
615581625628258304
615576829793931264
615539120975167489
615539092399329280
615503290583793665
615381399382560771
615381210282352640
615381073145430016
615377717463134209
615377679282339844
615377627725979648
615377480333942784
615349307206602753
615324344827314177
615295982079574017
615249169695965185
615222807832588288
615188350304063489
615025582103879680
615000881877004288
614996217756450816
614917852869455872
614917672409563136
614909504711299072
614904239597355009
614873948832989184
614840827345436672
614826343428026370
614826297487831040
614672027308298240
614672010531057664
614626442266054656
614618987486285824
614618553178656768
614612930647101440
614569264595361792
614487277310324736
614478113460785152
614451750796328960
614450948186861568
614450849142566912
614309219332820992
614305007232417792
614304620760858624
614299607405735936
614294639571369984
614290074625114112
614288920411402241
614275477721608192
614267399483736064
614263761105371137
614263296766574592
614260324703715329
614260072512753664
614259262693335040
614254696581050368
614254328564465664
614252893709864960
614252872042020864
614252132791771136
614252067255758848
614250805982396416
614250037137162240
614249254551326720
614248294374453248
614247888273698816
614247163376173058
614247129813381120
614245346370125824
614244228768509952
614243469222002688
614243090409242628
614242659234770945
614241870340722688
614240825002758144
614240773739909120
614240506332065792
614239823558111236
614239675981565952
614239626765545472
614239551641354240
614239547296055296
614239497107025920
614239400826802177
614239368476135424
614237532482461696
614237527734521856
614237491827052544
614237464576724992
614236945875472385
614235885056299009
614230482507530240
614229767466782720
614229579012571136
614228317940531200
614225127291555840
614222919481192449
614221628004679680
614216581724307456
614214947451441152
614208188615778304
614208113709690883
614192891099885568
614184509051830272
614176951771639808
614165853194469376
614162746624454656
614162672729198592
614162638281400320
614162579867353088
614162553334173696
614162528851984384
614162485361315840
614162442969460736
614150796335149056
614126208784072704
614120042704179201
614089760701747200
614089628623081472
613919860142149632
613919727925133313
613883046794637313
613854593882034176
613842761977098240
613842572960661504
613842497563791360
613842466068828160
613834248215232513
613829371527213056
613827857610096641
613826769397878785
613825484128804864
613825121564803072
613809387325403136
613808999394185216
613804542681976832
613803870502850564
613802459455078400
613797240805593088
613793116139577344
613789619436400640
613789048692301824
613777356126158850
613744723786739712
613744701619867648
613728281943146496
613690128469364736
613683145011888132
613683088569163776
613682949741871104
613560548593020928
613556059085520897
613555962851430400
613536488207192064
613536288575062016
613510244635770880
613507647069777920
613500063717797889
613498817216802816
613492996911329280
613481731966963712
613481303149666304
613479431630290945
613478809199755265
613472778331656192
613463661764440064
613463574569025536
613460899139948545
613457623178874880
613448894274351104
613448858752823296
613448741907881984
613445536989843457
613445379321786368
613445288917774337
613445177290592256
613445063889129472
613445002555883520
613444932557078528
613427722526691328
613409176509767680
613335352082698241
613335263075418112
613186396749103104
613186239403941888
613160469797298177
613160379108036608
613151452928811008
613146395948625921
613139979586375681
613137865342631936
613137771256004612
613137737630265344
613136491825336320
613136187646214144
613132958749167616
613099614267310080
613075890411474944
613032528262213632
612972491640692736
612754050170224640
612658059035291649
612487036902113284
612454929555271681
612406063770398720
612316493171167232
612316351303061504
612316302774943744
612142788449144832
612104812243456000
612089124112068608
612087207650668546
612086275118510080
612081727813455872
612081620489625601
612079807845695488
612076188127735808
612075597968179200
612075411090968577
612075359224229888
612066994775437312
612062076782014464
612061121713848320
612055286346465281
612053662395842560
612051091757203456
612047252123586560
611998680380387328
611987474055737344
611961459535273984
611955707991080960
611763427229347840
611763313060384768
611763130813681664
611713039646093312
611710827297529856
611708546703474688
611708070868070400
611707776952184833
611707554322722816
611707346138497025
611707152663625729
611707037873909760
611706876506451968
611706589054025728
611706484116713472
611706375433924608
611703226715353089
611694599464050692
611687188535771136
611687145107881984
611686616181047297
611685669887324160
611684458991714304
611680639243325440
611678559665459200
611670044011991041
611617062247489536
611586693599072256
611570027267952640
611519577709637632
611389910138814464
611352695073435649
611346843558002688
611340063822053376
611324428023169024
611317737189691392
611306744338345984
611306505355272192
611306405782528000
611306326032039936
611306143529484289
611304865508270080
611304801536708609
611304752996069376
611304677972541441
611300115563872257
611298658030604289
611270659830779904
611265672841027584
611255136837439488
611241469345574912
611191354501152768
611189931965218816
611189896795938816
611187727032147968
611187704181592064
611187630319906816
610970171738583041
610970064108523520
610969870939889664
610969734121684992
610963738179567617
610955056138059777
610949852516646913
610945493628231680
610944048661184513
610943086500425728
610942104227999745
610941352898088962
610926967634800640
610902386987548672
610858400352718849
610845148398772224
610838759450370048
610834069723590656
610786001926033409
610617630311870465
610617269392175104
610617127549145088
610616999413215233
610616737667674112
610615739658207232
610610440859684864
610597746203082752
610596447294242816
610591983422283777
610591264254369792
610591248987090944
610591189771886594
610590020471230464
610589350749970434
610586991802118145
610585607765651456
610585476093865984
610584464197046272
610584328142233600
610583966056345601
610582764786741249
610579385616322563
610577221804273665
610577200316841985
610572624113102848
610572368759652352
610572026173071360
610571969633886209
610557693728681984
610545657175150592
610535978428542976
610535490765205504
610531117117018112
610529384475197440
610529297825075200
610513772331995136
610499680447770624
610496291689267200
610458269681750017
610439196101050369
610286482247397376
610286406422757377
610284505585156096
610283021669797889
610282182003683328
610279989448179713
610279939925897216
610258511562305537
610225730530750464
610221994785812480
610219511527026689
610219433567490049
610218674843189250
610218208222691328
610218083521818624
610218003058270208
610217792500035584
610160334947553280
610158502879735808
610150776707518465
610145368362225665
610139236725997568
610138926540455936
610133882009055232
609495854097940480
609484914900123650
609484848089178112
609484788756447233
609467990136918016
609467839880105984
609467766655942657
609467675182366720
609467617212891136
609467540012707843
609464379549978625
609382869853585408
609157646353100801
609137253068115968
609108765724450816
609075289658753024
608798388625100800
608772111713193987
608769341450887168
608699200579092480
608394296409104384
608378588790956032
608378542318059523
608378478531080192
608378341364801537
608378270980186112
608364985203494912
608364858908807168
608350667254677504
608321342199459842
608107071624470528
608055225476358144
608051447561895936
608049792745406464
608049759425863681
608049641893031936
608049552449499136
608046619708112896
608046351390281730
608025211032596480
607979535804473344
606967380837670912
606953337561313280
606945977178554369
606940905535213568
606940349504757760
606940209360429056
606916127516540928
606882639904047105
606598299999571968
606557856591003648
606557061032255488
606539572630003713
606525361992658945
606228778742718466
606170648012951552
605886024657436672
605841364312420355
605769308044558337
605580684598452224
605580634413621249
605580467555868673
605513381378793472
605428652306620416
605042592955252736
604377589428273152
604335359489540097
604052687286489088
604007475101048833
604005112055357440
603669210397614080
603668385302454272
603304020678029313
603289445014441984
601815669580046336
601550800335187968
601550601625800707
601550579052089344
601550211656261633
601550181725671424
601549868813787137
601545655476092928
601447442899283968
601427415793999873
601399729428172800
601390062366920704
601383304399429633
601153381873393665
601073662955950080
599315150600937472
598579822768455680
598561702678953986
598550197807939584
598533302878806016
598175643956711424
598172797387472897
597873793068064768
597515550873374720
597514120468901888
597490826202120192
596793676547784704
596442278069047296
596098466448683008
596095936863997953
596095870707363840
596092559287418880
596092512663638016
596087659874910208
596087590975086593
596084584317464576
596074823601762305
596065791080017921
596058431531909121
596051777579053056
596049423362297856
595983167346978816
595717238025494528
595685353081729025
595676159259574272
595670892769898497
595665024800182273
595615027647815680
595604103893364736
595602458224631809
595602388121030656
595396935483133954
595385915272376320
595303321411330048
595285249115881472
594185529970819074
593823642020098049
593823542103265280
593602249982484480
593538850196103168
593534368758398977
593517166705553408
593474977137041409
593463201796349952
592829012872929280
592815149003763712
592814911597719552
592814727312646144
592810659684974592
592793709621735426
592783473057861635
592764406649454592
592757003019231232
592754387686129664
592750142236790786
592736011328839680
592735010203049988
592541279700918273
592409566538641408
592221225591578625
592048265035546624
592048226288545793
591716527340060672
591692514291093506
591663046113660928
591647841166102529
591279355667423232
591062171812909056
591047612498771970
590980907864956928
590941352868782080
590923216471732224
590681440347652097
590671819117592577
590671773739442177
590664409871212546
590656737574793216
590633324575641600
590600958968737794
590599604405739520
590599512319778817
590295772085649409
590289036058632194
590288886238064641
590277187955101697
590264924577746945
590242964821028864
590213652818464769
590198381798035457
589212259991171072
589211309209554946
589196679099785216
589174654272548864
589126306765279232
589117799403900928
589111243463491584
588823439521161216
588773599340732416
588503433709113344
588454452908011520
588412979894337536
588401611816349697
588386395816734721
588113709999886337
588089505086889984
588068273004158978
587750170785288192
587741311567970304
587732772925480960
587720967180300290
587720398822776832
587709342951940096
587687850197417984
587676703452823552
587663019653537792
587466804873662464
587465468786540544
587464405295595522
587464338836815872
587452496475361280
587452115775160320
587451400461758465
587443113871839235
587441516089491457
587423373895995392
587423335383838720
587423278085443584
587416505031073792
587416450349936640
587416361082597377
587416341495185411
587416089098788864
587414937858736128
587414321228976129
587414273137082368
587414229323354112
587331697009561600
587299408431026177
585151206332493824
582957338971209730
581578102754529282
581577924215590913
580155171663032321
580063282163097600
577946237166485504
573632743457755136
572638107759075328
572594347662712834
572593495522738176
568178813344948224
568178620155301888
566658219452289024
564863857697357825
563598957012475904
563598901865754625
563507914225098752
563178451717206018
563178274214256641
563126185597485056
563080842386620416
563080543697645570
563051231611219968
563033137257914368
563033083143000064
563018528446775296
563013072756154370
563007944703635456
563007691527041025
563007380775247872
563005879147319297
562990129547997184
562822638989766659
562704261424119808
561267075541266433
559861082081075200
558777208638955521
556203280960086018
555544963832758272
554815733469679616
550500460067438592
548176250024378368
547843984690016258
547253643443834881
542152024909819904
535196990905540608
534538467569434624
530536278455250945
530062193740357632
529704894169493504
529704818151944192
529434511457517569
529434447909634048
529341089010814976
529340172001755136
529339774436257792
528670473169547264
528670386615889920
528386568239599616
528313026181492736
528311299592032256
528253835941142529
528252231343034368
527987379575865344
527221384137564161
527188364550606850
526862419373461504
526817535073591296
526817491872268288
526817453846720514
526817346816454656
526817308887379970
526817097020481537
526416062024540160
526415331611648000
526412543347425280
526412451290836995
526412299406696448
526203355618902016
526153550918066176
526150441835696128
526144633764855808
526144601980424192
526144208210763777
526138081330880512
526131499452866561
526120762818965504
526119723701112832
526118305791492096
526116833800519680
526114070140043266
526114006868979712
526113957896269824
526113906222448640
526113842884272128
526074661256179712
526047449110953984
526047307922296832
526027111057088513
525002562647244800
525002506284175360
524729006323531777
524671845073555457
524630676432117760
522923949030522880
522923838204424194
522923812954722304
522570190618255360
522515535217442816
522129583252848640
522129489128476672
522129462419152896
520267719287918594
518123931962593281
517882902559080448
517882694358020097
517734157871366144
517354031820578818
517125768183152640
517066635778080769
517066552546320386
517066390579064832
516712841508708355
516662488318742528
514947925122621440
514575526468395009
513049557261746176
