677263220504162305
677263000525406212
676276625218994176
676276505840775169
673703384709398529
671745861727088640
670404116137447424
669208982532165632
669208438526750721
668918917327224832
668839579911229440
667756723705217024
667529610368647169
667461927191212032
667400315965018112
667025660771102720
666672217049034753
666382155740676096
666308148072873984
665229181349818372
664854649858469888
664611184063021056
664589437163073536
664589012611371008
664506090936098816
664130756294242304
663796409628397568
662682330268495872
662329404949790721
661953781140094977
661602921126105088
661230947614879744
660150756612272129
659819592483672065
659770162757832704
659402000073752577
659046938755465216
658683840257331200
658373834496544768
657594632029667328
657231656793669632
656884052155170816
656510404445626368
656142658109222913
655874678603427841
655078843712057344
654734386965839872
654393644363845632
638482562340417536
638479549722787840
638434014215278592
638404360708296705
638189695252299776
638188303242522624
638150043464175616
638147499031552001
638146725576867843
638011191688736768
638010548462858240
637840978393493504
637744772023717888
637400334873194496
637384580735987712
637384349814358016
637371039488458752
637351416323903488
637324391408230400
637058669247467520
637052885872734208
637051784922398721
637015437889269760
637008051812200448
636988483597389824
636969846148694016
636961511936684032
636955717908344832
636939601748201472
636938943544487936
636937933417635841
636699479194882049
636695996416655360
636688321230442496
636684670181048320
636629016598843392
636620142403653632
636328734618836992
636297292236984321
636288803263549444
636247941909360640
636224651018944512
636212503022710784
636045347349893120
636043742785343492
635950328207138820
635949513912377344
635938529810362368
635932151469309952
635924831247044608
635881872690561024
635858881218908160
635854189839585280
635588794113064960
635511915750395904
635511637609353216
635511486513741824
635197633707950080
635196894247956480
635196752300126208
635121078071771136
635114618449358849
634894422811906049
634893225820459008
634889007642492928
634848380972220416
634847719706652672
634802670486687744
634759990352420864
634530370906652672
634521801054404608
634521291060572161
634485182016450560
634478801481695232
634454961758191616
634417838564896768
634416510228951041
634415636932792320
634412697174458368
634411429227925504
634407839113412608
634179605021126656
634168597972058112
634164316728459264
634158934643896320
634152795025768448
634152223430320128
634130372213665792
634129784642097153
634129612121870338
634092946283995136
634058795623182336
634057796338581504
634057242585731072
634054808735879169
633818214107971585
633798115800121345
633796507158708224
633793984091942912
633767854689521664
633765861954732032
633764004071018496
633734297724149760
633681813504851968
633681787638583301
633457820793356288
633457740581482496
633453385061003264
633445059841560576
633444121080807426
633415537133883392
633404989772206080
633397163666485248
633396155695558656
633395997213724673
633382901845852160
633366843588108288
633346207775985664
633345378239184896
633338157497389056
633007324999716864
632996971687505920
632945246632964100
632642846311321600
632627884268490752
632582607188824065
632355762501582848
632324943473078272
632303522415902720
632300026740408320
632299986621894656
632299946687901696
632299833651367936
632287248910684160
632273044975718400
632253097985773569
632249592105406464
632245467347222528
632236779064569856
632216578998714368
632096982996115456
632079518656630784
632079194160132096
632079051994218496
632016303620886529
632002902102446080
631972662764396546
631960365459353600
631958270983303168
631957221178388480
631952453118771200
631949532083826688
631940831050489856
631937522071814144
631922769614077952
631907007079907328
631898114077519873
631897069750358016
631886872235524101
631882426977927168
631877106654314496
631866201585545216
631850189712584704
631675041592152064
631671856655790080
631667444235407361
631643688947482624
631641175514988548
631637277014265856
631637175210131456
631619901476618241
631611496829595648
631600561805135875
631600140441251841
631595718982025216
631580867400351744
631570698725556229
631555162100776960
631549322602024960
631544054166085632
631532037116047360
631526332011155456
631517813941731328
631515153045913600
631506789721206784
631487844373000192
631280523701137408
631268980083154944
631261917353369604
631247894482300928
631237528373215232
631237498392309760
631224247327719424
631224038719778817
631221199297646592
631208992698531840
631207146764374016
631201979277033472
631178287755059200
631162507630022660
631157223360598016
631149592059342848
631148895133786112
631147606740054016
631146601059225600
631145462267928577
631144438404812800
631142989557936128
631142127234236416
631141047385460736
631140373025325056
631139275191377921
631138141894606848
631136995838853120
631133938036178946
631106633184055297
631106591203422208
631102834163888128
630953342211002368
630952368717205504
630908951819739136
630890200353210369
630886436942647296
630881486405668864
630881388607094784
630878952978911232
630878766638608384
630878109403746304
630877080184459264
630876623676379136
630876394340249600
630875959453876224
630874900056555520
630873306921447425
630872198375313408
630871191843016704
630869590902321152
630867632653078528
630860439736332289
630858730620321792
630846134462746628
630770633920528384
630766849806966784
630730854822768640
630721965121236992
630499291228798976
630453514699825152
630430073045168128
630413860122460160
630412967671009280
630240552458412032
630181943355682816
630140313906982912
630130266577604608
630091159969271808
630069063805329408
630034403498967040
629862809619206144
629803419344044032
629771195496267776
629771063069507584
629759367223472128
629738783177490432
629721406305996800
629716083071528961
629706988893540352
629470549484240896
629459514652098561
629431029938294784
629408271909130240
629393031582474240
629392372867055617
629391872205586432
629383807636869121
629382929064419329
629381062280417280
629380873310244864
629379988949716992
629378861101371392
629369559481499648
629339231643639808
629098413502500864
629082130581053441
629027220963495936
629021704971358208
628970670194450432
628940125985091585
628732273244811264
628717107362951168
628713710543065089
628708505147547648
628708159801180160
628707412615294976
628706988881543168
628701212267913216
628700514948128768
628694576182636544
628691709132673024
628676417136410624
628674229949497344
628673083470032896
628672133036556288
628667830758604801
628666418876133376
628665618703646721
628665169694973952
628664366313766913
628663375145218048
628596314138214400
628370315748360192
628354703387037696
628324573457428480
628233934581542912
628003487809286148
627962107485536257
627916847371845633
627856498685685760
627584778057838592
627539303212515328
627494122807427073
627296266700001281
627252434847469568
627222229432963072
627193274734743553
627146813452107776
626920467585069057
626844761819758592
626784357340966912
626557924735762432
626534447228194816
626482435929149440
626422084537745408
626184588407123968
626139067806167040
626060933945626625
625818963017105408
625818954095702016
625772996033056768
625748255364657152
625714528760664065
625463994573131776
625463751941033984
625463707984789504
625398593541672960
625337799298789376
625336642170019840
625336591217590272
625033572156600320
624983923710275584
624730220403109888
624674452538667008
624363907902271488
624342284084113412
624338790119796736
624263965267369985
624247851451854848
624247561898061824
624247123081568256
624246814355668992
624246544821288960
624246375400763392
624246176506880000
624246046324076544
624245864354201600
624245640944578560
624245394072055808
624245163427295232
624244686388117504
624244376097718273
624243805013811202
624243423994900481
624243057647599616
624242609440096256
624231581373366272
624218174825885696
624035420863512578
624014419324899328
623986941164257280
623974351231062016
623864128105529344
623663455728500736
623644945434439681
623614229497516032
623597789038166016
623293144096882689
623220967133687808
623217262900609024
623190705259745280
622934043504476160
622887384699371520
622819588489633792
622805649953394688
622194166550806528
622163823722496000
622088482454765568
621831736343670784
621803492949164032
621766217368489984
621494217399865344
621488265774784512
621484623848017920
621478627297792000
621473301039157248
621469964612964352
621460128718458880
621458406738563072
621456970780835841
621455901518499843
621454937763917824
621453325196656641
621435094910242817
621411700642680833
621137494315175936
621051467504336896
621026231086002176
621025508227047424
620744559488712704
620699464466956288
620367145935855616
620275738395029504
620031936933695488
620007023044751360
619989854294663168
619982130932682753
619945308760309760
619944526237437953
619944114147078144
619944080445829121
619929925428998144
619922045330042881
619916104383606784
619907815067357184
619674876417196032
619636336467677184
619319208384425985
618878213968695296
618560438343610368
618102171918184448
617347624002150400
617341859744997376
617027392398192640
616670200654635009
616660167199997952
616380502950281216
616380470205378561
616380384624799744
616380333454262276
616379540009435136
616035244198629377
616013316045930496
615944641427279872
615683039167823872
615574984153391104
614538897448546304
614488666463801345
614182198191591425
614158742238564354
613824310990368768
613788972913799168
613442252900204544
613047115212697604
611956659011719168
611584413357334530
611221856285134850
610492015785062400
610469317520392192
610212744164450304
610105895897292800
609918984083783680
609867507927662592
609820401590337536
609763678548701184
609431773395550209
609411113218764800
609216768553304065
609158557196365824
609154105920102400
609073062776963073
609047401098170368
608733283652780033
608696990235361280
606936544868327424
606613101257986048
597556279712714752
597556243746529281
597556135231500289
597117232594857984
597117017892589568
597116727504175104
597091997355147264
597081321672871936
597081264202522625
597080704766193664
597079890710560768
597077961553096704
597076944878833665
597076880630550529
597075926162112513
597075525551542273
597074776025272321
597074535800709120
597074487805288448
595757089118691328
595386900740902912
595386844293926912
593855516599713793
591695088314515457
590970453168033793
590970194098409472
590671619154120704
581201682471751680
578279808435535873
577968099657322496
577566152877953024
576538069181956096
570838115629137921
568107767069696000
565965015014834177
565955362746937345
565721213583228928
565707064551669761
565683699073966082
565682575696723970
565589811130818561
565589673503129600
565575409644089344
