917411213453139968
889138056095084545
860536074803662849
858000942876155905
823598088002490368
810902334129717249
809094846845566976
808738521259200512
807615874911899648
806183676107177984
804370480971055105
802182812988272640
801507823867658240
799304346143887360
798599954180640768
798329927984496640
798312278017777664
798298601218719744
798274583845433348
798259820822335488
798133404306841602
748637496553025536
748561885788725248
748237843642753025
748234870405554176
748202004095262725
747847358184992769
746395946989215744
746389792418476034
745663042017386497
745298072381493248
744553085159243776
743849616907640832
743491571547443200
743128957776596992
742401097495547904
741653735550525440
741309609063780352
740581679245361153
740256417739722753
740196183222538240
739868930232061952
739143340172574720
738812339646922752
738784582581915648
738439313029894144
738410715829002240
735870635696488449
735553913013735424
734813984897961984
733058250522824704
732980195351633921
732643846312493058
729325492818563072
727907680078041088
727591698788818945
726130744234397696
726093814998261760
723554663098769409
721715104115519491
717048673717190656
717046018659917824
714536152846323712
714120052501389312
713042678938607617
712039504236908544
710465748867653632
709460727480758272
709446302354911232
707369340291534848
707266576064454656
705860096849367040
705814696734003209
705445150911115264
705194307796340737
705141165696221184
705109408158593025
705082752610148352
704723803625000960
704149918575828994
704128093976293380
704114240336953344
704110800173006848
704106323319730176
704104719824887809
704103855651356673
704101580245590018
704094551481253888
704088701966503936
704079249037078528
704069294590590976
704042322980315136
704041937339174912
704041600289107968
704020026332827648
703987331993210880
703982583055413248
703970892561326080
703818560599031808
703791165137498112
703655877409161216
703638043471708162
703637717339353088
703595467507019776
703268314831671296
703031283509653505
703000998168514561
702942240637714432
702927557071499266
702682025178693632
702666834185625601
702659289744166912
702653993789452289
702625351206174724
702595457399193600
702588310133219328
702569834039541760
702567931352371200
702218777379778561
701915721341612032
701852403566452736
700743232041259009
700445353426837504
700074493545320449
700047852504895488
699701915450380288
699284553475600384
698310716357369856
698269100657643520
698261551606697984
698251071601250304
697970285618663424
697951317067599872
697918824226533376
697882763634999296
697878672900907008
697877717417484289
697874739340029952
697871682430590976
697867844453662720
697865723381547009
697865481953239040
697863570860576768
697860720222826496
697858892974280704
697856452489117696
697855374343286784
697854040156180480
697853392387858432
697851059234942976
697849311506239488
697848021837438977
697841660185563136
697814545570488320
697529438460751872
697505139901378561
697495330913275904
697114317137686528
696749723328208896
696534992495603712
696508173960646656
696487710098194432
696379923674435584
695738007098249216
695708379050676224
695352555774193665
695026486739226625
695018952431304705
695010400127987712
695003501731061760
694712872564162561
694685450967994369
694663934058442752
694580728604942336
694257812898091009
694246177269649408
694224263599910912
694217607377846273
693136185284104192
692786204400418816
692450148086104064
692441955515629568
692434348813848576
692403128692510720
692133291948949504
692124140720013314
692060153999327232
692040971538665472
691741047005716480
691724150667288578
691713690609913860
691678856424460288
691677116014817280
690705420080414720
690699997902286848
690660109999968256
690625391677935616
690610032577130496
690589340003491840
690579739765923840
690279202256355329
690264487002116096
690251795583504385
690236129056948225
689911660253851648
689911223433859073
689864384953233409
689582895099281408
689137689291980800
688898319318294528
688185764329291776
688185618753454080
688134216337367041
688132767394078721
688103520927498241
688074522721820673
688062125760065536
687804589022691328
687786169996840961
687774483948507136
687737375229792257
687732945163923457
687730233240240128
687698523576389632
687695496853323776
687694468888137728
687652245987430400
687643473181151232
687631506060136448
687631266250768384
687630649595789313
687459557052829697
687459218702520320
687408518354178052
687377996982824960
687363231032057856
687361525145677825
687357013269938176
687328533400571904
687096141540765697
687073401060499457
687056428549275648
687030270336237569
687013071680868353
687007922291879936
686992856360198145
686975221731999744
686955871889260544
686737547054088192
686737331605254144
686726566278135808
686726523034808320
686703327250264064
686657164383891456
686653019337830400
686615399459237888
686604796527120384
686406562852679680
686405997850562560
686405564453130244
686404592737779712
686401641126363137
686399879615102976
686393134847098881
686370680355459072
686369151380631553
686368913668476929
686361453125701632
686238588900540417
685876210677633024
685620833373405184
685617320329269248
685615042885070848
685613989418549248
685598473215844352
685595804816379904
685539969805373440
685518204769177600
685518185219493888
685291870004457472
685291779441098752
685291638055239680
685251299827265536
685245292367581184
685234474859143168
685204008793866240
685186087912787969
685183799479566336
685170881241300992
684979443039735809
684966808357486592
684897692091170816
684895109461053440
684894834654461952
684894691767107585
684894643855568896
684871341275627520
684870963725385728
684870702130839552
684854913457729536
684837760805437440
684822134959419392
684802639599501312
684798184678232064
684796909513355266
684564622192447489
684532945885868033
684530165947338752
684526219912609794
684510587196321792
684510473765531648
684508011650363393
684505323533512704
684498885650194432
684468725345484800
684456930790670336
684456460110016512
684454381350072320
684432956568375296
684177571735470080
684115574578806784
684109040574595072
684104291162796032
684095232539885568
684041685672706049
683733636038787072
683733105065119744
683732951394168832
683709456551522306
683347063900274688
683345434639601664
683345202572992512
683060175113031680
682954591940382724
682697828607512576
682681282371821568
682681166260879360
682656665095770113
682655780424794112
682622774154784769
682356933391552512
682339333085343745
682329437996580869
682324029500424193
682321097635840001
682307513593786369
682303778419245057
682301369680793602
682273867839094785
682040942639984642
682020452219269121
682018327175168000
681986551589421056
681973049722146816
681965108424097792
681665686460973056
681633274972651520
681618163931320320
681597499480518656
681576770785525760
681201640049774593
679798745362382848
679738273850208257
679677887817977856
679476271273738244
679463858646302720
679450617186652160
679441497628913666
679416247503589376
679403190090002432
679403058464292868
679394861548617728
679390311504744449
679364639348559872
679141828705169408
679133150241402880
679040237083865088
678999562174902272
677948987685470209
677609237682388992
677592917557428224
677577125973528576
677568315682783232
677564899006910465
677543800051396608
677541276854566912
677246859362963456
676854429790969856
676837811178237952
676585214802444288
676556395936800769
676554713253318657
676489414583836672
676461416543481857
675456298775801857
675379152241823745
675060632270594049
675060444135079938
675008514121568256
674995105879560194
674734087353962498
674667833805049856
674016260494004225
672908886089732096
672557589742223363
672550366039244801
672547669521260544
672538982308155392
672537091130023936
672531579504226304
672430701917016064
672427987321544704
672423499256893440
672417632235098113
672414152388841472
672413353763979264
672183037052911617
672110952465063936
672102544647131136
671373148328099840
669908548793446402
669651859305467904
669610627015405568
669260748296597504
669198818823376896
667858590787440640
664518024783728641
662417875869696000
662415004902166528
660971521414856704
660939417981313024
660879056418639872
660562060518920192
660532615313625088
660486537155469313
660249495410610176
660244888684920832
660214675397709824
660186189383602177
660156868468195329
660124320832720896
659868083553628160
659837157125722113
659825020324020225
659787370854658048
659538985270689792
659446218850889728
659400611444600833
659150148052774912
659082162260447232
659039459279671296
658810898266505217
658757690177380352
658720959340220416
658357414845001728
658312112368807937
658066785728512000
657995021111525377
657949719553937408
657692688506970112
657587417373765632
657342433315848192
657334923112484864
657270427325083648
657224962638417920
656983302792843264
656862584604258304
656605894445133825
656500199209111552
656243477714374656
656137884173336576
655881088695341056
655820741825269760
655775398073012225
655518772984311808
655488502440693760
655473390287847424
655458340907016192
655413037503918080
655156303908614146
655143266304724992
655111317657796608
655050630201905152
654832348035309569
654794575261773824
654733583165190147
654688244756418560
654446656692195328
654402212051881984
654355973327314944
654325995009282048
654039148983009280
654021487465115648
654012416968163328
653982635102900225
653736941834256386
653707169909501952
653676810530615296
653646497666326528
653601180686270465
653344437372776449
653314190090723329
653291986972073984
653284012484464640
653238659299147776
652951786349719554
652921602078674945
652876258410299392
652680551585837056
652619728922509312
652589933371228160
652574356011220992
652560276177293312
652523534107840512
652298983281287169
652287954975494144
652278278535839744
652264937864101888
652234776775012352
652197473235013632
652151491222900737
652108440937058304
651902707301789696
651895264484036608
651864799047872512
651852223928889344
651834431284469760
651814706001281024
651585326490648576
651562474626351105
651545898950914048
651532568995631105
651503345522216960
651472205084135424
651454534200332288
651426848715354112
651200349865250816
651172861046947840
651170134116077568
651140033932496896
651130770824663041
651094851153334272
651069243983704064
651064361054662656
650868106701619200
650837824091000832
650797804390977536
650747315137855488
650743003691155456
650733049768861696
650703742942089216
650701972400566273
650682111708393472
650510196259684352
650505823932715008
650474119918567424
650470504537591808
650466443188768768
650464793208320001
650463710150955008
650463699107315713
650463360161452032
650462698275082240
650462680868765696
650462242727563264
650461609895198720
650460671453196288
650460334302494720
650448341881360384
650428004284239872
650427719029657601
650427613781975040
650426913727492096
650415055910006784
650384854077476868
650369838422994944
650352965941919744
650341432386039808
650152520115838976
650113182862733315
650082965007958017
650068102793695232
650060002481205249
650058923597295617
650040291718598656
650032411950972929
650022193724702720
649998733883510784
649992459536076800
649948125952524288
649781022049964032
649771622040137732
649763182534262784
649754545396908033
649741538138845184
649738894930374656
649733818862010368
649729880582520833
649727718578237441
649719075971567616
649697259152474112
649694028456267777
649667532467515393
649663837327589377
649641970042736640
649614784996872193
649570562520432642
649403436484571136
649390873273208832
649380654866546689
649343520407461888
649312735256141824
649282540818198528
649266976938786817
649237364133396480
649207068377808897
649082452309209088
649078847892131840
649033980386279424
649010920291725312
648980676549681152
648951353725726720
648939271404044288
648919586683809792
648912916851265537
648874818524151808
648848500881408000
648693316503015424
648659767376785408
648633315818258433
648571362064228352
648567180229935104
648548949154902016
648512619679117315
648482257489956864
648372848315076608
648358978540273664
648358301139206144
648355762322866176
648354810844962816
648353685496401920
648352135768207360
648350748254670848
648350186868051970
648349599715844096
648347149332123648
648346783836303361
648345336461705216
648344524805181440
648344235314298881
648343131486711808
648342784915574784
648342391078846464
648340505374228480
648339781705863168
648317474530693120
648305438480437248
648301033488166913
648296069357400064
648287658519621633
648269046618550272
648257499930300418
648255328732057600
648242435982622721
648202968626401280
648195448646209536
648165269651636224
648135042670047232
647969099549569025
647938807338172416
647904880934305792
647893446208819200
647872552098918400
647855735976521728
647817228419596288
647812939613757440
647811564687364096
647810330983165952
647809528872857601
647809069466517504
647807753386221570
647806530490777600
647805284103000064
647805047934349312
647804045000749056
647802739028656128
647801532679741440
647800208869343233
647798950460682240
647797683810234368
647796943658205184
647796426190118912
647795973641474048
647795188149018624
647793944760201216
647792661336711168
647791855334088704
647790262777843712
647772689835266049
647591625405796352
647558568590241792
647545749304008704
647543091709149184
647522251143688192
647504616846823424
647496471793631232
647493512481517569
647486409419288576
647455737464012800
647247957507485696
647218820835209216
647213669005156352
647187655378100224
647185043048173568
647159861411647488
647145792558403584
647143339129630720
647140365862998017
647138774497923072
647136215561474052
647134369547616256
647132818720489472
647131333039288320
647128581512937472
647126539876745216
647124812507119616
647121439963787268
647120526775726080
647118075624468480
647117313456541696
647115644807221248
647114122358747137
647113543414771712
647111108910714880
647110093520027648
647109086052352000
647107450705850368
647106165235585024
647105595904954368
647104430098116609
647103156963274752
647102749541203968
647101282600140800
647100049994813440
647098987846078464
647097252876435456
647095533836742656
647093689005666304
647089689900412928
647078173042016256
647076891149516800
647071885214126080
647070476682989568
647048043691290625
646881785259782145
646844325364547588
646840995716329473
646833115365683200
646826560956198912
646818334860685312
646817220333408257
646792149514629120
646724570318147584
646720061047070720
646716841348304896
646697805646442496
646490169504174080
646444818877419520
646402873333444608
646398702404419585
646371836721127424
646361598202810368
646354212096360448
646349058404016128
646343615766138880
646308983737745408
646142368681299968
646140322058076160
646133214877126657
646130697933950977
646127905542541312
646105610287644673
646081775278534657
646028801986555904
645993550786637824
645749218397712384
645719148853485568
645677666008363008
645646348205748224
645643904134438912
645632883802030080
645628571919060992
645385517605851136
645339114913468416
645273679140552704
645264469925322753
644964247236149248
644906759031668737
644881877896007681
644677156551815169
644662371059826689
644626034361438209
644578146969227264
644526614177431552
644314838756290560
644233547406946304
644227576530014208
644198477761671168
644194065513349120
644162751397425152
643985831917588480
643946207832772608
643942632394108928
643938797982355456
643935574676541440
643914212662603776
643886149035954176
643861388776087554
643854483592728576
643848375834669057
643831516984967168
643821874997145601
643816631945199616
643802808035049472
643802678846357505
643538695606435841
643458349011329024
643454187833987072
643183704014065664
643114427449937921
643112396072972288
643106906182062080
643088177293496322
642847704071036928
642820088618332161
642789801624649729
642780701754982400
642758262815723520
642743225787092992
642684115871920128
642549580840570880
642545377908912128
642543503587721217
642541079749771264
642539480834961408
642537530244530177
642535350678646784
642531601503510528
642529731322122240
642527897408790528
642525083483795456
642521972136542208
642521063440551936
642519228969410561
642516480156823553
642514883959853056
642514132105752576
642511836198211584
642511307585916928
642509028589834240
642507444283834368
642505472239513600
642504087347425281
642501286743568385
642500758542270465
642499740085542916
642498972657938433
642495797641134081
642494702164553728
642494400812072960
642484986369564672
642480276543660032
642475102848684032
642470148134166529
642441020785885185
642437270927097856
642436138439839744
642435947724861440
642434770375303168
642433410804289536
642417298792296448
642415850658508800
642414649447616512
642413335703502848
642412580737183744
642411394671865860
642408317038399488
642407768029200384
642406219437637632
642405762937950208
642404473801838593
642402803197960193
642401551642857476
642399962018410496
642390804229582848
642382117540761602
642368177415000064
642367146090065920
642346811286421504
642339011374284800
642147103297277952
642103118377816064
642063187215450112
642021531929874432
642008444422098944
641750649823064064
641717771781279745
641646103696310272
641642273957126144
641596965692637184
641406225297469440
641393278709927936
641354001284333568
641314778527498240
641264661841575936
641257528043532288
641256017481699328
640946619232292865
640945832179568640
640873508973613056
640670386804293633
640636231500460032
640636171500974080
640634483742343169
640565173539893249
640283322862604288
640230455501950976
640222869796990976
639907793814749184
639875629563777024
639830394574012416
639622694846136320
639542033531600896
639213154283614208
639105518577954817
638848688614313985
638758249618108416
638573859428372480
638531808729042944
638503914703220736
638462133747888128
638108990937784320
638033556829171712
637761741959512064
637671103268151296
637433235538972672
637414784623755264
637356661552713728
637354016041668608
637307786934677504
637299502458605568
637071212682678272
637071091391795201
637051562284617728
637031609988870144
637029773701570560
636985009774002176
636978497156612096
636977310810312704
636972131486580736
636690777926557696
636675174226505728
636614141503893506
636300263947567104
635980174345957378
635640924438065152
635639595091144704
635638261583495169
635636813118308352
635629551230550017
635625771248189440
635622706818367488
635622208040075264
635621059815837696
635620328136290305
635619585908064260
635618987406000128
635496827127623680
635137002686447616
634847587967700992
634810050494660608
634805744190156800
634803623793307648
634779787836424192
634772011844247552
634530540981383168
634486029328777216
634455618091257856
634411239024693249
634167453522595840
634136368608731136
634130527134482432
634093283694759936
634084204322639872
634079244109357056
634063111763333120
634031651421421568
634030474722017285
634024158028939264
634014219612983297
634004307306680320
633991942561394688
633986792216092678
633926435531452416
633896231614320640
633852177593733121
633816101172842496
633771726934028289
633766868554149888
633752745556635650
633711441267302401
633680185615740929
633671650500739073
633436180478996480
633368487193219073
633322432925855744
633030187651764224
632946540105981952
632597699586494464
632315849055965184
632235805491093504
631887100334309376
631661488218836992
631612959614066689
631148127358054400
630787318379458561
630785905381408768
630570368017768449
630147822352924672
630068518365454336
630043990318931968
629824700869283840
629457243927220224
629412199358840832
629050175432953856
628550990338232320
628342271985856512
627987146721234944
626905142609117184
626799541237342208
626471137434734592
626117125715800064
626037078925557760
624761531520040960
624761366960705537
624745652979798017
624739548644245504
624731651453534208
624726731677544448
624610086145495040
624339104738725888
624299023315431424
623165986804346880
622192582672551936
622164168230080512
620978387167764480
620364647355383808
619929868394889216
619637460935389184
619637395760111616
619612934155546624
619334650750566400
619324357202964480
619320088798203904
619316344698245121
619309418505613313
618544723070824448
618510858004508672
617422699325816832
616593008905957376
615610726758002688
614478304079298560
613013610286047232
612005370773409793
611979349948919809
611576156563738624
611307938062467072
611263672703291392
611243682461696000
611229190130503680
611213959283150850
611205435782135808
611021362363170817
610799708034871296
609433779887697921
609110149718880256
608823764235608065
608823487138955264
608756204655935488
608742242535116801
608414617744863233
608349092499103744
608268048059895808
608109924384534529
608094830225326080
608091703333945344
608027075295846400
608021433231343616
607994228115783680
607988508846792704
607968768384327680
607967976411656193
607967641035116544
607967062468599808
607966436279975936
607965934670594048
607965521326174208
607965036451995648
607963953071714304
607963856837603328
607963260587900928
607962400118022144
607961704782163969
607961462657515520
607961355899895808
607960921420365824
607960554854957057
607960088943288321
607959562822418432
607959284660334592
607958500979798016
607958390686359552
607958065346834432
607957588047622145
607957260715704321
607956784980951040
607956578042408960
607956057655091200
607955606574481408
607940276942860288
607925314858020865
607902267501518848
607894257328717826
607733620208320512
607733195623170049
607651886951374848
607589293683384321
607580636589654016
601856273508732929
601840157935841281
