939257652432986113
939254641753075713
939247553702330368
939247538669883392
939239669815902208
939229569982152704
938995359308591105
938890833629126656
938514159905443840
938484706261135360
938407704753618947
938120716150456320
937798408953139200
937018549276590080
936323840531054592
936236077798395904
935599156365705216
934829117542866945
934104328490455041
933089655238533121
933017131561521152
931245664419291136
930493016325816320
929030930752094210
928321400275845120
927943728492244994
926486530398539777
925755236420947968
925497620113473542
925475005252513792
925453382495506432
925388977703608320
925175454830534656
925079910846291968
925029544112746496
925022657535340545
924667734306279424
924304913664020480
923988047485599744
923942569121329152
923625322540609537
923579988552667136
923388760108290049
923263077700767744
923217869319614464
922855792923078657
922492836586688513
921451123185278977
921406167569653761
920681583480377346
920318471124037637
919956144105201664
918869088775966720
917781798704234496
917419411987820546
916332251922812928
916328739948113920
915970114129940480
915607515924221955
915245480686292994
914112850720968704
913842100550225920
912717079471570944
912159740066541568
912159676707381248
912152545077862400
912141275469537280
912112482742759424
911991961594114049
911670269915283456
911666489928777728
911606205058920450
911360141471080448
911321966753210368
911281435788447744
911265983796453376
911258837478383616
910941782917111809
910903951687540736
910870184872763393
909811960664879104
908822247753752577
901478514691526656
894948924498165761
864216957192622080
861657421604765697
861470749940305920
779727196076187648
771731990559068160
771061284615794688
769231169980280832
768462967134310400
760263875606437888
760263516829855744
760263312462393344
760250398322024448
746387477376569344
726818540729176064
726167910276685824
726126785004339201
726126579399561218
726126450210824192
726124453340409856
725731341589843969
725033704935034880
724991509871742977
724268182718935043
723577163069300736
723572126842642432
722922884734169088
721121542722027520
721106338655248384
721079880918519809
721074915886047232
720771344279801857
720686517635526657
720369550559092736
720369359139397633
720369300750467072
720312552211615746
720280477215494144
719990680810958849
719990355291025408
719990169915371522
719927582611759104
717843472678400002
717415237570273280
715939338538725380
715625025735254016
714520129325834240
714089688449986560
713509968784134145
713508964915261440
713508769510985728
713421517300695041
712050299737780224
710512386264838144
709439578537496576
709031288716460032
707235449236955138
705078775139053569
704408554778660865
702885824577208320
702161209412313088
700828528435027969
698869376313733120
694946230674149376
692767770715430912
689141501612265472
688755473873436672
684437841506521089
684437755791716352
684433810503536644
684128278735491072
684117650033618946
684117459608076288
682999742414979072
682614588345552896
682258390349778944
682256271135801345
681852222565564416
681527924327985152
681234875593043968
680917012877422592
680871479530008576
680783411250769921
680562159835676672
680462117875523584
680126572003627009
680102301344731136
679783619334811648
679783340526809088
679769917923590144
679768929493889024
679768778742222848
679768561921818624
679734618250059776
679468076753002496
679459497820041217
679399270546472963
679399165508517890
679392632603209729
679015793963634688
679015620352991232
679012561497423873
678707957203255298
678651219343114241
678347355872104448
678346384559308800
678033494665072640
677957112878632961
677938563900506112
677923957589172224
677641494531022853
677641444757237760
677596587351085056
677596134706044928
677596062681436160
677593505087098880
677562999339552768
677548167026466816
677277114500972545
677230792968298496
677219271940804608
677219144232624128
677201564008714241
676933866448412673
676925242812551173
676916808746721281
676889291608432640
676889178278334464
676889145269215232
676888987076837376
676888805933244416
676888749171699712
676885594253856768
676873562158792704
676848796471529472
676848701864861697
676839867578380289
676571141788467200
676567407536660480
676499519966547968
676486655063162881
676470751348678657
676204983025451010
676144622922412032
676114412994957312
676094696616144896
675875757466357760
675871530165776384
675869896425648128
675869040284315648
675865641623011328
675864040590020608
675863479866155008
675863428481716224
675863219315933186
675858851103506432
675858034673881089
675857947604324352
675856532718813184
675856396554887169
675854840216457216
675854539522609152
675851930845884416
675851907181641728
675850190155223040
675850025826516992
675849931765125120
675848407257190400
675845686680666112
675845133665890304
675844786843095040
675844366695464962
675843114301456384
675842537710444544
675842434014646272
675842370844278785
675831264872521729
675827527605088257
675812424012849152
675797313906839552
675782265947852800
675767154424213504
675765812569894912
675765495702810624
675765126566297601
675763336261165056
675752041310908417
675581904901373952
675579886161944576
675579597166010368
675579329913360385
675579008864555008
675578164656009216
675574378101280768
675574223406936064
675573603480428545
675573366821031940
675573259316813824
675571596996665344
675571025195630592
675570163874271235
675569738693525504
675568725966237696
675566994398175233
675565997873487872
675565709804507136
675565282253922304
675564419904999424
675563160015781888
675562730313539584
675562072323653634
675561271027105792
675560927794626560
675560658440589312
675559880757895168
675559273607270400
675558037474570240
675557802576752640
675557523777171456
675557282092945408
675556616809222144
675555765281624064
675555313659981825
675555111926521856
675553846144315392
675552026651000832
675551286616428544
675550751549087744
675550271280316416
675549510630641664
675547571432001536
675547315944341504
675546399988039680
675546087843753984
675545630098350080
675544967184433152
675544153703362560
675543854280380417
675543552030457856
675542883777183745
675542752185073664
675541594238423040
675540967600996352
675540851511037952
675540298924093441
675539161957326848
675538312111587331
675537272440098816
675536507902386176
675536465472839680
675533769869103104
675533404499083264
675533277491400708
675532423094865921
675531936211730432
675531653326856192
675531376804814848
675531051016425473
675530429034663936
675530226407858177
675530100977242116
675529649720455168
675527473514217473
675527253321641985
675526944591515648
675526347091869696
675526090744434692
675526022209519617
675525319479058432
675524176187277312
675520972267511808
675520467961143296
675520277988544512
675519426280558592
675517823343431680
675516627769622528
675516551072624640
675516264761049088
675515575100039169
675514399851806721
675514156947083264
675513139052482560
675512832654336000
675512721928937472
675512587665051648
675511274873077760
675508256882593792
675507979655897089
675505432287305728
675504854660333573
675504765963386880
675504243554385920
675503743232675840
675503607807016960
675503152989245440
675502998294888449
675502829516234752
675502784079200257
675502697827594240
675501653085130752
675501176675131393
675500649434374144
675499349657321472
675498708381765632
675498002304208897
675495537496293376
675493813456998401
675492467664293888
675490425126260737
675487287195471872
675486944051068928
675486596179693568
675486292952530944
675485576930267136
675484970765324288
675484798039678976
675482936578207745
675479590781906945
675478867419619328
675478623986446336
675478293030670336
675478114789548032
675477971956727808
675477929111916544
675477152926580736
675477008319561728
675476911653433344
675476851641491460
675475424072220673
675473812792578048
675471159471681537
675466727489056768
675465185398624256
675459843881197568
675458811793051648
675457380356780038
675456993214107648
675456483195129863
675451388361445376
675449687743135745
675449491231641601
675447505178398720
675445591116152832
675444139626860544
675443225159536640
675442876654813184
675442544667467777
675441534456700929
675441266503610369
675440959467876352
675440508739657728
675439659548286977
675439292764823553
675439047033102337
675438859161878528
675438554101768194
675438347242905600
675437640624250880
675437451905748992
675437267327049728
675416871017943040
675416591287193600
675407347833921537
675406039940861952
675405725942702080
675405121296052224
675389696638214144
675072832020312065
675072568240435200
675051120226656256
675016197134409728
674741576405352448
674740320240689152
674739054856900608
674738802619904000
674737923527348224
674737796494462976
674736789324627968
674736437334437889
674735285008072704
674735252523245568
674734396285435904
674733769769664512
674733491649568768
674732959870509056
674732745700970496
674731977770033152
674731756847697920
674731515926843393
674730260936560640
674730247909019648
674729665823531008
674729465423892481
674729110669623297
674728244877242368
674727878097895424
674726723401859072
674726303573008384
674725238060417024
674724721552846848
674723955677069312
674712441238908928
674710130206703617
674663081306226688
674651566259855360
674408428224118784
674379443817701376
674363087726637065
674307679980949504
674307341135699969
674304835492012032
674045768932581376
673985756617039872
673981886608224256
673971245096943616
673947202075537408
673668251486842880
673598237895294976
673578198358081536
673562622336221184
673535715632791552
673320978412265472
673230414912217088
673212144444280836
673212091675762688
673212037992869889
673211978605682688
673211918228701184
673211890009399296
673211843188396032
673211802281381888
673201203329687554
673201049688137729
673139814015758336
672958612185083904
672909150146301952
672906184634970112
672869472827387904
672868020184748032
672861539121041408
672861409902923776
672852761331957761
672837867614302208
672822761669025792
672574861697351680
672566236438396929
672565250877599745
672564728175005696
672564223872917504
672563655871873024
672563469292462080
672563082250477568
672562709083254784
672561958306996224
672561450791997440
672560705648766976
672559900803796992
672558442238742528
672557955624005633
672556423323127808
672556055331667970
672554993828794368
672554156935090177
672553420088152064
672552145514704896
672550912473231360
672549628034744322
672542447113670656
672542319220944896
672535821753315328
672515430028697600
671813003285630976
671797961928474624
671797887165063168
671790607967215616
671442391535087616
671407048706416640
671407008998903808
671399270088630272
671057797979607040
670708773778882561
670319240482680832
670293964713406464
669954302794792960
669908532485996544
669606931296710656
669596866430955520
669596840778579968
669590582646276096
669251410756657152
668874769387819009
668474056237150208
667779495110164480
667436617855066112
667436498162184192
667435797793128448
667055163421536256
665266113807159296
665266058631053312
664510926280749056
662400033627598849
662047745163657216
661608864681361408
661597381658476544
660448689152917504
659376583539425281
651444925578350592
651184797222481921
650777534611587072
650747345664020480
650686902064971776
650369808127496192
650343410755203072
650105711674847232
649746591968968704
649728924038004736
649699496595591168
649365676927287296
649298080504803328
649256587819769856
649035626159837184
648627334765895680
648240826250735616
648210822959775744
648180365597605888
647848235361419264
647537163404378112
647519032325701632
647518765953904640
647518493592518657
647515877391269888
647486348220194816
647457334470438912
647184364892123136
647155795583369216
647124685046439936
646830362308403200
646828829105778688
646826683970879489
646802139184893952
646801848813273088
646801473146257408
646800949055348736
646800531256553472
646799930351157248
646733559370088448
646480671427293184
646479951391121408
646479799699963904
646455084264460288
646442731196190720
646442560014036992
646442098766426112
646441156671221760
646440830475964416
646440451541614592
646440059042840576
646439653294239744
646439350532599808
646438455614926848
646431260882046976
646138250684338176
646108336140648448
646108033018294276
646107633481416705
646107467412148224
646107025231900672
646106554479960064
646101820280995841
646051799942598656
646027191495475200
646009484708442112
646009253203828736
646008865788592128
646008214048276480
646006930402467842
646006716581068801
645780726588116992
645780690504581121
645780612029116416
645780320847966208
645779953376595968
645779879758135296
645779213241286657
645778937512132608
645767221294198784
645766972404183040
645766596141543424
645766478902398976
645765456754642944
645765093381177345
645759740690042881
645759640882405377
645759472770510848
645759388955705345
645753906606149632
645752982068301824
645739515210936320
645739453437210624
645734455458467840
645731417721180160
645730719315046400
645729036447019008
645728951176794112
645728185624064000
645727330283843584
645721950812180481
645721709765464064
645721394727141376
645714347012960258
645712066184019973
645711601442516992
645711256783974400
645708845495414784
645706651425599488
645706552406446081
645704315609350144
645703257076051969
645701983093919745
645698606939291649
645698110224658433
645694476288024578
645691318807609345
645691098099118080
645690514545618944
645690343627747328
645689891947311104
645680108561301504
645677338831654912
645674947486969856
645672936997695488
645664709547462656
645662433550274561
645659966083174401
645656184695861248
645654768690425857
645654611773120512
645653929758294016
645643875688681472
645641527134294016
645636918340812800
645634210976296960
645630781587460098
645618412916379648
645613579392061440
645611642747666432
645610779291463680
645609438137610240
645604224701628416
645603544553287680
645603404669063168
645601880677072896
645599559071039488
645598342404116480
645446703445704705
645446130298286080
645445992926441472
645445851549007872
645438503640133632
645434454220009472
645424977714409473
645424760906629120
645424684125720576
645424441304846336
645424296794304512
645423736254918656
645423560031236096
645423292547907584
645422287026450432
645421394419777536
645404999321694208
645396252457172992
645396080926961664
645395947120234496
645395774197526528
645395601882943488
645395521213853696
645395292485873665
645394785759444992
645394400944615424
645393832662536192
645393763179761665
645380297735864320
645380144996073472
645379657978613760
645378213208682496
645377138351210496
645377020105330689
645375938453110784
645375536227741696
645375374210134016
645371890836443137
645358781501587456
645357009341026306
645351566220722176
645351196065054720
645350043503886336
645349407932616704
645347007586942977
645345335447977985
645344327305142272
645342843712593921
645341631797854208
645336486062092288
645334808906731520
645334041550438400
645332083154378752
645328203117015040
645326644513640449
645324852350447616
645321658299887616
645311439855484928
645311279662428160
645310579226218497
645310462410682368
645310024781164544
645309771407429633
645309668949004288
645309451562455040
645309275309342720
645309214492000256
645309104353734656
645308425522384896
645308126086860800
645307956775383040
645307848033878016
645307403601207296
645307205147717632
645307137527123968
645306986658066432
645306903732482048
645306814809042944
645306635288580096
645306412365578240
645306263698407424
645306182471540736
645306119909302272
645306030155366400
645305619419758592
645305464008241153
645305276099223552
645305204695416832
645305124307341312
645304891590619136
645304779074174976
645304723386400769
645304636044279808
645304406053797888
645304313695199232
645304180375064576
645303922165288960
645303805324619776
645303741629894656
645303448573865984
645303386833686528
645303288687013888
645303171703685120
645302936545824772
645302805033410560
645302663437926401
645302363436093441
645302214697730048
645302091917885440
645301913471221760
645301621258190848
645301561321635840
645301491213819904
645301097305763840
645300958956662785
645300872319135744
645300746905260032
645300520488452097
645300268335165440
645300178912587778
645300122742448128
645299812007473152
645299674593648641
645299602606829568
645299377301426176
645299301250236416
645299250654396416
645298789046071296
645298674860355584
645298476587180032
645298038081130496
645297844136480772
645297447028199424
645297222070833152
645296303790919680
645293402230120450
645291097753673728
645284354176888833
645281310794104832
645278188466143232
645276997493518336
645275803605831680
645275595027251201
645271342615433216
645270138321702912
645269925104234501
645268809322926080
645268766494887937
645268615621574656
645268504753475584
645268240181039104
645268161030324224
645268015391477764
645267129374105600
645251034156142592
645079930036875264
645079197027700736
645079083429195776
645078600195047424
645078448323489792
645078386075807744
645076586161504257
645076259844722688
645076115770339328
645075463019237376
645075334841241600
645074433783148544
645074348391297025
645074099778129920
645073850498084864
645057934087450624
645057767531634688
645057740050567168
645057495338082304
645057464266653696
645057223639498752
645057099827777536
645056926640832512
645056818385846273
645054865010388992
645046988564594689
645043369173872644
645043008983855105
645042811973189632
645042666044940288
645042524302635009
645041741750362112
645041255584436225
645041128358608897
645039147594313728
645035492069642240
645035023855325184
645029930158309376
645022471960199169
645020809585541120
645020222299074560
645019827581530112
645019014066913281
645015592940888065
645007382922194944
645002144387493888
644999994106228736
644999617327710208
644999484624113664
644998899279597568
644991281848934400
644983984808550400
644982941236391936
644982431368384512
644982208579547136
644981736451870720
644981350617866240
644981127271215104
644975145707110400
644971830361493506
644971063617581058
644965788546400262
644965368549769216
644963601934090241
644958915558412288
644954400977391616
644953356503420928
644951623056297985
644945705128194049
644942075264282624
644940816444555264
644940623921811457
644940391121207296
644933609627906048
644932025091158016
644931838436204544
644928696432783360
644927868582031361
644921863567638528
644921607215968256
644919995340746752
644917519531175937
644916222790778880
644915270050418688
644913893848911872
644913700898406400
644913147803930624
644912682735239168
644911915450241024
644911093698002944
644910286399410176
644907616066375681
644907304790323200
644906893073231872
644906738517348352
644906511471243264
644906264917512192
644903679221366784
644899666002210816
644889205777108992
644702311000895488
644684588913000448
644676638563667968
644669295469793281
644668698079268865
644668550049697795
644665191838257152
644663015174881280
644659367896219648
644659286287642625
644659167077109760
644658865787695104
644658745520197633
644656084121071616
644651416636649472
644646601026236416
644646447162355712
644646345274298369
644646126654615552
644642518156443649
644639793146531842
644639399917912065
644639329227112448
644639210071166976
644639035592306688
644638453754281984
644638336292814849
644638101118263296
644637500229595136
644637410693906432
644637147593441280
644637074461605893
644636996858740736
644634651970154501
644634543786475521
644634400114786305
644632840307646464
644620129410547712
644619982421258241
644618968838369281
644618798713192448
644604750491709440
644604634263367685
644603764066897920
644603430007234560
644603314840174593
644603208346669057
644602971779559424
644602884320051200
644602604606066688
644602108168249344
644587133055959044
644586218185822208
644585882662604800
644585653573914624
644585526876631040
644585372203126784
644585224261750784
644584690444337152
644582705661739008
644582513071943681
644582381442105344
644582268565000192
644582142329008128
644582019486216192
644580868107796481
644580711316393985
644580537961545728
644580394176610304
644580122113105920
644579985269747713
644579818969804800
644579658852249600
644579512756232193
644579341699936256
644579067929321473
644578920033943552
644578694363615232
644578581155151872
644578445612048384
644578214723977216
644578118607306753
644578002697752576
644577857079914496
644577726112796673
644577598689800193
644571580392013824
644562642489622528
644562539687227392
644562187734773760
644560887903158273
644560646479024128
644559872474812416
644559339085131777
644559027628699649
644558960733716480
644558287774482432
644558240810864640
644558145419800576
644558009700511744
644554447947853824
644551493484326912
644551111941091328
644550947771813889
644550714266513408
644550209884651520
644543148392255488
644526233133252608
644360204289642496
644346441285021696
644304464493481985
644304298680020992
644303853802799105
644303738325237761
644303564337123328
644303339371429888
644301285844389888
644300948819415040
644300389769080832
644300094070657024
644300005663096836
644299652485898240
644299356074434560
644299070215815169
644298789382033409
644298149314494464
644297920615874561
644297666914942976
644297459980570624
644297317000998912
644284112274980864
644279918134562816
644279841278201856
644279763633180672
644279379904692224
644278436769337345
644277049348108289
644276917995073541
644276364581867520
644274950711304192
644274671861436416
644271969278427138
644271803964133376
644271547272724480
644271369123856384
644271174281621504
644270077257236481
644269682548051968
644269592446021633
644268205368737793
644267634117120000
644267497894445057
644266824159268864
644266251628343296
644265197159321600
644262713355468800
644257249980911616
644228077506002944
644227783116230656
644227599451860992
644227127798161408
644226787145224192
644226590507798529
644226490243026944
644225169347575808
644225022983208960
644224579779457024
644224408702185472
644224063594852354
644223472290304000
644222983041515520
644222644305264640
644222186148921348
644221871160868864
644221304560730112
644220661464895489
644220288880676864
644219897837326336
644219561324118016
644218843221483520
644218480410017792
644218219222331392
644217496422080512
644210403992440832
644209121005207553
644208750585249792
644208324993380353
644207774700736512
644207539412824064
644180361174515712
644160678777851905
643965424774725632
643963635367346176
643962849362968576
643961790037004288
643961538919854080
643961245863809024
643960165536940032
643959961253384192
643959471698370560
643957211438256128
643954588433776640
643954474705293312
643954452144123905
643954235088834560
643953842359435264
643950311950778368
643949710735077377
643949522113052672
643949075553894400
643947636089733120
643943990308417536
643943441773125632
643943273459945472
643943208892829696
643942987240570880
643942779878400000
643942590786572288
643941742283124736
643941474724241408
643941249569812482
643939833191096321
643937945561399296
643936624888311808
643936365449601025
643933888700551168
643932919711428608
643932769349824512
643931188843843584
643930480207724544
643929834205216768
643929008057421824
643927907732074496
643925216570138624
643923981246959616
643922793298464768
643922601920720896
643921153766002688
643919370146582528
643919174402600960
643916837604864000
643916618909675520
643915102958174208
643913870067675136
643913765876973572
643912741531488256
643912281122697216
643910194578112512
643908481745989632
643907711604658176
643906583399763968
643905795164209152
643903325671321600
643903279768961024
643903032904712194
643902602233577472
643901331351056384
643901180192518144
643899029198209024
643898930225246208
643894093412630532
643877990196097025
643873804150812672
643870198903275520
643862901124694016
643856718833819651
643851687216742400
643841930691018753
643831904509124608
643830027755241473
643829881483104256
643829127959605248
643828069585694724
643826052683296768
643825465916960768
643825325655232512
643825032095895553
643824812507332608
643824474853212160
643822704689213440
643822586745389057
643819106077052928
643816999148126209
643816486117621762
643816259168002048
643815263704514560
643814464337281024
643814345802059776
643812216995602432
643812027387936768
643811548813594624
643810836578873345
643809274313834497
643807599847038977
643807427729592320
643806704602255361
643802679261577217
643801552868671489
643801320898494464
643800861592805376
643800694911139841
643800363917676544
643800171218767872
643651431086452736
643651116832419840
643647608913657856
643644157190258688
643640610243547136
643574014871404544
643532475474575366
643516487521673216
643483904066764800
643478834663153664
643466184923332608
643212844234702850
643197543455703040
643190250223702016
643167304042201088
643152289931202560
643103247247343616
643091595814764544
643080581476057088
643061779312934912
643047157457485824
642838588393025536
642820081186025473
642805077535625216
642789852111466496
642774799542939648
642759636077015040
642748562535657472
642729478892875776
642714318652346368
642521831979638784
642495886098956288
642481066125619200
642442383410360320
642413132929896448
642409931019149312
642406477622218752
642398019522965504
642371995095568390
642144924356349952
642124112609984513
642119595931754496
642112359578767360
642080995768819712
642080808044400640
642078290639892481
642052562540036097
642051864712777728
642047185811456002
642038501693743104
642038170725449728
642035490883895296
642027124258308096
642021160700411904
642005380004904960
641989615423918081
641780032289964032
641779702399561728
641762964903587844
641753436812279808
641745602993229824
641722041465311232
641677853289918465
641651315861393408
641645259131215874
641631044756606976
641390580472221696
641352542484434944
641327559465168896
641309976670130176
641301042244661248
641295775968825344
641027815152877569
641024684788547584
640952811501391872
640952785064738816
640949673184784384
640917274941984768
640615866183233536
640560180384522240
640268253525184512
640238061276676096
639952097539047424
639899827405516801
639825177837072384
639547004331290625
639542307436408833
639541157295341568
639540942647619584
639540798602608640
639540570809958400
639539732150489088
639539562650320896
639539164711546880
639495078319292417
639486519846154240
639210675764596737
639192987298234368
639181846987739137
638905084143800320
638901190177128449
638897873287933952
638887470319271936
638849491664146432
638820577365524483
638794408238911489
638765079677169664
638764047396048896
638757093139308544
638756399921541120
638755961398693888
638755789889343488
638755315870138370
638755168507465732
638754249812262912
638753846768988160
638753690086584320
638753543332081664
638750464826195968
638731653150437376
638588310508535808
638588117453135873
638588015393161216
638584248698474497
638584231921217536
638403885300756480
638139180057432064
638116641759363077
637731576722276352
637327550193135616
637317575878115328
637308727855415297
637048822225485824
637048664200888320
637022754198257664
637010133109706752
636955844706340865
636937841470128129
636695736588046336
636620491072016384
636616250601279488
636574918662946816
636571982687956992
636569768015691776
636568670039240708
636567006964133889
636566849207975940
636565151949287424
636564677246369792
636564353261572096
636564231886794752
636561506977513472
636325202272489472
636206471395434496
636005824607813632
636005732698095616
636004217874833409
636002064091385856
635996449088471040
635996399276965889
635995472830664704
635994249004056576
635994075234045957
635993923953954816
635993665702268929
635993188163948544
635992980743000064
635991832418197504
635988911940964352
635987379489083392
635949714848878592
635633710453293056
635609986605776896
635285988860755968
635285956426252288
635285930350243840
635285725949243392
635285579698012160
635282663826264066
635282432099356672
635282403393581056
635282351648473088
635282036631040000
635281625014661120
635281096171630592
635280544863903744
635280415368986624
635280248217579521
635279848873701376
635279485177204736
635279341899767808
635279024487403520
635278297153171457
635277894328020992
635277487061073920
635276702315188224
635276387905998848
635276262106238976
635276138743382016
635275637951889408
635275229514698752
635274639799791616
635274572829360128
635274428817891328
635274299683663872
635273863408979968
635273691241181184
635273655694458880
635273184757989376
635272957506424832
635272759619158016
635271972612517889
635271806543224833
635271739077865472
635271380850708480
635270467276771329
635270060529946624
635269688239329280
635269665472688128
635269587748032512
635269467799334912
635269265101205504
635268983617224704
635268896992268293
635268647766749185
635268550450544640
635268224955772928
635268078276730882
635267995699277824
635267639984566272
635267606233018368
635267173967986688
635266921118629888
635266850398474240
635266674392829952
635266622802956288
635266213627559937
635266035042484225
635265347654844416
635265250246291456
635265096831229952
635265008633450496
635264834691448833
635264513147731968
635264214488125440
635263886627737600
635263591692681218
635263453523894272
635263389963390976
635263328013561856
635262853168033793
635262776886235136
635262692060606464
635262673114914816
635262497658830848
635262415752400896
635262240254398464
635262183262191618
635261973928656897
635261814155046912
635261775387095040
635261536559173632
635261184241864704
635261004008390657
635260801016709120
635260498431205376
635260118007869442
635259813455204352
635259447267360768
635258862656839680
635258684067573760
635258665973387266
635258649426837504
635258532648976385
635258356106551296
635258261172649984
635258164691103744
635258030959931392
635257979206414336
635257928232992768
635257777791721472
635257562686881792
635257494554566657
635257384517046272
635256834127884288
635256441515864064
635256380421607424
635256113189883904
635256040552951808
635255857912020993
635255619440676865
635255590634176512
635255409457008641
635255290431082498
635255150832021504
635254502099062784
635254449196306434
635253797363683328
635253770553704448
635253706976440320
635253620003356672
635253344978604032
635252945941041152
635252329172742145
635252002658775041
635251704913465345
635251537309102080
635251469822791680
635251035678707713
635250044443095041
635248716706746368
635248490382127104
635247682290741248
635244820991094784
635244601524154368
635244533295386624
635244161415839744
635244072249114624
635243157014220800
635242893662400512
635242492762320896
635242225639624704
635242036942106624
635240102269050880
635238776973889540
635238143080312832
635237311769214976
635237107267538944
635236619872694272
635236342004211713
635236243228352512
635236030761725952
635235972599287808
635234459751591936
635234033190834176
635231177524178944
635230967758635008
635230709485928448
635230589549830144
635230255364440065
635228127224967168
635228023441092608
635227256835588097
635226201523523584
635225314184966148
635213710588424192
635164707607810052
635132271842885632
635123579978289153
635123117648576512
634940609598464000
634920515522592768
634909594926497792
634909505197768704
634909048861650944
634908312853569537
634908171547443203
634907907075665920
634907681220747265
634907510680350720
634906540974039040
634906375215169536
634904418110959616
634903480616939520
634903152815308800
634899907401265152
634899583450017792
634899101704847360
634899005789487104
634898143943917569
634884114164781056
634883832102043649
634883354475663360
634882726592581632
634882657025810432
634882317773725696
634881337514590209
634880997033533440
634880359692242944
634879456847380480
634876564803457024
634873356983005188
634839702600724481
634838514815791104
634838221810085888
634837719781277697
634837145820139520
634836769372934144
634836204484071424
634835820000612353
634835416277872641
634835019853230080
634833021774925825
634830977634689025
634830165676195840
634829386907152384
634828781807472640
634821372754046976
634818676483489793
634794555137626112
634790004636581888
634787266682994688
634786898016268288
634786677043523584
634784909173891072
634784463235317760
634783520016064512
634783115374931969
634782057483366400
634780940791902208
634780151302254593
634779613978300416
634778043165315072
634777737694216192
634776676652728320
634776340894457863
634775821937459200
634775022423420932
634774681996947457
634774399531528192
634773240980893698
634772603173998592
634771482225299457
634739866731810816
634739064088821760
634735995565436928
634710902479024128
634560745917693952
634531037075390465
634502985901580290
634479202104819712
634443376956276736
634379409512787968
634378879797301249
634378355047952384
634378132951162881
634376881001771008
634376633571389441
634374909506928640
634374513153576960
634372956437655553
634372640669483008
634365968546828288
634363019045158916
634361916240957440
634359066505048064
634358459379531776
634357542798233600
634355130456866817
634354929721733121
634353852339236865
634353429150756865
634351203879530496
634156327309217792
634143108389666817
634135124058046464
634112328619786240
634068493672034304
634048602533335040
634032377711300608
633808924462870528
633435917898788864
633413324382728192
632929895350276096
632576717819768832
632233831865585664
631907947652640769
631610222495162369
631260469836124160
630151617426227200
629408751670276096
629369968602312708
629369259408424960
629360818296090624
629360500690812928
629352401628217344
629351913507672064
629347701965082624
629344839998550016
629344015792623616
629341854912376832
629339067952447488
629338566540181504
629337511752368128
629334984935931904
629334509628985344
629321094990663680
629058146997121024
626516197333340160
624745293708312576
624646704717914112
624641124972376064
624637773295714304
624630709274046465
624413086124867586
624404642684743680
624403022290907137
624400187297955840
624397694807642112
624389006474760193
624386131245834240
624384646902624256
624383263130406912
624381988695314432
624381872332754945
624381673652781056
624379638073135108
624379365535649792
624379192432570368
624376177340186624
624330134040907777
624018017848930305
623990437821313024
623931764348563456
623840061126082560
623651966862905344
623568170217967616
623478405493735425
622465998227005440
622185874776698880
620358072200855552
620074953610629121
620065368854237184
620065150641442818
620064317891743744
620059916120666112
620059121643958272
620056929025429505
620056059709788161
620054984453820416
620053456204644352
620053312855867393
620048686622470144
620043035372433410
620040929039089665
620040397151076352
620040256801222656
620040079008882688
620038004090929152
620036778049679360
620036265438674945
620035811321327616
620035369770225664
620030546760970240
620029660802383872
620026288380624896
620026208210718720
620026055273807872
620018957739626496
620017754335088640
620016551907848192
620011002722004992
620005139387027456
620000463845339138
619998942156042240
619978214723596288
619965715559284736
619962415950643200
619955844352860160
619942897748611072
619938339794214912
619918808254251009
619566925123682305
619534817625948160
619380265656254465
619380131983851520
619380059640475648
619374276911599616
619374199220539392
619373925416329216
619372215734173696
619369059709095936
619368742066085889
619368377463615488
619368008218075136
619367738339790848
619366498637746176
619364628007514112
619352388273483776
619348355248861184
619344807480000514
619341457158049793
619327522379935745
619326608810192896
619324321534586880
619323084282040320
619322538674368512
619322281458733056
619321698580443136
619315354565652480
619303630668087297
619296887166779392
619294831752261632
619294761438973952
619294455653240832
619294198701801472
619290135117430785
619287490566852608
619283792025403392
619283551955988481
619282372475813894
619266894923563008
619266507139211264
619266265635405825
619252101655334912
619242085581860864
619229795834986497
619228512990404608
619227640529031170
619227520005722112
619225998253531136
619224199597551616
619222775224475648
619222437612384256
619217832983851008
619216286283878400
619215684476764160
619215414942412800
619214816645939201
619202142017073152
619179231734423552
619178950401458176
619177104857391104
619176779454922753
619174527591800832
619169198309150720
619151328258818049
619151167113670656
618973952249954304
618971063028879360
618951781263867904
618950418882654209
618949683776335872
618947966368264192
618946125999927297
618918561923215360
618838873515257856
618636273771646976
618154543570771968
618127343492595712
618110686615318528
618110064755277824
617709712713191424
615922462933450752
615921881116315648
615914857477505024
615713435746091008
615713182326206464
615712329997508608
615711981358551040
615711158968844293
615710608525168640
615708998776434688
615642274102272000
615308540006117376
614179396081979392
613092859642642432
611976491371343873
611316071451066368
611313037065199616
611311794095812608
611311247108255744
611306916963315714
611303146430857216
611219107610951680
610542254004908032
610245234199429120
609091709427777536
609091276407865344
608790823656787969
608787039593504768
608748183645061120
608746138854772737
608073680036323329
608071285478846464
607290962113527808
606982610653343744
606884572614098946
606881809633144832
606533226941808640
606532878206398465
606261197462106112
606259387921895424
606259007423025153
606167246809886720
605533454558568448
605436267690483713
605435904883179520
604392770837434369
604071889019916288
604071710585847809
604051017144000513
604048950367133696
604001825507794944
603976338697883650
603975834676809728
603974828379406337
603974316112248832
603634408847990784
603346377142239232
603346215825051648
602915280818339841
602583688698728448
602515692508749825
602172225320394755
601869971656876033
601836559587876864
601462443869474816
601161027661750273
601121995539906560
601102201776254978
601092638075265025
601091656071282688
601086400033755136
601080743037566976
600832626983903233
600818154852384768
600815426243665920
600809325150404608
600809006311976962
600808703663603712
600807264069373952
600806905049534465
600806510470385665
600803618778841088
600802288874037248
600796576051699712
600796391829409793
600796196714643457
600795492218376192
600794195276632065
600793849779228673
600792266970562560
600789193925627905
600723408272302080
600690359543271424
600687848732422144
600687022634881025
600686740391727104
600686011882934273
600684677045825537
600683973111652353
600682367779545088
600679565065789440
600673875651760128
600671096753393664
600669527509073920
600669326065180672
600668474994626561
600666693275254785
600665769597399041
600662518445506561
600661103501160448
600660304175898624
600657215972712448
600647431781363712
600453842090622976
600446996026011648
600443961975525376
600436588867407872
600435098190643200
600433902520389632
600428751055233025
600424326630739968
600420227243872256
600418631336402945
600415846054268928
600412505622466560
600410038402813952
600407538442502144
600397249974112256
600335453728870400
600035603988643840
599394608427044864
598651285932363776
598281434722250752
597962481152069634
596730160558116864
596020885573603328
594184692716294145
593811129236762625
588853636626690048
588024476278902784
587425756789153793
587419253269143553
587415124748578816
587412751019937792
587407304883994624
587407243517169666
587406484046118912
587406330236801024
587405843701739520
587396556396961792
587382896131878912
587314250432913408
586588356890337280
586248297913966592
585230716050526208
585230569069486081
584921315733184512
584747381947662337
583750283253002240
583690426248372224
582970437547790336
581878428632100865
581218074679996416
580815721254363136
580429027263004673
580080270440706048
579059856457400320
579015744983146496
578979372658397184
577877751882907649
576063877177163776
575767806978842624
575715141322338304
575364799401357312
574298610319278082
573966355621249026
573920897305739264
573603933651775488
573578556497768448
573191059750068224
573191020264873984
572818916688322562
571023149589880832
569995392613380097
568488054987616257
568101389781618688
568101356067799040
567862003177369600
567797261977067520
567797225859862528
567797192741666818
567797154745425920
567796565282156544
567796514647339009
567796466485346304
567796333827923968
567796153896472576
567406849222144002
566655667247661057
566356177122889729
566326010379919361
566295960116928513
565597083168964608
565581904112795649
564725398110359553
563464099640516608
563397831088558080
563081527463268357
563081468692692995
563054924997857281
562785278453354497
562695814557204480
562691536413286400
562391532594933760
562325010941890562
562324795837005825
561840524198686720
561237433820254208
560975919838285824
560975865748541440
560930703878000641
560916196078272513
560607256819937280
560607230022529024
560556545075724289
560506062881562624
560144368909029376
560140163108462592
560140149053341696
559900086906281984
559859873144258561
558716739186200576
558391725815627776
558389147648274433
558332224848683008
557620286078849024
557620122488410112
557620074019041281
557619842988404736
557592992232394752
556265018438594560
556133839471271938
555787929545490432
555460904465096705
554804822008811520
554804747798994944
554804612419444737
554731213592596481
554718566641979392
553620195139276800
552240166027268096
550698023039143938
550020822962667520
549293724300111872
548932080948621313
548893304403025920
548568944638840832
548514004327354368
548146209953546240
547844209143603202
547811056320405504
547561312306212864
547560855299031040
547558528236273664
547556011737751552
547554772702609408
547554753316532224
547554615525257217
547553495901954048
547553376154570752
547553330445045760
547552236490878976
547550978795261952
547549724786429952
547548461785042944
547547205368684544
547546816934211584
547545945794048000
547544687846760449
547543428976750592
547542180034641920
547527081614004225
547519525571162113
547472894440132608
547447832265752579
547164625775521792
547119509660643328
547092426196652032
546776926463881216
546749462194819072
546409755334303744
546382891148935168
546136506117529602
546136020073197568
546134913552904192
546134787052683264
546134501978435584
546134461364961280
546134392993628160
546134122540724224
546133791316537344
546133611527675904
546133418900062208
546133342731505664
546133213823791104
546132705126019072
546132621151854592
546132540256305152
546132452389814272
546132009827852288
546131959366184960
546131742629720065
546131429084495872
546130454043049984
546130218558029824
546130148647391232
546129485016227841
546129106161524736
546128397361885185
546128133322059776
546127378838073344
546127239360704513
546126995101188097
546126616980496386
546126394455887872
546125986962477056
546125587983515648
546124501923028993
546123908898770944
546123727235063808
546123543612624897
546123395243327489
546123178594951169
546122846439608321
546122183324364800
546121854025359360
546121721908973568
546121377971834880
546120505527246849
546119982954729473
546119447694417921
546119191493763072
546119120593244160
546118602584117248
546118462498557952
546117350970236928
546116851529314305
546116646931144705
546116614123319297
546116228784222208
546115579484983296
546115535709040640
546114778515505153
546114763059519488
546114120768946176
546113935746007040
546113556542808064
546113293857742849
546113161913311232
546113128040128512
546112424646934528
546112150960209920
546111699200118784
546111185196556289
546110898482323456
546110395866284032
546110304988319744
546110045847449603
546109921612140544
546109388612567041
546109357356642305
546109198900031489
546109040619556864
546108702961315840
546108562028503041
546108275230380032
546107987123634176
546107964918996992
546107952478683136
546105179179728896
546096717427269632
546094541959229440
546091285895839744
546091218162040832
546089731780407296
546080554815217664
546017235576176640
545971891203096576
545755829614301184
545657327362523136
545640642542444544
545624610272575488
545398064945438720
545383019192647680
545369934599954432
545343465148522496
545318104209694720
545301599766081537
545285888226234369
545279913616371712
545278837945167873
545036208682721281
545033059855122432
545032223330541568
545030908865044480
545030449647472640
545030283376865281
545029853305503744
545021724224278528
545019016440315904
545018542274260992
545018079265046528
545014263283068928
545010991633678336
545008224336752640
545005706982596609
545005465860440064
544990429981065217
544975292846981121
544957995986067457
544957120873906177
544914480379871232
544899790660583424
544646324235157505
544613262612905984
544220298178879488
544094237269053440
544093053804236801
544091749786742787
544091586313744384
544090675587719168
544090155384979456
544090006793363456
544089627540193280
544089371687653377
544089084843409409
544088940777451521
544088753912811521
544088622467538944
544088482923036672
544088260306169856
544087901290500097
544087504492589056
544087200766259200
544087098295209984
544086895483817984
544086802470957056
544086396953047042
544086303571079168
544086139447943168
544086023240556545
544085894144069632
544085781686390785
544085691743744000
544085288461430784
544084728358252545
544084574527950848
544084336153067521
544083552204111872
544083239061561347
544083063316033538
544082876308795392
544080937940574210
544080524843552769
544080336548667392
544079506202304512
544079005821845506
544078836896243712
544078725839474689
544078186791706624
544077799800061954
544077667771744256
544077581075509248
544077494576353281
544077163196977152
544077020292866049
544076626317697025
544076401343623169
544076149035266048
544073565738258432
544072539564019712
544071327150141440
544071222057631744
544070906222350336
544070822181089280
544070519151030272
544069985358721026
544069734560305152
544068712081272832
544068460716630016
544068272946032641
544068006209286145
544067819369816064
544067498526535680
544067118581309441
544065510585815040
544065173359558656
544064677651570688
544064305541312513
544063236039909376
544063099762786307
544062714943787008
544062206216638464
544062066714095617
544061833531781121
544061365770403841
544060982926901248
544060177901580288
544059839584813056
544059190667259904
544058159036252160
544058009081503744
544057766235492352
544057536593154048
544057351553044480
544056295020834816
544056183774916610
544055937590259712
544055797202681856
544055688779952128
544055607930540032
544054950561452032
544053923271548928
544053432403759104
544053261083213825
544053169211183104
544052650325442560
544051101125730304
544050937849864192
544050565475356672
544050419081564160
544050052226764800
544049218042621953
544047669539119104
544047570708754433
544047019161972737
544046052844642304
544045447371689985
544045097021501442
544044864258572288
544044288636497920
544043671503388672
544043280854310913
544042916943904768
544038640733523968
544037679197728768
544037143706750976
544035895687405569
544035148434395136
544034712868511744
544034030551715841
544033274360639488
544031185467219968
544030963546603523
544030850145198081
544030448708374528
544030151944585216
544029747810811904
544029518143307776
544029303424311296
544028882601394177
544028387346350080
544028033561006080
544027728010174464
544026756726812672
544026101647822849
544025735044665344
544025535118979072
544024069901807616
544023457587949568
544022440494383104
544022258860052481
544021599465123841
544021517424529408
544020564403187713
544020387172851712
544019900293869568
544019564904714241
544019217838661632
544019037332578304
544018899256090625
544018478928109569
544018338020483073
544018212141031424
544018031387504643
544017453517258752
544017241461641217
544016802821312512
544016584910454784
544014366513700864
544013980830662656
544013029596078081
544012792022315008
544012661852078081
544012190789808128
544011672382238720
544011499304263681
544011323940409345
544011079450251264
544010235539513346
544009446758682625
544009071091671042
544008686868234240
544007790323187712
544007302932484096
544006365996261376
544006200375787521
544006080729063425
544005614809006080
544003834943512576
544002931285307392
544002035759071232
544001882549526528
544001618987872256
544001048541532161
544000788301758464
544000464342110209
544000250252259328
544000066126508032
543999756377153536
543999474444427264
543999290662592512
543998486971052033
543997011863695360
543996862957502465
543995146010767361
543993505870139392
543993077757521921
543992784038809600
543992147234414594
543991808082989058
543990989904285696
543990223848226816
543989777687519232
543989200882659328
543988482482257921
543988323094523904
543987788056502272
543986616843247616
543986390812205057
543985362192715776
543984697412288512
543984288077590528
543983713848000512
543983020953174017
543981447309045761
543980777483292672
543980403678543872
543980083766370304
543979658568802304
543979442134319105
543978966168924161
543978588467625986
543978246728327168
543977762848268289
543977671710212096
543977528017559552
543977379027496960
543976909143830528
543976613453774848
543976496378171392
543976207482884096
543975968432730112
543975293602758656
543975117660127233
543975023577665536
543974674116644864
543974506889744384
543974304044814336
543974116655890433
543973880789209088
543973497278840832
543972992137834496
543972418373844994
543972005423640576
543971716176019456
543971548542279680
543971014452183041
543970572175441920
543970434124087296
543970277668171777
543970144108949504
543969470977683456
543969201678213120
543968604094750720
543968294899056641
543967938475466752
543967744237244416
543967495552761856
543967168615178240
543967011366502402
543966862464528385
543966675755073536
543966448587374592
543966105010982912
543965413982625792
543964780286214144
543964586299633665
543964423418019840
543963898890977280
543963606124339200
543963183715999744
543962950772752384
543961723460681728
543961354760368128
543961079530156032
543960639270834176
543960491849445377
543959947017744386
543959817803825152
543959590489292803
543958895929352193
543958774466506752
543958584619720704
543958476742225920
543958385285423104
543958152145018880
543957741103222784
543957322683658240
543956947532533760
543956683794681856
543956492726968321
543956067181670400
543955868434591744
543955755091918848
543955581175074818
543955404267745282
543955306330746881
543954859335372802
543954476584157184
543954366118789120
543954237001322496
543954152184094721
543953786822467584
543953427689398272
543953193957613569
543953017599700992
543952672228139008
543952553864859648
543952369449697280
543952265829433347
543952071566045184
543951986765602816
543951800072949760
543951522741366784
543951366335791104
543951110973952000
543950929117327361
543950772271341568
543950609599459328
543950377620869120
543950117653729280
543949638592921600
543949440009400320
543949032616652802
543948724763127808
543947907725279233
543947795074650113
543947405088280577
543946949142261760
543946630626832384
543945525406752768
543945416585539584
543945076905607168
543944925025693696
543944794566033409
543944404298633217
543944154800476160
543943918761824257
543943722057367552
543943570408099840
543943361976344576
543943072837824514
543942814179262464
543942723095789568
543942562202284032
543942238511063041
543942017743867904
543941779792605184
543941656488468481
543941396487745537
543941233560014848
543941122742308865
543940978814750720
543940763965734913
543940431827197952
543940074170507265
543939811275718656
543939583504039936
543939429044584449
543939275931537409
543938927657512960
543938304769785856
543938152009052160
543937598985883648
543937373332307969
543937162451107840
543936843121975296
543936698905010176
543936578549456896
543936449285206016
543936316443222016
543936231256891392
543935976192897024
543935898636025856
543935356970991616
543935158106468352
543934948257038336
543934838601162752
543934758469009408
543934664860127232
543934573022031872
543934350119931904
543934098717548547
543933776972488705
543933407554981888
543933304391864320
543932755537846272
543931746031775744
543931556474388480
543931310310703104
543930776870715392
543930686768693248
543930429225832448
543930248010948608
543930161092382720
543930053965664256
543929736372973568
543929641132900352
543929474992340992
543929220368711680
543928934447185920
543928543164760064
543928221738487808
543928126729097216
543927855445729280
543927789842616320
543927669575122944
543927061996654592
543926857809539072
543926781913616384
543926581992099840
543926264512675840
543926014603440128
543925113494970368
543924663832047616
543924194959196160
543923619706183680
543923225873633280
543923044566466560
543922829084082176
543922429425635328
543921872245911552
543921730625216512
543921534486982657
543920341215891456
543920207593766912
543919857973334017
543919676116721665
543919439058853888
543919077337493504
543918605814226944
543918288712261633
543917721621389312
543917545007616000
543917449159385088
543916656918282240
543916367926530049
543916133460754432
543915745231798273
543915495020580864
543915023785922560
543913249943875585
543912988928122880
543912512480362496
543912128517005313
543911459387080704
543911152141758464
543911036601241600
543910922881101824
543910792434028545
543910531871289344
543910241516400640
543909628799905792
543909013478711296
543908784557813760
543908443779002369
543908280700243969
543908081781202944
543907785038364672
543907534185443328
543907368359456768
543907252282081280
543907060963090433
543906912991854592
543906685354782720
543906561589280768
543906349659475969
543906113008435200
543905737798594560
543905650829717504
543905461507194880
543905286415974400
543904990096797696
543904676203483136
543904412901859328
543904262951301121
543903879155691521
543903738344509440
543903602507390976
543903585277599744
543903196620795906
543903031629467649
543902935328227328
543902690376712192
543902543232135170
543902158161473536
543901919673335808
543901569184694272
543901409545297920
543900973119582208
543900335908356097
543900166605246464
543899937789202432
543899808323608576
543899536293650435
543899350901198848
543898830601986048
543898607087534080
543898460446294017
543898299749900288
543897892361347073
543896941613301760
543896195132055554
543895403536867328
543895096689975297
543894298866221056
543894174303793152
543893809973972993
543893500279148545
543893346616631296
543893063073280000
543892898211983360
543892345364967424
543891865528193025
543891753376686080
543891391248887809
543890454920855552
543890086644162561
543889374417801216
543889165918937089
543888772459687936
543888368086835200
543888127774187520
543887494614614016
543887262313119745
543887029122375680
543886737907654656
543886570051624960
543886388081725440
543885795745366016
543884817214234624
543884273565323264
543883590132858880
543882417690644482
543882051083313152
543842881014738944
543586118554226688
543563502401495040
543548335194243072
543506321195036672
543500675699597313
543474874056835072
543224466013032449
543217552466251776
543216910146355200
543216467395624960
543216197190172672
543215900027932672
543213720193601536
543148506492305408
543144146156781568
543143222512349184
543141800769118208
543140292107325440
543133795793121280
543133162474180608
543132405213560834
543131872771833856
543131696200032256
543131435222044672
543125557341192192
542859854453293056
542859597673820161
542859406916861952
542858723505356800
542857872032296960
542857399447855104
542857226507911168
542856215869407232
542855611608625153
542855010875224064
542846362799177728
542845628733067265
542841376409268224
542840938960130048
542840728653557761
542839435436363776
542838571330052096
542823938510692352
542785422011559936
542747340377837568
542498960821071873
542492429455089665
542438575564795904
542412352520351745
542375642897985536
542087297303212034
542076184893599745
542054566229852160
542022047795130368
541683589868306432
541396412026875904
541395857493725184
541356667762663424
541349523176816641
541336526295433216
541330108477632512
541325853519806465
541322169763266560
541320953176027136
541320649902686209
541317522336006144
541317188167430145
541316839029370880
541314363219800064
541313109437452288
541312279841865728
541306150265044993
541305607526313984
541303738812887040
541301616004329472
541299018954203138
541298672425000960
541298646726508544
541298336561922050
541290986840666112
541275907109826560
541055851771858944
541055826413101057
541034540580356096
541031771903508480
541029507042254848
541026990199828481
541024473986514944
541021957487996929
541019441044000769
541019206058143745
541004138608214016
541000518999363584
540954574559772672
540933300085202944
540913549808119809
540913547136339968
540641486274973696
540630646729625601
540589722754486272
540579581653045248
540561844105011200
540561106670858240
540322068043407360
540310880055857153
540310699306524672
540306263750348800
540216247888007168
540201530477920256
539916323032023042
539890273309184000
539886977483808769
539886861846847491
539886624344375296
539876747466928128
539857710993256448
539146873320116224
538784511610200065
538422155914932224
537744378781917184
537697339264471040
537407508038426625
532989965362155520
532976419370831872
532358914579652608
532261518839394305
531982169917231104
531964107646201856
531963882219122689
531915640164990976
531915612201570304
531553302895271936
531552516735893504
531506742727684096
531219993837731841
531191466928771072
531161251263819777
531161094283595778
530890928660041729
530890883755814914
530499441296678913
530499381322346498
530435801042001921
530133177726021633
530133120163389440
529803272026980352
529733116211245056
529733049077202944
529425718338260992
529425615330369536
529395016121085952
529360372336046080
529060119796281344
529002415354163201
529002303542419457
528973534228275200
528955793542877184
528695491538595840
528667013498294274
528634348455870465
528634194382311424
528612577665089536
528611426085376001
528583442347216896
528561356954284032
528561085612175361
528559271403741184
528558630816079873
528349665872207874
528339850626215938
528323759648686080
528314868646952960
528300235647234050
528296849279442944
528278677130207234
528254512579219457
528254217425653760
528006836050735105
528006655363936256
527870948376997889
527869137817964545
527238905175613440
526928369883947008
526863918702923776
526049807471616000
525341530974736385
525061385625956354
523483161519345664
518868482033582080
518430599145848832
518150739324338176
518093714518859776
518075983874637825
517724870369505280
517434427819827200
517359633380298752
517074782206967808
516996700687175680
516692853519421440
516634499656859648
516290501448704001
515894820989333504
515641167589810176
515594612975493120
515550016862044161
515277406945304576
515215409486643200
515177657500065792
514939097064816641
514918689884622848
514884786465161216
514839422911520768
514831629945032704
514779341885280256
514779306933764098
514561670463496193
514514498225311744
514462068880064513
514206205170839552
514149312268206080
514140563956719617
514135050716053504
514104909906448384
514098906477514752
514087238263533568
513810012108378112
513786195201888256
513780429464150018
513775188614205440
513746932359905280
513727170095489025
513507721635569664
513507302695919617
513507262845812736
513507105790119936
513506608937050112
513506552859205633
513506478582288384
513506396508131330
513506355731120129
513506209362481152
513506050067021824
513506023382847490
513505916222574592
513505866239066113
513505606884274176
513505580250431488
513505533144227840
513505416622256129
513505376596021248
513505336238424065
513505275735597058
513505218915360769
513505135675195392
513505028183572480
513504566025789440
513504528151224320
513504405652398080
513504244532379648
513504196373385217
513504082128928768
513504005444497408
513503938205609985
513503805262938113
513503756659339264
513503663789051904
513503554338709505
513503475867471872
513501593619021825
513501499112968193
513501426413092864
513501230245502976
513501188549906433
513501135370350592
513500986749353984
513500779634651137
513500654044585984
513500597991907329
513500568740839424
513500538965483520
513500507814383617
