854727012635693056
748722603964166144
748721225740890113
748719209597861888
748716693011197952
748716313154035713
748715436439662592
748715053692563456
748714049362354181
748712160981901314
748711661163286528
748709769117130752
748708889932156928
748708766707744769
748707630294630400
748705871392190464
748705492143308801
748703602739384320
748702976122892289
748702597687672833
748701847838400512
748700083642830848
748699328764637184
748697690616303620
748697318665379840
748695179645685760
748695176638394368
748693536934092800
748692404979568641
748691399701303296
748690019314008064
748688635474706432
748687623007440896
748685485438963712
748683977813360640
748683346675396608
748682468975337476
748680833368748032
748679948055916545
748677562495299584
748677182428442624
748675795657318401
748675040783265796
748673152675360769
748672274794835972
748672149708214272
748670258634973184
748669756438360065
748668248439275520
748668248049188866
748666485334126592
748665983947124736
748664601101877248
748662081789042688
748661953908838400
748661455935909888
748659313514795008
748657928698212353
748657555589713920
748656795644743680
748655917529333760
748654155267338240
748653146663190528
748652772212494337
748651648407351297
748649507685081091
748649378928287746
748647747755057152
748647618595684352
748645484026290180
748644851340693504
748644471991066626
748643343303909377
748641579368341504
748640573028859904
748640445454917632
748637180696760320
748637175336546304
748634662520631296
748634155689345024
748632524058939392
748631139863113728
748630508544868357
748630132626169857
748626734354833411
748626482851811328
748625353300533248
748625097326481409
748623711939473408
748622453023211520
748622201495113728
748620943816171520
748620319737319425
748618804251492353
748617042039832577
748615788416774145
748614902420504577
748614150247616512
748613774626676737
748611633535037440
748609493001437185
748608865747501060
748608360526798848
748607084845883393
748606855673311232
748605090731294720
748604585850265600
748604336922583044
748602825417039872
748601318390927360
748601068414656514
748599806554218496
748599303476776960
748597288126255104
748595404158214144
748594901663682560
748594647799332866
748592006126047233
748590999279112193
748590372733935616
748589867806957569
748588226038870016
748586596761382912
748585211982675969
748584580282748928
748582566047981568
748582316591583232
748579926387884034
748579167097192448
748578538496925696
748576905197195264
748576783486750722
748574261095239680
748574137279455233
748573890033520640
748572377278255104
748570993497497601
748569605828915200
748569230723813376
748568095313133568
748566841149124608
748565203684564992
748565076932689920
748564319474974720
748562809710051329
748561180948594692
748560544152563712
748558909506363392
748557779233710085
748557526065610752
748556392609513472
748554887072522240
748554256433692672
748554130193539072
748552120375218176
748550230459576320
748550226164748288
748549598227107840
748548091964461056
748546328775507968
748545698740707328
748544064740593665
748542173285654528
748541800684593156
748541419720056833
748540413972201472
748538272553525248
748538024561152000
748536637651623936
748535634130776065
748534628353380352
748533870056841216
748532236748627968
748531481597747200
748530473530425344
748530218801979392
748528836497768452
748526571250720769
748526444129718273
748526319349174272
748525064795099136
748524936600379392
748523425472385028
748521542376636416
748521409782087681
748521163588935680
748520026878140417
748517891125874689
748516381549801472
748515626352668673
748515625509609474
748514116357201920
748512729485447168
748511347651018752
748511343846821888
748360226848522241
748358589308350464
748357082345242624
748355316518129669
748352928184930305
748352803005939713
748352174208450560
748351042916483072
748348650674339840
748348521875652610
748347517033656320
748347017932337153
748345003336949760
748343869507399680
748341227012096000
748340217908703233
748338207205523457
748337453572952064
748337071459344384
748334557980692484
748333172035751936
748332795492077569
748330779801952256
748328143136636928
748328141656064000
748326633438851072
748325496287551488
748325374799515648
748324241771208708
748323360103370753
748321473077583872
748321221092073472
748321095711862785
748319708638777344
748318706766217216
748318448346927105
748316814409506816
748316314448592896
748315811232776192
748315183475367936
748314046282227712
748313419426652160
748312538148933632
748311658548719617
748311275776671744
748310024816975872
748309892260302848
748308262404108292
748306620183085056
748306368969515008
748305744181620736
748303098154749952
748301967601115138
748301716823617536
748301214161440769
748298947211341824
748297565863575553
748296685617561604
748295679261417472
748294666559324160
748293540308987904
748292655994527744
748291145906659332
748291144002441216
748290891467587585
748289009324015616
748288252151463936
748287250719379456
748286240936628224
748284727010930689
748284102625861632
748283973793644544
748282717024903168
748281332162236416
748281082244628480
748279572349784069
748279067552718848
748277556588208129
748276678510645248
748276173105467392
748274285588938752
748273909464702977
748272903272136704
748272526455898112
748269127765266432
748269124774666240
748268877226745856
748266859502395392
748266233842237440
748264846693699584
748264594486009856
748263340019945473
748262083079217152
748261953043304448
748259563225374725
748259184211333120
748257044713586691
748256794179403777
748256165235154944
748255285358247936
748252891589320704
748252517780185088
748252514076745729
748250126527901696
748248869633400832
748247985511792640
748247734197587968
748246476741050368
748244336782020608
748244209719717890
748243206588993538
748242200643805185
748241696450875392
748239809492230145
748238169905176576
748237796893155328
748236917246935041
748236032454365184
748234142966480896
748234022124425216
748233514114514944
748231125642973184
748230497806000128
748229672056430592
748229115724070912
748228359679787008
748227981064159233
748226978075947008
748225840094265344
748224958585671680
748224454954725376
748223448493789184
748222065728069632
748221313924272128
748220176110338048
748220053250793472
748217663709679616
748217660815577088
748215777459904512
748214514198392836
748213257966497792
748213133680877568
748211119068700672
748209736600981504
748208731352109060
748208477500215296
748204575878942720
748204453430497280
748204452939698176
748202183464718336
748201810914123776
748200552132132865
748200551276388353
748198661344079872
748198410788966400
748196146556862464
748195645178155008
748195136241303552
748193383043080192
748191112259571712
748190737431470080
748188851055693824
748188850179039232
748186709771325440
748186706646601728
748185072914866176
748184070048256001
748183940863827968
748182810691678209
748180797807439872
748180040035221504
748179285534375937
748179158556086272
748177645398024192
748176895666171905
748176515968475136
748174881343279105
748174002196254725
748173494744129536
748172618512089088
748169976767455232
748169850783170561
748169346225160192
748167333198311424
748167084085911553
748165319445909504
748164185197023233
748163427076575232
748161791490985984
748161667440197632
748159401291309056
748158017259114496
748157265778188288
748157264800940032
748154872445472770
748154370383020032
748153491915313152
748152983716761600
748152735955042304
748150390454165504
748148710429712385
748148206345797632
747998593848483841
747995822361542656
747993431499247616
747991674983448576
747990790966775808
747989279624822784
747989158354894848
747986890863812609
747986386150690816
747985133735665664
747984377729056768
747983116099162112
747980601685204993
747980351998332928
747979215375601664
747977959059881985
747976447655018496
747976320416628736
747976197024284673
747973929927573504
747972550349697024
747972044852178944
747970280140738560
747968768798777345
747968394893266944
747966505934004224
747966133274189824
747964870889451520
747964239495704577
747963361212702723
747961224609005570
747960847130042372
747960717916147717
747958957243772929
747957194637860865
747956569237774336
747956192207581184
747954934377701376
747953675377639424
747953675042164736
747951660987781124
747950903194324993
747948895926255617
747948263475642369
747946247038861312
747945995267350528
747944865305137153
747943856277229569
747941591709552640
747941339736727553
747940836730617856
747939711193255936
747937823110500352
747936813256478720
747936685564923904
747935677795475457
747933914942083074
747933793403703296
747931901785157632
747930395073716225
747929639855677440
747929514286682112
747928382126624768
747926874240606209
747926120918462464
747925491877715968
747924858030428160
747922970794942464
747922466488606721
747921966443692036
747920457236504576
747919953500717056
747919191890599937
747918440573206528
747917432807915520
747916171962351616
747915550676770816
747913030713802754
747913027933048832
747912149956104193
747910888628326405
747909256481935360
747909252858155008
747909005243121665
747907114618617856
747906111462834177
747905482707320832
747905105077350400
747903341586452481
747902337218392066
747901328626692096
747900323457490944
747899820954660864
747899438526509061
747897302287712256
747896418816434180
747895664093298688
747895036969422849
747893525933662209
747891511249903616
747891384888229889
747890630672678912
747890126492172288
747887988596707333
747887613462319104
747886480391999488
747886226028494848
747885351503462400
747885224822980608
747883210651078658
747882832274595843
747881068028624896
747881067126853636
747880941868171266
747878555590266880
747878058615414784
747876414460993536
747876159866679296
747873772422762496
747872134849007620
747870120190500864
747869495868403713
747869495767736320
747867607521443841
747866098759000069
747864960781385729
747864081810366465
747863832027140096
747862324036276224
747862319628062724
747860180570877952
747858926939430912
747858547589943297
747856533153775616
747854900080611328
747854769813872640
747853765244485632
747852498883514372
747852384332701697
747851753475842048
747849737370472448
747849735256576000
747848225357500416
747847850608885760
747846089223602176
747845334144004097
747843445448908802
747843067462492160
747841434410188800
747840047240585216
747839926054559744
747839547245920257
747837026322497536
747836651464982528
747835644962082821
747834513779204097
747834260703174656
747833883811528704
747832753287106560
747831747467960320
747830861840547840
747829732322979841
747829356911812608
747827342307885056
747825957155790848
747825832845021184
747825580574281728
747823439503724544
747822178360565760
747821929478914048
747821173166202880
747818659654033408
747818030244106241
747817530387988480
747815639545446405
747815138246426625
747813751642984448
747813500148396032
747811990962311168
747810859024539649
747810099952033792
747809218833584128
747807587819749376
747807587500957696
747807206758883328
747805948387987456
747805319686938624
747804442192449536
747804314849009664
747803054062243841
747800915697143809
747800037837660160
747799529483833344
747799282913247232
747798270466985988
747797265742454784
747796510675435521
747794247890395136
747793746952077313
747793243438448640
747791607974461440
747789967326220288
747789846001889280
747789840528322560
747787832543055874
747787204206993408
747785815841976320
747784808697303040
747636585429082112
747634446468325377
747631924508753921
747630671674417152
747628908825165824
747628276487753729
747627901592473604
747626015183233025
747624752357998592
747624382315433984
747624003653738497
747621864411963401
747621236411273216
747619597059260417
747619346776719361
747618590044602368
747616956849721344
747616703882891264
747615571672444929
747614813753380864
747613307117441024
747612551555522560
747611288096899072
747610666140196864
747609653454987264
747609026029060096
747607897408933888
747607267743170560
747606260648837120
747604500446339077
747604375355301888
747602482965188609
747601855849586688
747600977050673157
747600846452563968
747599085343956992
747597703115309056
747597320741617664
747597198439784450
747595187522768896
747592925400293376
747592165098938368
747591285796704256
747590904979005440
747589020683739137
747588645314387968
747587257234784256
747586881366466560
747586630765187073
747586502767456257
747584741164068865
747583104211128320
747582601192476672
747582226485940224
747580214897565696
747579964644462592
747578825194745856
747577066288254976
747576436815343616
747575684155924480
747575183934795776
747573668935536640
747573290860875778
747572034423689216
747571153682731008
747568888976576512
747568763130646528
747568255460642816
747566748531105792
747565236941529088
747564989288878080
747564861748502528
747563348322025472
747562976798867457
747561464370716673
747560837364211712
747560080124542976
747558192050212864
747557058329841664
747556180050972672
747555677082509312
747554290068230145
747554036921077760
747553159720108032
747552151442952192
747550890253553664
747550770971705344
747548628298891265
747548250291462144
747546992709111810
747546238036348930
747545484240162816
747541962853584896
747541584598622209
747540826302078976
747539696461324290
747538310839566336
747538310319513600
747537051701153793
747535919943720960
747533655787118593
747533655057305600
747531519242158080
747531136671289346
747530382606688257
747529877432242176
747529756992647168
747527743873638401
747527112332967936
747526353977745409
747525346623430656
747524094262919169
747524090790051840
747521952349229058
747520065961078784
747519941528555520
747519939657924608
747517047706427392
747516540489207808
747515913319161860
747515033802858499
747513898253717504
747512892505808896
747511887705804800
747510754639753216
747510500079079424
747508617872576513
747506979418021888
747506851701465088
747506479243075585
747504714842050561
747502073948831744
747502073013485568
747501821065822208
747500062029283333
747498927797178369
747498550469214208
747497921835335681
747497290995109889
747496287356891137
747494644875988992
747494150027632640
747493011941122048
747492636957736960
747490619321352193
747489487505211392
747488482117955584
747488481639809024
747486466775916544
747486425705254912
747486221794869248
747485210942513152
747484077582782464
747482948186832896
747482568468103168
747480934614700032
747480302633754624
747478796341764096
747478289455976448
747476400932851714
747476149962317824
747475273105481729
747473886875312128
747471748883447808
747471246447812608
747469736217292800
747469230552002560
747467593565474816
747467217789423616
747465459151282176
747464579589017601
747463693420503040
747463319246766081
747461808185876480
747460046129242112
747459419944845312
747458914912985088
747458662147325953
747456777323745280
747455517333815296
747455137275219968
747455016047345665
747454382631960576
747452878067949570
747451488373465089
747450608605609984
747450356888592385
747450102114041856
747448593909485569
747447210258874368
747446711635714049
747446329635385344
747444693575794688
747444565058142210
747442554157793281
747441173992706048
747440290160586752
747438021826519040
747436768425877505
747436641426505729
747435131623849984
747434881899175936
747432870256480256
747431982787928065
747431104693604352
747430227421237249
747428465905963009
747427962832642048
747427962241220609
747426199517937665
747424058799697920
747423679668174848
747423300566024192
747273314050146304
747271804432097280
747269161936629760
747267779468861440
747266520389148672
747266516123529220
747266146429108224
747264004859506689
747263000344662016
747262367029932032
747261864938184704
747260103129206784
747259474260426752
747258470399770624
747257587226316800
747256202183090176
747256079378190336
747253810226208768
747253057587666944
747252047376977921
747251669172387840
747249658725007361
747249282235965444
747248904413020160
747248149538967552
747246512170745856
747245886418333696
747244375198015488
747242993531355136
747242988900757504
747241099987660800
747240600357855233
747240222501576704
747239089615802368
747237078522437632
747236951141416961
747236700800303108
747233681736097792
747233425971617794
747232417933627392
747230031974375424
747228774274588672
747228770004774912
747227012884926464
747226383340941312
747224741233172481
747223737020391425
747223485286653953
747221602148958209
747219082940981249
747218704736395265
747218201235292160
747216566400475136
747214802158759937
747214303518916608
747212541500129281
747212158333816832
747209899059318784
747209774320623616
747207762971500544
747206754145009668
747206750705750016
747206121404801024
747204860530016260
747203605187411968
747200333974282240
747200084660592640
747198954119389184
747197065151811585
747196807583797252
747196682497064961
747195927174197248
747195428328902656
747193159839547392
747192660994064384
747191149144772613
747190013805355008
747189513974390784
747188754637545472
747188126586638338
747186493291175936
747185739058778112
747183722286428160
747183470099730432
747182470911582208
747181964256509952
747180953324359681
747177813346746368
747177307555696640
747176050615001088
747174667648000000
747174289330184192
747173028966993920
747172401943818241
747170889410576384
747170635076538369
747168747849383937
747168374803824640
747167368737071104
747165354430963712
747164724505247746
747163469829517312
747162959298838528
747161327907573760
747159691403223040
747159565238738944
747158562233688064
747158436287176704
747156169018343424
747156168137654272
747154028124119041
747153024460722176
747153024418746368
747151890606137344
747150885042659330
747150506729086977
747147735674068992
747147607638687744
747146729401679872
747144970327461891
747143713256775680
747143210355556353
747142579188178944
747140815110078464
747138806088929280
747138800632094720
747138300033536000
747138297474985984
747136918446575620
747135154087407616
747135028245766144
747134149513846784
747133771875516416
747132513882103808
747132132154281984
747130498854621185
747129619338362883
747129614154272768
747127728634212352
747127478301298688
747126220953878528
747124836766359553
747124336163688448
747123454474878980
747122823529795584
747120184893177857
747119676552056832
747119675088175104
747118290439380992
747117288768274432
747114394614628352
747113892136968192
747112758819192832
747112503721746432
747110618847653889
747110616826060800
747109234085625858
747107473954222080
747107221616623617
747106840153055236
747104958332416000
747104954624540672
747104450179899393
747101303189438464
747100675025281024
747100553545662464
747098288218841088
747097281732689920
747097158868860928
747094762898006016
747093257100886016
747093127803068416
747092621017911297
747090988401778688
747090235918528512
747089858733178880
747088977019174913
747086964294287360
747086332057497600
747085578534006784
747084573339717632
747084317684301824
747083939014189057
747082932939030528
747080799334301696
747080794175340544
747079535187922944
747078659605958661
747078157061152768
747077655388819456
747076268525555712
747074503096709120
747074004918231040
747073118607310848
747071985742655488
747070855008653312
747069976641626117
747069475057328128
747068594010226693
747067204936540160
747065950831259648
747065067577966594
747064562554372096
747063307509596162
747062174116306945
747061417480593410
747059780947062784
746911431098916864
746908159462219776
746906273912885248
746905017538338816
746903632004550657
746903628498141184
746903378639237120
746901110888161284
746900106281091072
746899478414827520
746899353026052097
746897591594541056
746896080667738112
746895824265875461
746895073091137536
746893441188012032
746892432046972929
746890917529935872
746890288090714114
746888401891303424
746887901070393344
746885385922424832
746883999407161344
746883625224855553
746881737662304257
746881104171401217
746880732149088256
746879976050417665
746878085472083968
746877583208353792
746875944456032256
746875697952620544
746875314907844608
746873934088282112
746872423002181633
746872047649886208
746870283827580928
746869280784809984
746869279241306113
746868017334784000
746867513489788928
746865248414629889
746865127828393984
746863865988780032
746863238059532288
746862229337837568
746861976442265600
746858331936071680
746858205909639168
746858080885866496
746856949971456000
746855813084491782
746854429320568832
746854177440141313
746852544354332673
746852287331635200
746850403166392320
746850023489552385
746848389510348800
746846878260727808
746846753190711296
746845744586461184
746845369074589696
746843355162771457
746843102162358274
746841219498676229
746840717474013185
746839457274404864
746837692072202240
746837570869403648
746837066273656833
746835426284027905
746834042822270976
746833543502790656
746831907933954048
746831904251359232
746830776747065344
746830149929181185
746828129294028800
746827879078584320
746826870549778432
746825739304116224
746823979416064000
746823352665382912
746822088791625728
746821334655721472
746821213549375488
746819325743534080
746818945194274816
746817687058259970
746817312397766656
746816428737605633
746814790983618560
746813913631686656
746813031267573760
746811523893436417
746811022111956992
746809634678312960
746809385230401536
746807750055858176
746805604082139137
746805481730113538
746805230587813888
746803093380136960
746802336840966144
746801833461555200
746801456582275073
746798688773636096
746797554873044992
746796675742711809
746796298313969664
746795037724311552
746793530878738434
746793527435272192
746792898738421760
746790507767037953
746789252076277760
746787237090623489
746786610591719424
746785223317327876
746785097622257664
746783082104168448
746782584374431744
746781450377244672
746779562462195712
746778556932423680
746778301730033665
746777298062483457
746774026719158272
746773645301809153
746773521544646656
746772260581564416
746771758116638720
746771633411588100
746770248917975040
746769998543208448
746768741740982273
746768113371332610
746764714085056512
746764461831233536
746763956639891456
746762702702391301
746761944519086080
746760810559606784
746760309914869760
746758797562044416
746758167456002049
746757162622390274
746755782805381121
746755528190230528
746754774360526848
746753889916030976
746752636230131712
746750871208353792
746749744991477760
746748612361617408
746748233011978240
746745839901622277
746743954884952064
746743194260480000
746741689746919424
746741184354197504
746740052898676736
746739169658011648
746738793118457857
746737283462733825
746736400331051012
746734389963390976
746733380616785920
746732751227781120
746732122002579457
746730861786169344
746730241029070850
746728345711288321
746727592263290880
746726207811551233
746726084977238016
746723695373201408
746722688413089792
746722439371972610
746722184949805056
746720548252680192
746719417430573056
746718909169008641
746717027063173120
746716649353519105
746716647638056960
746715385244815360
746713249186480128
746713247902990337
746712115101241344
746710609228668928
746709855767920640
746708844500357120
746708596587630592
746706583208398848
746704817997877248
746704572165521408
746704192400723968
746702553639948288
746701803207680000
746700540403343365
746699786175324160
746698776350429184
746697519346950144
746549322435682309
746546400767447044
746544514995748864
746543756556537856
746542532658552832
746540234117091328
746540109273645056
746539887109804033
746537748375310336
746537088376573952
746536238543474688
746536113683169280
746535230467678209
746532685586268160
746531177637552128
746530799340625920
746529663942549509
746529035514175488
746528185232265216
746527177756270592
746525669773950976
746522870017368065
746522740388204545
746522649182896128
746520257687339008
746519347712008192
746516955461455872
746515317082456064
746513810689777664
746513221239078913
746509787093835776
746509342409523202
746509028184973312
746507688599650304
746505634036621314
746501980709920768
746500597751365632
746497456376930304
746497456079265792
746494556930252800
746493049711243268
746492675403063296
746492543572000769
746490782413111296
746489150963064832
746488770929766400
746487763474726913
746487260879560704
746484871372083201
746482980315508736
746482478836232192
746482225881878528
746481598137249792
746479710864084992
746479583948476416
746479336459427841
746477951055704064
746475938465079296
746475686634860544
746474927881076736
746473794752020480
746472284928544768
746472165336195072
746471280497483776
746470398829559808
746469269563662336
746466876465754112
746466752779911182
746463102724673536
746461214864117760
746458827814375425
746456305582280704
746454674421645314
746454547414007808
746454542095630336
746452909177602048
746451398678712320
746451274430717954
746449262347583488
746448255404351488
746447497359425536
746444227660423168
746443596354592768
746440959878107136
746438942564753408
746437807577702400
746434917404286976
746432402046717952
746430383042879489
746428497539792896
746426106589261824
746424979579756544
746423465289252864
746420698596392961
746418430169911296
746418306710573056
746417800982462465
746416166248288256
746414906098987008
746412894108082176
746410505443606529
746408620968054784
746405469783232512
746404845238784001
746401069308182528
746401068481974273
746397164016898049
746391633281822721
746385965493719041
746381817671000064
746378044156289024
746376782035714049
746373387421884416
746369989666570240
746365331061510144
746361305909633025
746358160756117505
746356150505865216
746350007826030592
746349978793050112
746343943026049025
746340793883967488
746335887840051200
746178979971928064
746175834482933762
746175707282350080
746174952869597184
746174194354888706
746173565930704896
746172939309973504
746171803840745472
746171679781560320
746171427863302144
746170423872749568
746169797059162116
746168912526581760
746167908213088256
746167654222807040
746167279000428544
746166646599884800
746165644832321536
746164757833650177
746164003987140616
746163376070471680
746162620894429185
746161867224145921
746161865798127616
746160860108849152
746160108317487104
746159352717901824
746158340208721921
746157842265083904
746157211668353026
746156457494622208
746155576342740992
746154570129170432
746153816001757184
746153433967693824
746153057700970500
746152301522345984
746151299452854272
746150544134275072
746149789641781250
746148777904439296
746147776828833793
746147518715695104
746147273084702723
746146512669933568
746146010389450752
746144882016784388
746144252946587650
746143240760467456
746142742837862401
746142488117841920
746141857378340864
746140977010606080
746139969811537920
746139594559721473
746138716020760576
746138460537364480
746137578378764288
746136955600117761
746135944517062657
746135187948449792
746134432352985088
746133929854382080
746133551968620544
746132803943800833
746131794328715264
746130914732806144
746129908217192448
746129398626160641
746129025509244933
746128269972488192
746127517606514690
746126885109653504
746126001709719552
746125625463808000
746125124236099584
746124498743681024
746123866406256640
746123237172514816
746122356033093633
746122353088692224
746121725859901440
746121095997173764
746120342117158913
746119339410132992
746118204045533184
746117577345118208
746117571821342725
746116945133604864
746116064229097472
746115305890582528
746114555177213952
746113548850388992
746113548292481024
746112542888628224
746111537555857408
746110777728303104
746110148767256577
746109649288585216
746108768925126656
746108264987918340
746108262949462016
746107127840837632
746106378742169600
746105497321869312
746104739788652544
746103607431311361
746103605074202625
746102851424788480
746101974446137344
746101220096491520
746100586349723648
746099708553269248
746098829951307776
746098447099564032
746097816741810176
746097564533948416
746096941013008384
746096438321381376
746095933130162181
746094924882411522
746093922674368512
746093041149153280
746092283670441984
746091650649325570
746091027778441216
746090900779044864
746090269624438784
746089141612339200
746088256031309824
746087504072278017
746086749047132160
746086245080666112
746086117326356480
746085239890444288
746084863283863552
746084103766827008
746083224896552960
746082469787607045
746082091742396417
746080958609252352
746080077457199104
746079197815152640
746078572037603328
746078317867057153
746077563857043456
746076683199983616
746075924899184640
746075293975191553
746074417734684672
746073279849431040
746072651517558784
746072527252791296
746072024636882944
746071268231942144
746070389533642753
746069254022270976
746068377182023681
746067368120565760
746066992902320129
746066741659320320
746065861493002240
746065231013642241
746064599821201408
746063974643306497
746063215650537472
746062209483169792
746061831785984000
746061201470259204
746060575474597889
746059821032611842
746058935526883329
746058311259328512
746057558461292548
746057172807716864
746056419082829824
746055793812905984
746055041379868672
746053903444115456
746052776476696576
746052267858599936
746052147364696064
746051390779363332
746050762401251328
746050005853736965
746049631105089538
746048749131206656
746047993141407744
746047361600761856
746046608828043264
746046483045064705
746045856223100928
746045474004664320
746044340380770305
746043709779775488
746043463079178240
746042582380089344
746041824515592198
746041449607761920
746040694880505856
746039938714591232
746039055192854528
746038049763639296
746037420802641920
746037174940753920
746036289246420992
746035784680091653
746035029210324992
746034151602659328
746033143363284993
746033141983371264
746032262710435840
746031758706106368
746031132697759744
746030377161076742
746029621611737088
746028993867030529
746028490248552449
746027983324905472
746027483430957056
746026604023865344
746025848604504064
746025595373502464
746025343560081408
746024843879952384
746024337937993731
746023457532547072
746022696383844353
746021693135720448
746020690327801856
746020056279187456
746019680289161216
746019050426347524
746017922699530240
746017164356771840
746017039182028800
746016404474830849
746015778156191744
746015025706508288
746014143660974080
746013263293362180
746012381164277760
746012379947896832
746011502444937216
746010874314252289
746010369039175681
746009484758253570
746008609830674432
746007854239350784
746007227417296896
746006971711627265
746006470454501376
746005459287564288
746004830968242177
746004708075110400
746003953658302464
746003071961014272
746002440785379329
746002060689219586
746001682606264320
746001185535070215
746000427322212352
745999298010169345
745998790176481284
745998158816219136
745998039052091392
745997278238871552
745997155949740036
745996151518793729
745995523287453697
745994510782578689
745994259342434304
745993507811164161
745992753088192512
745991873597153280
745991242371239937
745990111075176448
745990110534074368
745989357132144643
745988850950901760
745988476563226624
745987723673014272
745986963497455616
745986082588721153
745985457477976064
745984700385267712
745984576233799681
745983946832416768
745983312779448320
745982435029098496
745981681291624448
745980668690202624
745979536874012672
745979037294669825
745978787892985856
745978035090821122
745977022413942784
745975888660013057
745974881934839808
745974128524595200
745973625065443328
745973376754290688
745972998281302016
745972116961509376
745970981894787073
745970102689009664
745969474071846912
745968719428526080
745967716058599424
745966959339122688
745815329738219521
745813947035586560
745813319429271552
745812567801630720
745811685215113216
745811682631417856
745810678997409792
745810177815781376
745809419259228160
745808416786964480
745807781983289344
745806777380376576
745805892772302852
745805013268631552
745804765733412864
745804258923024390
745803504149798912
745802495922937856
745801742059769857
745800987319885825
745800235293769728
745799480625160192
745799102936453120
745798720386666496
745798091782164484
745797088399794176
745796081829679104
745795325261131776
745794695192809472
745794445535289344
745793689276944384
745792934004535297
745792305894821888
745791678477438976
745791049373650944
745790168666365952
745790042338136065
745789537985585152
745788907095212032
745787905755361280
745787149291823104
745786893816709120
745786647791337472
745785891151560704
745785260030439424
745784506053967873
745783624079933440
745783246919704576
745782996834320384
745782114059116544
745781359763914752
745780732870557696
745779847083888640
745779218706014208
745778213931057152
745777964021780480
745777333299077120
745776452231110657
745775823915991041
745775193264521216
745774566677438465
745773811463663617
745773183115079680
745772930878087168
745772428555517952
745771165227028484
745770410910818305
745769533286256644
745768774184407040
745768274940436480
745768270406496257
745767394543550466
745766511151702016
745765885332365312
745765129023787009
745764494404616192
745764116929912832
745763618021646336
745762858579935233
745762236736561157
745761476112171008
745760847457320962
745760223869157376
745759342247321600
745758458771832832
745758334666571776
745757831723290624
745756824830349314
745755942403346436
745755437350420480
745755057493262336
745754182322364416
745753548684660736
745752672842678273
745751915317825536
745751791082610688
745751031250837505
745750531147104256
745749650204917765
745748774182518784
745747887695368193
745746631350435841
745746503017324545
745746129652842496
745745372300075008
745744368171098112
745743485018349568
745742855361208321
745742725979439104
745741723909906432
745740841373700097
745740209665544192
745739331202060288
745738705407721476
745738704090767360
745737820719947776
745737196326510593
745736311919742976
745735686586662912
745734677118365698
745733798088806401
745733794112540673
745732787169280000
745731907426619392
745731407830487040
745730398165020672
745730397527375872
745729518090936325
745728634179227648
745728010012196873
745727883969179648
745726998073442304
745726246374481924
745725242589405184
745724608695967744
745723978245898240
745723099300126720
745722215841271808
745721965579755521
745721336740347904
745720330556149760
745719575170400256
745718946930827268
745718819973435392
745717814657449984
745717311626186753
745716432835579904
745715799608922113
745714920637947904
745714164832796672
745713411972009984
745713036531482624
745712281577791488
745711144803909633
745710142163935232
745709135002406913
745709010389590016
745708377444057089
745707626277658624
745706616150962176
745705739788771328
745704982167625729
745704227708690432
745703595308367872
745702964493434881
745702844389416960
745701962654482432
745701081632628741
745700196131147776
745698942516494336
745697932758876160
745697303999188992
745697051414040576
745696547808157696
745695545142829056
745695042229121025
745694284460990465
745693531612848129
745693401102815237
745692653040340992
745691897998475264
745691142352691200
745690257023209472
745689379998474240
745689123835514880
745688373935800320
745687616041811968
745686864984674304
745686232881999872
745685101661556737
745685101430841344
745685099761569792
745683966045261824
745683340720742400
745682582856151040
745681698986332160
745681449001619456
745680825518292992
745680067041320961
745679187172786176
745678304330584064
745677930542444544
745676918813495296
745676542454472705
745676040551424000
745675159005200384
745674031232212993
745673394511818752
745672513519296512
745671633176768512
745671380235091969
745670758014169088
745669876400939009
745668740889468928
745667734348890113
745667235255975936
745666351109406720
745665598575771648
745665219398111232
745664592290975744
745663960033144833
745663330132631552
745662451752931328
745662321192767488
745661948356853760
745661193344319489
745660565721210882
745659808720785410
745659428741971968
745658676527140864
745657791507988480
745657163545206784
745656788310163460
745656047088590848
745655533538009088
745654901523415041
745653894932488192
745653267158470661
745652510954651648
745652508731801600
745651630092263424
745651125915787264
745650622528000001
745649744089735170
745648987064176640
745648982903431168
745648236195524608
745647098020904965
745646469265260545
745645463601291265
745644706923692032
745644204102082561
745644080860798977
745643200614924288
745642067313975296
745641059133362176
745640935460044801
745640430969159680
745639551574679556
745638918444417028
745638795115102212
745637910716743680
745636782289588224
745636033556000768
745635398236372992
745634768776208384
745634390810689536
745633887313858560
745633254968074242
745633009185996800
745632374587822080
745631747887468544
745630864986472448
745629989479931904
745628976828264448
745628095688900608
745627219360309250
745627216223035392
745626338363465728
745625457794646016
745624701356081152
745624326507008001
745623569317650437
745622810949783554
745621812684300288
745620928562864132
745619413630656512
745450803956162560
745450052911566848
745449547862663168
745448666178125824
745447913896083457
745447153762373633
745446528647454721
745445773949599745
745445016722636800
745444511137009664
745444011020713984
745443511915319297
745442628473225216
745441995976380416
745441244080443392
745440740306620416
745440113723744256
745439609467863040
745439105639555073
745438222499471360
745437093107744773
745436461244121089
745435833105145856
745435076947632132
745434449043558400
745433942820556801
745433065397293056
745432311869620224
745431681583185920
745431051443576834
745430425464512518
745429665754546176
745429165311045632
745428284691779584
745427782293815297
745426901569675264
745426144380387328
745425516824432640
745425012581081088
745424253072269312
745423626657202176
745423119800737792
745422496288116736
745421861832515584
745421234779742210
745420481482919936
745419602524442624
745418847260401664
745418091429957633
745417461806301184
745416960121376768
745416204563558401
745415318894481410
745414945739661313
745414442490298368
745413813021835264
745413306714718208
745412427538300928
745411674992152576
745411046106497024
745410288527220736
745409656739205120
745409029208346624
745408403166609408
745407900370141185
745407270599659520
745406636622286848
745405630660251649
745405131055763459
745404626246209536
745403998467952640
745403244550164481
745402616469815297
745401984363139072
745401230038441985
745400723614105601
745400347934416896
745399846056636416
745399093527183360
745398459600113664
745397956803649540
745397206622994435
745396828619870209
745396200593985543
745395441173331969
745394812141117440
745394181867208704
745393553740824580
745393047962324992
745392171319197696
745391163209814016
745390721776029696
745390661327691776
745389904566181890
745389150208090112
745388897128095744
745388142975393792
745387390038999041
745386883673370624
745386131081035776
745385371597406208
745384748692967424
745384117546684417
745383491555078145
745382736274284544
745382232840278018
745381476104085506
745381240182738944
745380847440793600
745380467713654784
745379839205605376
745379082653818881
745378203640922112
745377575921459200
745376950152159232
745376441424961536
745375808546496512
745375434129424384
745374682224934914
745373924788158469
745373045817249793
745372538147049473
745371909764767744
745371159575801857
745370650471178240
745369644739887104
745369019289636865
745368008357445633
745367259569229825
745366625285734400
745365870189379584
745364990564012034
745364358113411073
745363983427833856
745363231317889028
745362476745822212
745361843355590656
745361465557782528
745360463861538817
745359707951480833
745359079674089472
745357816576212992
745357763325288449
745357319089774592
745356431709343744
745355931437961216
745355303600988160
745354045846601728
745353290666246147
745352656726724612
745352030726795264
745351399190454272
745350393123704832
745349765911576577
745349138833879040
745348507909890049
745348006656937984
745347374382465024
745346741881438209
745346241303810048
745345486165544960
745344980789649408
745344104071073794
745342846492901377
745342089832054784
745341205886681088
745340456532348928
745339574990180352
745338943663710208
745338317777018881
745337687326994432
745337183154868225
745336554130915328
745335795532337156
745335293159612416
745334413366427648
745333907629932544
745333410063757312
745332780893089792
745332403560919040
745331897925050368
745331144795758592
745330515985707012
745330136719859712
745329504768372736
745328878659440640
745328501855780865
745327491242426368
745326864433020928
745326488170422273
745325984166060032
745325357100851201
745324597583568896
745323889111212032
745323257847488512
745322629335224320
745322123539922945
745321121101250560
745320237948506113
745319356767178752
745318855547969537
745318225546743808
745317214924976128
745316463561445381
745315710935539713
745314827724161028
745314196842131456
745313570666196992
745313192327405568
745312559398428673
745312057889718272
745311300780122113
745310676520927232
745310043046809601
745309541621960704
745308788723441664
745308158571200512
745307655456038912
745307025148518400
745306392991535104
745305893508620289
745305140979081216
745304511959433220
745303751569907714
745303122159996928
745302493815439360
745301738140336128
745301115923619843
745299849902493696
745299095644942336
745298592328466432
745298094049263620
745297337476595712
745296330340315137
745295700921978880
745295069029208064
745294190226051072
745293563047514112
745292682373652480
745291424762109954
745290542653771777
745289913483026432
745289287327875073
745288655334477826
745288151086800896
745287396888023040
745286890308407297
745286140765274112
745285383144017922
745284628324433920
745283999610724352
745283372541419520
745282743177707521
745282236358991873
745281734955114496
745281101569073153
745280599284457472
745279847618977792
745279344759668736
745278592129601537
745277708851019776
745277206532886528
745276703421894661
745276073798209536
745275316709396481
745274562980548608
745273931779694592
745273300511789056
745272671483625472
745272294801448962
745271415671234560
745270784126496768
745270281493749760
745269527848452097
745268645878710273
745267768132415488
745267263687790592
745266510302744576
745265881660284928
745265376997543936
745264497305214976
745263487526518784
745262986164572165
745262357002264576
745261981024714754
745261475791515648
745260842871033856
745260470857146373
745259840616837121
745259086401380352
745258453283790848
745257950965465088
745257323279585280
745256819673665536
745255810696159232
745255311922106368
745254803916341248
745254305242951680
745239856691847169
745098654977921024
745098022539825154
745097395529224192
745096511126659072
745096260533686272
745095628603133956
745095007355338752
745094375349198850
745093492712443904
745092735355465728
745091983341928448
745091108053516288
745090474772357130
745089718937878528
745088964474740738
745088461154181120
745086948021178370
745086321492893696
745085443520106496
745084936890253312
745084183001837568
745083553252147200
745082926056902657
745082418416259076
745081667652485120
745080909590831105
745080410774843393
745079650276151298
745079022858625024
745078523845476352
745077640642473984
745077007105593353
745076002414428160
745075120092418048
745074496344825856
745074114260434944
745073235440459776
745072478192566272
745071722496405504
745071094877458432
745070211729063936
745069332770734081
745068702891118592
745068076853501952
745067444264378368
745066691432845313
745066060336881664
745065433242341376
745064679353913344
745063294759731200
745062541496356864
745061787091886080
745061030586310657
745059396296781824
745058765553143808
745058266439266304
745057886242480128
745057128977674240
745056496283713536
745055744152707072
745055117376815104
745054362003718145
745053478851055620
745052597644517376
745051966670278656
745051337109405696
745050462445985793
745049829827567616
745049078141173760
745048319932628996
745047439644594176
745046681494913024
745045931448483840
745045297441685504
745044547575611392
745043917704413184
745043039513546752
745042407901790208
745041775555911682
745040270790647808
745039893236068353
745039260038856704
745038504418230272
745037751976755201
745037123573604352
745036365197348864
745035861973147648
745035232307458048
745034606315900928
745033848564621312
745032339630231557
745030704266940416
745030076958400513
745028816205193217
745028314021060608
745027431560421376
745026809381552128
745026428228362241
745025802270441473
745025044422758400
745024412181729280
745023529435938816
745022776247934976
745022023173279744
745021142121971712
745020515543224320
745019879909171202
745019254538272768
745018747375730690
745018375080837121
745017491982782464
745016611736813569
745015857554718720
745015230644649984
745014346850385920
745013722821754880
745013088370458625
745012332934340609
745011832851554304
745011329719803904
745010569959346176
745009817257914368
745009191782318080
745008435427577857
745007802582769665
745007173470609408
745006422644002816
745005918488694785
745005032572059652
745004281200246784
745003529585065984
745002900393426944
745002144936321025
745001134075547648
745000508574707712
744999877407440897
744999120528506880
744998493526188033
744998115053178880
744997487409242112
744996859668660224
744996355496521728
744995472067043328
744994462489784320
744993838381469697
744993208158019584
744992831790538752
744991951158710272
744991193906327552
744990692880093185
744990062673281024
744989561520939008
744989057730543616
744988551868096512
744988172862504960
744987422300110848
744986918639656961
744986410931851264
744985658901442561
744985158432894976
744984276660166656
744983642888232960
744983142176436225
744982762071990272
744982008540053504
744981503025741825
744980749863034880
744980000747585538
744979112641572864
744978612370083841
744978236191424514
744977608408915968
744977101951016960
744976345566875653
744975594065125376
744975091344248832
744974338210750464
744973703822245888
744972947878739969
744972317101596672
744971817157263360
744971059116523520
744970303600791552
744969553688551424
744969046370689024
744968297322418177
744967539709644800
744966531042402305
744966031177703427
744965271576788993
744964773989605377
744963767436382208
744963134792810496
744962506670497792
744962003769298945
744961123179446272
744960365436403712
744959609845223424
744959110265835520
744958480755326976
744957724438499333
744957092583346176
744956468265390080
744955584848371712
744954958534029312
744954205748633600
744953699206828032
744952942839607300
744952436629069824
744951685286506496
744950884614864896
744950000816361472
744949123032432640
744948494675353600
744947862828527616
744947362469187584
744946478238445569
744945850418405376
744945222510063616
744944466323181569
744943835831230464
744943335253520384
744942582409527297
744941819662901248
744941068483911681
744940440537862145
744939809643302912
744939309841661954
744938549070401536
744937925738139649
744937168896925696
744936284762812416
744935532916965377
744934904182484992
744934402891780096
744933520275972098
744933019409014786
744932383116394498
744931757401616384
744931255897178113
744930624549445632
744930122982006784
744929238835298304
744928614248939520
744927608383512576
744927100302352384
744926342987321344
744925842564751360
744924962692169732
744924210519248896
744923828506103808
744923331086848001
744922950319513601
744922194459799552
744921815546368003
744921188124790784
744920683621326848
744919801231974400
744918801066582022
744917914847850499
744917289250721792
744917035553947648
744916281774596096
744915778940600320
744915022661353474
744914269225922564
744913762944163840
744913011681431552
744912505898733568
744911872567160832
744911249381588992
744910619548200961
744909992000528384
744909234375102464
744908734124593153
744907855216599040
744907348716621825
744906590415790082
744906089670582272
744905460944273408
744904453078323203
744903571632717826
744902819480670208
744902315816038401
744901938047762432
744901436190793729
744900551461068805
744900046731116550
744899164052529152
744898661377802240
744897781303754752
744897154481819648
744896398370414593
744895771019902978
744895270173872128
744894637450506240
744894138089279488
744893504573235200
744892747547480066
744891996133724161
744891242652147713
744890488398843904
744889729443893249
744889099820097536
744888217443368960
744887593469251584
744887084104753152
744885317551874049
744736972766322688
744736095376572416
744735589061124096
744734203263197184
744733574885150724
744732819449012224
744732198574526465
744731313236738048
744731063587479556
744730181126979585
744729423975419904
744728916594692096
744728293690253312
744727661864493057
744727033004101632
744726653457285120
744726027520385025
744725269269852161
744724514693615616
744723631939461122
744722880278077440
744722126700167168
744721499978772480
744720866039181312
744720240215527425
744719611854196736
744719234966630400
744717975383609344
744717344795136001
744716713455980548
744715960217702400
744715333550759937
744714702291406849
744713948251959296
744713062314352641
744712313563807744
744711807034662914
744711179776450560
744710419898580992
744709671521390592
744708791019573249
744708535611723777
744707909586583552
744707149570408448
744706645415047168
744706018752475136
744705388059234304
744704255433580544
744703373518188544
744702747744804864
744702369334706176
744701488845422592
744700735254716416
744699978979942400
744699095701405700
744698217644855296
744697340070506496
744696330715463680
744695449609768960
744694567249678336
744693810685423616
744693311894519808
744692686012059649
744691927883329540
744691422629105664
744690418370154497
744689661923201025
744688905841217536
744688403032186881
744687774574469120
744686897029472257
744686013231022081
744685635835854848
744684882610225152
744684250893586432
744683498569555968
744682864466345984
744682360558526464
744681610205929472
744680853884796929
744679973928210433
744679089743794180
744678335637237761
744677583497863168
744676953769160705
744676322035834880
744675570949173248
744674816091906048
744673933681557504
744673179029901312
744672551557804033
744671922512924672
744671413303410692
744670789048373249
744670160322240512
744669651444056064
744669029390921729
744668520143814656
744667890914328576
744667263320498176
744666634409881600
744665879368048640
744665251581288448
744664370223816704
744663360105549824
744662732243406848
744662227144310785
744661603560325120
744660974486061056
744660342274400256
744659716509405184
744659087393169408
744658582134755333
744657827281657856
744657321175977984
744656570169032704
744656192568442880
744655561409634304
744655059594653696
744654304972255232
744653674421489664
744653168328466432
744652418739101696
744651910783766529
744651283131437060
744650656363986944
744649771776892929
744648895116935168
744648137017483264
744647385696112641
744646628016070657
744646124611452929
744645497034465280
744644993965498368
744644363074969600
744643863881515008
744643106482585604
744642351260401664
744641846555582468
744641217191870464
744640333947015169
744639709889036289
744639079854256132
744638571601137665
744637942795231232
744637188508389376
744636562508492801
744635556286599168
744634799302844416
744633667029467136
744632916567724034
744632785890058242
744632159571304448
744631655638372352
744631150728056832
744630518906490880
744630015715860480
744629388759736320
744628761728024576
744628001694941187
744627376613515269
744625995148333056
744625112310226944
744624232588533766
744623222721753092
744622467847622656
744621837179621384
744621209028005888
744620704591646722
744620206895423488
744619324816646144
744618443505278976
744617938754252801
744617306173620229
744616556517330944
744616050562572289
744615547988475906
744614791176720384
744613412307537920
744612655470678018
744611896729317376
744611142769729536
744610517709381632
744609884788891650
744609507355942912
744608752393945090
744608247622045696
744607622179995649
744606994691043328
744606617254170625
744605989316395009
744604601723293696
744603968265920512
744603341838295040
744602463836180480
744601833864208384
744601203519041536
744600574486732800
744599947480227840
744599190349586432
744598433646977024
744597677246189570
744596922611163136
744596298779631616
744595543956029440
744595039523831810
744594158522818560
744593399974662144
744592649676537856
744591763680141312
744591009884016640
744590511047122945
744589879321964544
744589000791494656
744588367598333952
744587614783672320
744587114642186240
744586230751428608
744585351482728448
744584719703105536
744583717239160836
744583332801945600
744582961433972736
744582075475464192
744581449043554304
744581366042361856
744580948528865280
744580318796062720
744579814493822976
744578932616343552
744578055759265792
744577424218787840
744576921267277824
744576162035277824
744575785378381824
744575028239413248
744574402918920192
744573397720412160
744572769040478208
744572141589278724
744571380658642945
744570753811550210
744569743319961601
744569241588875264
744568866915885056
744568238105858048
744567482573271041
744566723538464769
744565969071181824
744565219062652929
744564588277006336
744563831100289024
744563332871380992
744562698289979392
744561819348516868
744561064923308032
744560309025800194
744559552281051136
744558170400563200
744557161762611200
744556411678429185
744555778564988928
744555148387704832
744554519770632197
744553892097171459
744553135558004736
744552630572158976
744552003800440832
744551248897007616
744550746562113536
744549993529237504
744549237426393088
744548606976397312
744547851443798017
744547223329964032
744546345080479744
744545714471116800
744545212035391488
744543825922756609
744543073984745473
744542443127844864
744541938293039104
744541308765806592
744540807693217792
744540428662300673
744539799529357312
744539042910461952
744538290133549056
744537662518788096
744537030063861760
744536400297603072
744535020967104512
744534135436414976
744533382298664960
744532501746622465
744532000233693184
744531368982380545
744530615450632192
744530239448096768
744529478437699585
744528727338590209
744527844554866688
744527215380021248
744526458475937792
744525704448999425
744525078512177152
744524197272162304
744374585299197952
744374083689713664
744373325137350656
744372698873233408
744372066938388480
744371562472685568
744370939564015616
744370310632243201
744369680937263104
744368923122991105
744368422885031936
744367790770032640
744367036080488448
744366405672370176
744365906197786625
744365397152006144
744364771315683328
744364267680366596
744363509337694208
744362634082811905
744361878332260352
744360619898437636
744359866177830913
744359488547848198
744358603805581312
744357847841017857
744357224127037440
744355834705154050
744355084713156608
744354201577230336
744353696675299329
744352817847107584
744351936074366976
744351181997228033
744350429572562944
744349672043585536
744349292236783616
744348788446367744
744347781570125824
744347155029237760
744346146261237760
744345391370428418
744344642187984896
744344009183625216
744343129260703744
744342501574709252
744341742351192064
744340739375632385
744340235128029184
744339477481529344
744338850298859520
744337967100076032
744337469680717824
744336961909956608
744336081462558720
744335451713003520
744334950942519296
744334191991599104
744333562925686784
744332684298588160
744331929328193538
744331302820790272
744330420741865472
744329791604727808
744329161267896322
744328534580203520
744327773976666112
744327024261619712
744326392679174144
744325640338415616
744325012895600640
744324255056338944
744323371568107520
744322621517422592
744321363347832832
744320480421650433
744319722947219460
744319220499030016
744318462567276545
744317840136667137
744317332277891072
744316702222065664
744316203435339778
744315572205268992
744314944821157888
744314442695860224
744313935554183169
744313307960512512
744312928254328836
744312301348491265
744311668876918785
744311163844976640
744310537433931776
744309905948049408
744309406783909888
744308905480585217
744308148564025344
744307390049312769
744306639021481984
744306132911529985
744305630220001282
744304876813950977
744303998430121984
744303363270057984
744302738008383488
744301852976635904
744301103928455168
744300722183933952
744300093042475008
744299468204367872
744298834243751936
744298210470944768
744297452501557249
744296693944950784
744295815125020674
744295186767945728
744294556741537792
744293933451075584
744293677934194688
744293047068917760
744292546122231808
744291788404424708
744291410577326080
744290785940611072
744290158124597248
744289650647379969
744289021203976192
744288392230408196
744287765211287552
744287008504283136
744286377991340032
744285374269296640
744284868968873984
744283990698393600
744283362592849920
744282482711793664
744281851473301504
744281348190273538
744280587968585728
744279959913431041
744279588142886912
744278832170012672
744278323593871360
744277572121432064
744277068909678592
744276311296905217
744275806692741121
744275053513162752
744274298442031104
744273798925553668
744273044139499520
744272285398241280
744271655170629632
744270907120640000
744270395528876032
744269644089933825
744269270628995072
744268262498770944
744267631222493184
744266878504308736
744266123281989633
744265240842403840
744264611189362688
744263606812827648
744263102296956930
744262469057658880
744261715320152065
744260961339641857
744260333150187520
744259830110625792
744259198507069440
744258571412578304
744257943852376065
744257062956302337
744256557072912385
744256057149628416
744254798229344257
744254040721096704
744253285545041920
744252529333022721
744251901651226625
744251275483586560
744250644760956929
744249889647894528
744249261844402177
744248628135469057
744247997735837697
744247249253765124
744246744725225472
744246114682048512
744245356532236288
744244604296376320
744243848851951621
744243091809280000
744242465998245888
744241711304544260
744240959198625793
744240454494003200
744239571584618496
744238565853364225
744237809234489344
744237308757446656
744236554458042368
744235921097166849
744235419152195584
744234788626771968
744234034352496644
744233154769092609
744232400243220480
744231646065397761
744231014713667584
744230134824173568
744229129566982145
744228749433012228
744227993841700864
744227242012717056
744226359195611136
744225728024174593
744224977201807361
744224090832019456
744223218228035585
744222583504048128
744221832019009536
744221198536552448
744220443989647360
744219689447006208
744219063665074177
744218307448967168
744217049719783424
744216291427385345
744215541167104000
744215160210993154
744214528402014208
744213901785468928
744213398867443712
744212770925740032
744211887991173120
744210506613932032
744209871743107076
744209495992188928
744208745241026560
744208242373361664
744207355353640960
744206852905394176
744206349333041156
744205600955858944
744205344805511169
744204336180396034
744203834222837760
744202956371791873
744202072350916608
744201319913783296
744200439562932224
744199433001144321
744198677644861440
744197923185926144
744197292526342144
744196918184534016
744196030409879552
744195403923492864
744194900741226496
744194150841487360
744193896717127680
744193139158589440
744192512789716992
744191753872355328
744191000629805056
744190244665319424
744189617600143364
744188861727682560
743955016013201410
743951867672170496
743950239384510467
743948728503926785
743947591285604352
743945833779863552
743944443825430528
743943063010164736
743941429718810624
743940546868224001
743938908824674304
743937651825270787
743935763239165953
743934132271489024
743932999352389633
743931738720735232
743929723659689984
743928841547153408
743926957251923970
743925696213487616
743924693795766272
743923432342032384
743921670671507456
743920289021566976
743918904146223104
743917016017477635
743915257341546496
743913620120215552
743912364035158017
743911227865333761
743909718607945728
743908083160780802
743906699707318272
743904935281041408
743903303742824448
743901541296406528
743900409442541572
743898895579774976
743897514626121731
743895873965395968
743891977603715072
743890467675332608
743889458953584640
743887571378286592
743885433319350273
743883293016227840
743882036570652672
743880775473369088
743879390954663936
743876623481593856
743875240749522944
743873982244478976
743872723395420160
743871468430327809
743870206095794176
743868572821184512
743865556445499393
743863664789364736
743862534445228032
743860894967410688
743859515074949120
743857371231846400
743855614636457984
743855614216937472
743854607114215425
743853724083298304
743852717450354689
743851080572874752
743849193643573248
743847938422607872
743846679875510273
743845419755667457
743844034670641153
743843157046091776
743840763616894976
743839256099983360
743837237268389888
743835856054661120
743834094656622592
743833343880396801
743831957637840896
743830947485859840
743829690037714948
743827551156568064
743826672768557056
743824656923242496
743823774554816514
743822391298695168
743821132587995137
743819502211596289
743818114169716736
743816732020707328
743815217319133184
743813458458611713
743811826660499457
743810062846693376
743808300815351808
743807416664465408
743805660543000577
743803770048483329
743800873718059008
743798232749223937
743796471540158464
743794962811101185
743794082254831616
743792569474236416
743592753381117952
743591370884001792
743590361025617920
743588855643836417
743587218468536321
743586088539783168
743585081504186368
743583822718115840
743582813589508098
