897543135655481344
892425903564742657
880192539457761281
865615570078547968
865615568459767808
865440481089474560
865093446515605504
864231615370743808
863088459035967488
862741526526304256
862353234769334272
861988022702583808
842791197726859264
831579902784606208
831548565839179777
821939688319528961
773919066348134400
773554854606147584
773199088225366017
771387490653515777
771023139367104513
770657515692445696
770300578719117312
769205684378284032
768479436081463297
768123860738650112
767754789950074880
766670629370261508
766309225005887489
765942583319146496
765220968708964352
764131351175888896
763407695428759552
763051650575511554
762685404831096833
761597501703008256
760896044896956416
760513260848226304
760155893530923008
755868817549430784
750406698783744001
746138988822540288
744620811009429504
744575556432257025
744213121099661312
743902626182356993
743488367870959618
743171510202937344
743171423418515458
743171340488839169
743171297350324226
743126179515752449
743125986053525504
742763629573853184
741721742633144320
741676428823957506
741425664029392896
741425446034636802
741425264303837184
741424918173089792
741424533031129088
741359341370933248
741314067697000448
741293947843026944
741068848107945984
741068759016710144
741068741090250752
741068560215068672
741067088060547072
741031624490385408
741031526394011648
741030711742730240
741030638279483392
741030462823399424
741030435606515712
741030405013266432
740997621611827200
740950643041411072
740724193486987265
740634636766695424
740626426374676480
740612698971332608
740612662862614528
740612168349945857
740612108186877953
740590969381224448
740269373131083778
740269160391954433
740269018884517888
740268842631475200
740268630470971393
740267773289476096
740267615969509376
740263109751889922
740262938024521729
740262725427814401
740262302562258948
740245726102327296
740237251406225408
740237103158726657
740236864129519616
740236656775704576
740236475548246016
740236244597276672
740190879030247424
739949496914837504
739949269868793857
739949087324286981
739884769031258112
739869886025863168
739869631087710208
739594867614093314
739559500659597312
739558930053877761
739558409456877568
739558357518848001
739558119206850560
739557964093128704
739547378294755329
739502144277991424
739355874209071104
739347368324136960
739347325852618755
739230293685501954
739212727642521600
739166243026935808
739166198143668224
739139740935426048
738946154243575808
738946089710014466
738905123674456064
738904758895812609
738904721532932096
738904695792508929
738901883729805312
738867960152887296
738855627204616192
738854164290097152
738852849652637697
738838286995595264
738822726203277313
738821415776878592
738810874069061632
738810843429666816
738810400481808385
738806092914774016
738773638996856832
738773410780577792
738766171294425088
738765055466954753
738765003277246464
738764980430872579
738753074232102912
738745702214303744
738590404946206724
738559760883011588
738559735863992321
738559713843941378
738559689680510977
738559665714253824
738559637025234944
738559618066960384
738559478765780992
738535753722957825
738520233548210177
738516769288032256
738505679938293761
738505530625253377
738503448031678464
738497934090600448
738497914230575104
738492740099411968
738470380893937665
738416575250857984
738244267919843329
738244204233531392
738160135592255489
738143159935369217
738101978761306112
738052568429907969
738049995874537472
737787725768593409
737758092230676481
737736344336637953
737691496741109760
737690961707339778
737449181992751104
737402438286610432
737010683355631617
736987523784679424
736648325412196352
736603031370797056
736344233590718464
736289458622857218
736266441121402880
736254210199539712
735982829700415488
735951130916577280
735898408305594368
735888293028450304
735620330333470720
735620294186913792
735619119089750016
735619073548029952
735614647768776704
735594768923828224
735590198046756864
735589404836691968
735587206832787457
735586888719949824
735586602320269313
735586345859579904
735586053759873024
735585605191663617
735524203667980288
735498089058865154
735498041994534912
735497868291624960
735497855595466752
735497832333901824
735258714987335681
735207658324557824
734900166180884481
734898427558006785
734897384040374272
734892292100722689
734891116781260801
734890414952615936
734889223627669504
734888469068189696
734887805269184512
734882031386152964
734881754905972737
734881623112613889
734881007346843648
734880529154248708
734879611042078720
734879016465924096
734878417091502081
734877954191306752
734877547423531008
734877235002413058
734876629726593025
734875631616430081
734874811273465860
734873534552539137
734873514432430080
734873282378358784
734873265596928002
734872587185053697
734871097276018688
734870693435846657
734836382758146048
734803087475478529
734803078097047552
734802142188457985
734802135867621376
734801613408329729
734801334487134208
734801317068210181
734801310978068481
734800995897724928
734800995889389568
734798690880212996
734798684253265920
734798202432593920
734798191145684992
734798167582121985
734798159252180992
734798148376334336
734796815468535808
734796803309195264
734795580396933121
734795569974120448
734795563053502464
734795420724035584
734774150493933570
734578382948683777
734502478696321025
734422310900404224
734168945054339073
734161421081149440
734023791207190528
734023779060449280
734023766427176961
733855777027416064
733821270177943553
733821237596553217
733815553152962560
733813738227257344
733789047097851904
733787335578378240
733772185807036416
733772056228167680
733771824241233920
733771683811725314
733771562650898432
733771269427040256
733771005345300483
733770728856813568
733770610439008257
733770292380717056
733770212747685889
733769924984852480
733769506091335680
733769345743126529
733769150603071492
733769106869096448
733768943677153280
733768806410158080
733768719067975680
733768368717758464
733768207832645632
733768103474126848
733767953091551233
733767882258186240
733767619761836034
733767543769452544
733767159504113664
733767041753198592
733766861926617088
733766511400243200
733766088224280576
733765207785385984
733765026142650369
733764456879149058
733764188410118147
733763950790205442
733763833941098496
733763600259657733
733763396345204737
733763314644332545
733762612857540608
733761984680894466
733761785610801153
733761322903560193
733761003918401536
733760645141762048
733760443651653632
733760175648215040
733759897251254272
733759753072070657
733759502185603072
733758508596879360
733757150992990208
733756917340868608
733756599135768576
733754227823128577
733742893937131524
733703914135027712
733483235246768129
733456016000593922
733436909133963264
733436809032663042
733431871489597440
733417618514776064
733387625185316865
733382233554321409
733354952991481856
733342912629497856
733097612765765632
733093880611110912
733088349846659072
733086558933426180
733086532370862081
733086511588102144
733086003502665729
733030131904585729
733019161547276288
733016534914764801
732738419252592640
732738393809903616
732710697042202624
732700643580747776
732667589080584192
732646456243453956
732645894286381057
732645447005802496
732645227903766528
732641992103071744
732641705917349889
732641379969552384
732620738297921536
732398751625580545
732386123012407296
732383784679542789
732379347814752256
732329282932854784
732328953080254464
732328941466226688
732328806392811520
732328687127797760
732328678101647360
732328534757150720
732328290334035968
732328281219862528
732327946472460288
732327938100625409
732327834195132416
732327657359036416
732327520305995776
732327495781912576
732327397857447937
732327303737303040
732327294274920448
732327286003765248
732327246422151168
732326961297510400
732326851406766081
732326845694103552
732326669755633664
732326625317003264
732326611383549953
732326602365771776
732326588067418113
732326524343353345
732326100907347968
732326081135435777
732326075108196352
732326065998176256
732326056653266944
732326045014069248
732326030459838464
732326017772052480
732326003595304960
732325995391242241
732325986058960896
732325979998158850
732325970972008449
732325964428939264
732325675172925440
732325256073908224
732325142257229824
732324792431300608
732324570531667968
732324259066826752
732324205975330818
732324203228094464
732324173045891072
732324164023898116
732324155857588224
732324144436510721
732324129093734401
732323906644664320
732323583913955328
732323241453182977
732306945324027904
732305355586326529
732304665971445760
732304356360507396
732304042534260736
732294676905132032
732294003241144320
732293665872216064
732293631911034880
732293061343096832
732290303713906688
732279635346477057
732259530625552384
732251967238602752
732250960374960129
732052802168442880
732052450828386304
732012466792628224
731982568204075008
731969947249709056
731969922796912640
731969909958320130
731969888655310848
731242723773054977
731242701270585344
731242678105464832
731226760356855808
731196829094699009
731196428949721088
731168971651604480
730931121962127360
730914715312869376
730914678319153152
730914644508868608
730914610220408832
730914579677515777
730864534257209344
730804916323684352
730542619768455168
730542248417333249
730498154836041728
730273223925866496
730080006466994176
729918155103997952
729811890273026048
729811754306277376
729765716803526656
729061068782247936
729060990516604930
728756357252276225
728756323936931840
728747261614661632
728652165422555137
728386498697928705
728369862603505664
727995286639935488
727995169799208960
727990197099462656
727933958520905728
727659130039623681
727642712577441793
727642596286201856
727642575843135488
727544466379173888
727275252028334080
727275184831369216
727211822630113280
727180872584044545
726202399828791296
726150692327444480
726134826659512320
726106208994619392
726089701803724800
725859713007538176
725845098462728194
725844965981462530
725832311523020800
725830739820843008
725768091792117760
725768077581778946
725727218593206273
725534978356875264
725492071239307265
725478005020069888
725477908337192961
725467734385917952
725452298986483712
725433768635310081
725420675922432000
725373228600823808
725097956794310656
725082754203922432
725044248186335234
724852261252435969
724630613160943616
724285241922195457
723682820518899712
723657646927040512
723542305462833153
723290915238875136
723199444154351616
722569172702482432
722535587371024384
722487076311015424
722487038751035392
722486989816070144
722465553042964480
722465516544139266
722465482020773888
722179272723406848
722171951670632448
722107460748595201
721113048786665473
721020332652437504
720417462643068930
720377368544555009
720374811357093892
720045133597700096
719933995912273920
719660982096662528
719329372646191104
719303107532824576
717758779949850624
709904999505997824
709153579198582784
708350767233572864
708061823610658816
707285418140573696
706169373635923968
705845368542527488
705768604860600320
705529813902053376
705211288180256768
704821552991219712
704352801049022464
703625797320376321
703257632362991616
703031366611406849
700447242990137344
700376886753435648
700133639099543552
700084703118778368
698914410975219712
698553306935734272
698213410694045697
697842220125192192
697502419391873024
694943392422211584
694920856389038081
694558249845026816
694555720524500992
