657941879686832128
657562700365627392
656917365968519168
656251010483146753
655860025181736960
655365816515469312
655128377108602882
655067211162329088
655016620780355584
654834537529262081
653606101586456576
653282669141360642
653170447375278080
653021756056281088
652673518094708736
652664450886070272
652299949858758658
651872996903227393
651793697353412608
651781009009197056
651766503491153920
651093536549441536
649563446879514624
646733509625688064
646425470448218112
645929600116203520
643822548711546880
643797891295911938
642487289352953856
642037627185709056
641358968162357249
639519984796966912
639119446959890432
639119084391669760
638484129668067328
637637081095913472
634498010525925376
634382095918465024
499193202046668800
496423168207511552
474712764955385856
