740295919627735040
732251437757931520
721024091147345920
720662738783997953
720309911435874304
719940728290439168
719580650920026112
719208545120612352
718964230993612800
718592980723089408
718486612263329792
718128787116990464
717759466905542656
717396783370887168
717079724707618816
717064112019079168
717063082963505152
717062930580316160
717051243617595392
717034132568686592
716309478191284224
716052933935112193
715976964616634368
715954466080559106
715592104039284737
715580916635189248
715580606785130496
715267537789960192
715231883135684610
715219567656697856
715019489662861312
714957851001630720
714941033671319552
714940230197977090
714939299624460288
714938798711242752
714902792490639362
714902228520280064
714837873631989760
714834519015034880
714611726289797121
714605116926480384
714572905464643585
714527609317629953
714519982969720832
714519363261440000
714508638161731584
714507866120388608
714120130402377728
713848237627740160
713802962892668928
713757784815374336
713533452704985088
713469987692929026
713469558791639040
713452950606254081
713425580805517312
713409565342105600
713409019818471424
713403204738748416
713401386843525121
713387663693377536
713132232576086017
713116462563463168
713113590597754880
713093671185350656
713091352053944320
713090777602088960
713090342363357185
713090147886231552
713063278134562816
713025342986911744
712761510179672064
712745424906399744
712744700898316295
712737162337394688
712724393621741569
712703666504003584
712703263964020736
712700951463911424
712690050807365632
712688735196987396
712688250658226176
712662977699258374
712394391940415488
712393046680154112
712360960548327425
712355635225075716
712341297369980928
712338158311055360
712323431845466112
712319246542311425
712066259655876608
712065054707847169
712048119899406337
712046830654234630
712029795228450817
711962910856126464
711959704784801796
711958637594300416
711958019106471936
711610507287875585
711352834701271040
711266106661539841
711237054852497408
711048181434298368
711045886676107264
711045509536821248
711044730407157760
711043331497730048
711043258080567296
711043008787914752
711042430447923200
711042258766663680
711041746717638656
711041216712814592
711041137654403072
711041116938735616
711041102346739712
711041089516343296
711033681524051968
711033408227377153
711018353716887552
711018158094557184
711010342717894656
711009922788368389
710991584087543808
710990917285511168
710987954261512192
710971615891300353
710959926458200066
710959413482262528
710955000889876480
710953400997810176
710941400985149441
710940101245685764
710917728597454848
710913389854330880
710906772391858176
710899861369933825
710888526468882433
710883547947511809
710877904415031296
710876610900205568
710876538544099328
710876284272836609
710875941644337152
710875770856472576
710875469650874369
710875112703045632
710874783529873408
710874623756210176
710874290506194944
710874083626356736
710873358355726337
710873020902952960
710872681646727168
710872448829263873
710872250908454912
710870939051798528
710870779223617536
710870514441433089
710870212313100289
710869844132933632
710869749102678016
710859089593520128
710848894234562560
710843612616118272
710631896863080449
710614196392624129
710612960109006848
710601697588957184
710600358003916802
710595162385354753
710593481492832257
710592428047261697
710588009809195008
710581410306732032
710556052245319682
710552616359620608
710551543171424256
710551281320988672
710548320360333313
710547895141974016
710547772961857541
710547536272949249
710547295960494082
710547224736825344
710547118080049156
710547087478398980
710547027961253890
710517225178816512
710516356127580160
710511310979465217
710510540536336385
710510114277629953
710505404766167040
710504965450637314
710504920215113729
710496420265107457
710272928508616704
710271622234513408
710267553793372160
710264935607959553
710264110936670208
710263572560015360
710263498287218690
710263391693180928
710263183689256960
710263062159335425
710262948040744962
710262827529928705
710262650786209793
710250092880465920
710213232942665728
710211278719942656
710210702657466369
710189993579388932
710183823422656517
710183087024558081
710182787404402688
710171355526926336
710153171633475584
710145605004230657
709908865232412674
709908553029390336
709897449989484545
709858246853431297
709820600970121217
709816345446076417
709784433809686528
709778930648162304
709530172085673985
709527578655072256
709512207634141184
709511566178308096
709511147691573248
709510811853721600
709507882782318592
709507218224357376
709504413455552512
709489141726064641
709469251648757764
709445229959483392
709137727753555969
709124117430054913
709113700347617280
709088450356449280
709082324302848000
709079669753008128
709065909424529410
709064418286559233
709063097479077892
708854572073115648
708854004399284230
708851367507419136
708850040802967555
708850014085251072
708849879192182784
708849791480926209
708845123216379904
708843971041034241
708843232348626944
708842789165924353
708820485258096641
708809733151436800
708808695870717952
708807255664123904
708803590454779905
708801636882186240
708800703850876928
708797501575340032
708796454320545793
708794036841160704
708787489696186368
708761956522438658
708746010713919488
708744152280739840
708743484417572865
708735569510080513
708721174843248640
708701679290589185
708411752443023360
708386004298633216
708383578057355264
708383125965942784
708359398079504384
708329342963679232
708093448595701760
708086963320926208
708083738278690816
708036152591261696
708034209366077442
708033305317412864
708032367282298880
708030048549380096
708028837834170368
708012297436864512
708006544864980992
707996102943965184
707990744380743680
707988251680706561
707978892741574656
707762790778277888
707754573830590464
707689666812588032
707687023788826624
707654757729624064
707624934277656577
707610633399885824
707346480814694402
707342876011704320
707339277986713600
707336927188353025
707333600119664640
707298663828160512
706979963883429888
706880532928303105
706847890480607232
706617215345401857
706180382710845440
705897887184633856
705897504521461762
705897203357913088
705896472743702529
705895515964182528
705893692545040384
705856672686804992
705833194818543620
705833009149321216
705826004208656384
705820114013319168
705820040852086785
705538756066074624
705521984290029568
705501263534796801
705454030915444736
705453906281811970
705192999937040384
705118045711245312
705097816645894144
705097558121717760
704843227602558980
704722332963581952
704448057400823808
704411368376692736
704381366637629440
703997537313624064
703758793142722561
703339676648603648
703318458327572482
702995303230787585
702588840872157185
702222806935871488
702220227707326465
701905612423217152
700774410358284288
700434517509550080
700407226738016258
700384901212733441
700364836987924480
700100836085477378
700017087704477698
699739021874958336
699307441687654400
699300151098286084
699292941290835968
698612946826567681
698295220866187265
698286398206451712
698255796811862016
698242013934653440
698241932011634689
698225964875120640
698225871837097986
698204023896211460
698203872502779905
697485713110126593
695678380704931840
695320773452554240
695292160871133185
695035525523206144
695035428412485632
694944278271827968
694663682253549569
694292559665983492
692435248479543296
692404546576998400
690622523768205313
690355980471762945
689847051912253440
689625572532752386
689477245522423808
688088770722283520
686971412704288769
685228307990712320
682630279287160832
679732088690601984
677911863972241410
676484406396248064
673910892023672832
671751706628222976
671417089882759168
669569159416684545
667764363273498624
667410997632626689
665235238335868929
665196604492648448
