938865106171113472
938105207271165958
936656727008862215
935206856712245248
933743270479450112
932669895082250241
931236900907765764
930103566848659457
929036129915015168
927641602369245184
926579479950045184
925377034305536000
924780932317532160
924317317701529601
923984200767852544
923708118768394240
922886180047335430
921482652410097664
919978861785440256
918537898772910087
917827114384027648
916347393834143750
915643245249617928
915290668662231046
913825768706396160
912723488489791489
911273936670904320
910216825983700996
908752290135207938
907650064977408000
906562877045170176
904728294947299328
903651752825716737
901111702766452737
900046435525304320
899702318958030849
898288878192381952
898228933312733184
897875118411702272
897551207945953281
897164273473990656
896069176837545984
895314515549716481
894980024184565761
894649443030491136
893532030696398852
892446681475817473
890973208178040832
889893048154341376
888452118847291396
887010796739457025
885952358152318979
885905193145167872
885545681439645696
884457314157244418
883356779190640642
883016070814150656
882252681166807042
880818757110829056
880456205314994176
880094933771841536
879774913820622848
879762215334801408
879510377960263681
879424111285608448
878299016198475776
877244637152411649
876484664336175106
875797907630432256
875786946215325697
875749608386965507
875005119229808640
874307687114309633
873189510443663361
872976090393915393
872501905037172740
872128725688741888
870754258613923842
870376579683291136
869962356142600193
869645113588371456
868134815639502849
867901042125570049
867784397587496961
867395042134175745
866685731858731016
865701639214313475
864859207182561280
864159905015640064
863770906316820484
863747715934679040
862707723363913729
862416215247028224
861989372710858753
860517503839199233
859468285703802880
858027916202061824
857271401019056136
856570665679409152
855805917039697920
854746333638426629
854060391369814016
854047225772724224
853631577133260800
852931998180048896
852588368756125696
851914806122741761
850408879217410049
849703896591237121
849325047688949763
848198192202043395
847876433242443781
847192167462383616
847161720682364928
846828069180641280
846422067608244225
845350200227102721
844929778289397760
844610550868983812
844224140298997760
843873090845270016
842756062667325441
841669061595549697
841352105940123648
840269026874032130
838801278419480577
837724078765182976
837362304438120449
836277613660360704
835187598591213569
834456428597346304
832295081352785920
831549621377892352
831269714781310978
831231570170281987
829768139764273154
828708970579763205
828302191614058496
827577661077782529
826846911957053440
826162773310701569
823947377199431681
823637623516307458
822489300394721287
821778633048129541
821447089473327105
819983398726959104
819612240571670528
819272726259048449
817494814577086464
816691391833243648
815432868780457985
814169664645373952
813474470358761472
813055487486742528
812795008038244353
812372660432801796
812026651567591428
811675494173253636
811639616877002752
811519708205842432
811401032836284416
811157316636672000
809853074428850176
809789494157340672
809455505546448896
809111885874364416
808803400825573376
808387432307687425
807630966420164608
807284139921731584
806967629248364544
806602702818050048
806273139894321152
806182320097165313
804753144743919616
804466626078842881
804037273574637580
803660199181615104
802258363916701702
802195152789905408
801849691289829377
801109546739625984
800777911943004160
800761994231939072
800017881639456768
799701807677091840
799652755489034240
798956922703642636
798270025073192960
797141278982967296
796762791470305280
794608714133147648
793128629077020672
792119344964575232
791701230535909376
791034242402701312
789510449410826240
788455640452722688
786978042602201092
786643226484760576
785896840562483201
785541354688540672
784485232598745090
784423157813870592
784062422323716096
783709437844488192
783399667598065664
781917017830031360
781539272813907971
779366162312392704
779013292568305664
778618396250365952
778264912892080129
777946730394419200
776845502100992000
776498225834520576
776117632508583937
774640696036818944
774326924139171840
774108551165771776
773915159744110592
772827650859659264
771395420685684736
770352823838076932
768898586826330112
767821452389261312
766380327384252416
765957035867328512
765579070314778624
762321736427679744
761670373469544452
761598924259991552
760902245240172544
760234463456595974
758103394636722176
757712913918459904
756579642656653312
756519176789958656
756286300517502977
756171983822266372
755397193436192768
754006252565430272
753281117797675008
752673428327530497
751497176740663301
751441633271513088
751169707512852481
750753628932243456
749996269699936256
749271510511022081
748958477985337344
748913324914388992
747890977579339776
747870850511147008
747799882350665732
746509464996581376
746410220545445888
745794367932137472
743809544308940800
743136321011474432
742091067403554816
740582599731478530
738806623234199552
736595328468586496
735243192094756865
735177431741386752
720411927852163074
714628013866876928
711960605062598656
704184810915254272
704120513140912129
704003221241507840
703738280446025730
691368208528494592
691367698136199169
691367104499564544
691366188329345024
690592005190205440
690266250166038528
688124711427915776
688124278978433024
688123864585375744
687740677350932480
687389347243503616
686662560788131841
686661920749948928
686661233085419520
686659856913313792
686658497367392256
686657830145933314
686656909001232384
686656043800203264
685176054693105664
684836917284876289
684835822475063296
684835076706811904
684452241449828352
684133750171660288
684133205662892033
683768438083465216
683767912843317248
683767327347884033
683766542610358272
683765704118550528
683765032165978113
683764429968805888
683764020457897984
683762951740887044
682969591530831872
682728081245769730
682272861810245632
682244548953702400
681888011450216449
681882174035869697
681610776310865921
681519801022296072
681479896351293440
681478703667351552
681477199313133569
681476277203779584
681475945740500992
681474348943851520
681473682825457664
680433010538364928
680161215583223808
680070596869406720
679798474959798272
679709087345586176
679708313504854018
679708129412669440
679390642368176128
679380178024407040
679345769376309251
679037257911808000
679036475304976384
679035360853286913
678303964371296259
677941508650217473
677922224888791041
677609675005796352
677609029372387328
677606351007256576
677604490061725696
677601242546348032
677262103888138240
676869573577187330
676169794647887872
676169111236399104
676168565477765120
676164359614279684
676163777423917056
676163021748748288
676162741481119745
676160259300421632
676159381990473728
676158685324947461
675377867228758016
675100558127177729
674997388122066945
674680018040172549
674674057300877313
674669635984297984
674666424384823296
674662387778121729
674589478619582464
674339272762200064
674337927481171973
674337294745264131
674335729393233922
674334599313547265
674317657278058497
674257546488623105
673973427418607616
673971700044812288
673910270973124608
673864898821144577
673590884592566272
673506716328136704
673501765875032064
673230939636428801
673140195152166912
672897669971357696
672883585825808385
672882190921949187
672881481149243393
672581167233765377
672532219605475328
672531299698155525
672529894669164544
672183963557974017
672130397002596353
671831808196112385
671830281607905281
671735659506368512
671392746192547840
671356042333261824
671352804783599616
671344537424498688
671334934053847040
669924813587087361
669516134626922496
669263110126108672
669262748157648898
669262506523828226
669198442824994816
668900613141471233
668899239649517568
668841224896274432
668806296662052864
667806417743572992
667805994802483200
667471143985684480
667470527800483840
667432388214005761
667387045489336320
666641216927346688
666638975248039936
666637723101433856
666636494958936066
666634126057971712
666632952839839744
665216436751609856
664931678515814400
664850330006511617
664545913675845632
664213452320210945
664212963251888128
662314679092408320
661588340915900416
660501637950214144
659862461009428481
659761743984373760
659082335883763712
657986889727672321
656500506408321024
655151960484548608
655050393156632576
654690690383745026
654326126391787520
653963435600773121
652181843622633472
651426645736198144
648953905242501120
647078001159487488
646353438578642944
644541430891978752
643817055691501569
642004427809787908
641279007032344576
639480311374438400
636931290684649472
636206888309252096
634394812792356865
634038327386075136
633669794491822080
632294472013905920
631860530819436544
629349324187512832
628596049918185472
628237669265354753
627151103361052672
626467357762809856
626454683750522880
625774259659354112
625019262780882944
624721340176531456
624684230606360576
624316369425666052
624247527953444864
623963488784748544
623595469428518912
623553177024098304
623253851894759424
623177657639829504
622914900868763649
622798196130062336
622528255300538368
622438155862446080
622196422482333696
622195698239275008
621786492478685184
621711224674201600
621402998145613824
621349166178930689
621111574464344064
621109164807319552
621109071760896001
621108972183949312
621101514120036352
621061738889375744
621059954074476544
621046723885068288
620986192683769857
620759729741148161
620752122326437888
620750417983508480
620730712325386240
620716278932639744
620715787737665537
620715554282717184
620693952899842048
620650647986159616
620369834015002624
620354343733059584
620320641468665860
619988472426725376
619978386232881152
619960806126452736
619901657330028544
619627841919909888
619602909211160576
619602647524347904
619602550837219328
619601060429049856
619539034151333888
619537975446122496
619309224414220288
619296888949313537
619296669620768768
619296534228643842
619295719745175552
619283828729733120
619279892480458752
619265201574014976
619256328578404352
619222507921534977
619219122593898498
619202948019654656
619180489945911297
619176080595750912
619168298022780929
619167016021176320
618935527367053312
618905269515386880
618889796539133952
618889703538884608
618886057224843264
618813649759526912
618576548216438784
618574756648882176
618557642022060033
618470290243239936
618468644297662465
618467630479900672
618451416911249408
618212020047843328
618198602364497920
618187931816071168
618180992797270016
618177868338561025
618177500275851265
618176536739319809
618159494732775425
617823700516126720
617823081529118720
617781055093772288
617572244928094208
617453119186690049
617090635540008961
617090521694081026
617063574410690561
617060800277127168
617004100786372608
616768284101345280
616743301153067008
616739467236241408
616729841388249088
616729780050751488
616721448644677632
616699129368965124
616646719019679744
616634097130147840
616408762287587328
616320107397033984
616306319130128384
616275423681466368
616064729157537792
616046861099511808
615710628741648384
615697488540925952
615663814353137664
615662966533324800
615661563035406337
615557690064941056
615258208806924293
615257628814344193
615218235634503680
615188077988941824
614937276515225600
614921691861417984
614917230430543872
614909771813031936
614907355394772992
614871225517510656
614870721353814016
614859969263857664
614858681453154305
614857900905754625
614857815002222593
614857045141893120
614853600204820480
614850549788225536
614849129873670144
614847692372492288
614847123599683584
614846567451758592
614844451383414785
614824379730427904
614568024486457344
614561160042393601
614236780792049664
614230832274735104
614228935983824896
614228125526798338
614226443787042816
614215494556520448
614185037341179904
613893065980276736
613786241893400576
613742970144100353
613742699502374913
613509883518783488
613509440952647680
613509189705424896
613438423836143618
613424571157352448
613183369875058688
613183188593053696
613107392511930368
613106142667878400
613080076066775041
612658372282724352
612038344537550848
611661654015651840
611649074308104192
611594856708726784
611334901741174784
611334686934106113
611318308457943040
611315445287641089
611244080845058048
610976641527975936
610965661322465280
610963082144296960
610955786269913088
610945459612479488
610931265106264064
610901909369569282
610864121593135106
610643907207000064
610576592444739587
610567118120091648
610539494639439874
609835131537231872
609528948683223040
609513420161859584
609491699132428290
609475961222881280
609425854410571777
609394914267279362
609156834813943810
609156781240139778
609149818330591232
609149552214548480
609128410422509568
609071941715021824
609071224883257344
609062737113513984
609062369650593792
609062351979986944
608742289813307392
608423383953477634
608324570114850816
608057128528560128
608040340898103296
608024662103093248
608016043663974400
607940193706999808
606964912053616640
606959592405237760
606952235382095872
606878900774305792
606869335471095808
606582591181844480
606569817059913728
606567084554776576
606557972949430273
606551662321233920
606490870821601280
606234149955858432
606219051686227968
606208881505660928
605839645549600768
605839398832205826
605584672949682176
605569559601520640
605554502687694848
605539390870441984
604067578395238402
604029113133703168
602897100418985984
601912435176394752
601911107041628160
601902447309631489
601818501532098560
601538116273451008
600775143300800512
600722650445574146
600450802696617984
600118673689411584
598947610611752961
598943152418992130
598880518763978752
598616620592975872
597467177944387584
596347836200931328
595985648571453440
595286935528157184
594199822309142528
593474962939318272
592720716476252160
591718908471549952
591662976626733058
590972135817908224
590213532089786368
587676690727497729
586581059396993025
585883498684088321
585523425910849536
585275869977010178
585275822665244673
584777648582356992
584551072380887040
584035732001464321
583690457093378048
583328197804167168
582965725385637888
582602090796568576
581516255850565634
581138576877879296
580781018510065666
580429068060999681
580072215334383616
578969289291526144
578254201362354176
577896014893416448
577582512597123072
576456973714989056
573938731968765953
572939919154278400
572826531178946560
571459849101438977
571033751523885057
571033463601672192
571033267358572544
570301911653421056
569542201052692481
568840584061779968
566680855427706880
566665753458638849
566657640487727104
565941538836869120
562771244085288960
562663696636596224
562400269850247168
562375720106610689
562314419699744768
562085093078884352
562082508255162368
562081982658539520
562079823535685633
562074418617139200
562066287585918976
562064938957406209
562062210428465153
562058933448085504
562056562819080194
562045655468613632
562040809541746688
562036229571477504
562030816012673025
561602676744417280
560527815573905411
559429115669794817
556227524905009152
552534687726714884
548169384531746817
545725094354374657
545263808688574464
544995345852149760
