799687678941798400
794238107134541824
771100213171716096
769982456615370758
769982369675837440
769982241032302597
769981967886651393
769981820708544516
769981453484584962
769981214094688258
769981163947560961
769980722044174336
769980622962102272
769980580687740928
769980518477733889
769980393160339457
769979803026022400
769979227194163200
769979053004689409
769978725265993728
769971617254506496
769971572354539520
769971521892777985
769971478611759104
769971354095484952
769971227771432960
769971201712226304
769971168518475777
769971011123027972
769970988486369310
769970859746426881
769970793765830657
769970709510680576
769970689864507392
769970666972016640
769970591873064960
769970524160131073
769970369247735808
769970340172816387
769970287307792391
769970171847053316
769970161533194244
769970124547825664
769970013985992706
769969971841687552
769969928409640962
769969887510945792
769969795412484096
769969763263143936
769969732095188992
769969693809577986
769969660653633537
769969603405643776
769969456453910528
769969437864779777
769969399742787592
769969340145889280
769969218800451585
769969141159714816
769968700732608517
769968596478984192
769968052440096769
769967985058574336
769967939806191617
769967901411606529
769967819161214977
769967784386293760
769967533482995712
769967503216869376
769967479141588992
769967157077766144
769967100102373376
769967065356795904
769967045459009536
769967031047360512
769967013242474496
769966955356971009
769966921999581185
769966798540267521
769966773609299968
769966694114725888
769966679099072514
769966657305468928
769966640285048832
769966576619646976
769966394406502400
769966230195302401
769966171370258434
769966140332408834
769966112167583744
769965487866478592
769965306521522176
769965232101920774
769965210111213568
769965182579802118
769965156939993088
769965093316653061
769965036907458561
769964968770957313
769964934553796609
769964644060495873
769964556898664449
769964504843186176
769964454943522816
769964378003279872
769964306842718208
769964172490731526
769962660796440576
769962321087258624
769962272923983873
769962221753466880
769962190707261440
769962153868726272
769961976617377792
769961960586801153
769961948003897344
769961870153355264
769961632625725441
769961555966459904
769961410130575360
769961376529940480
769961285102559233
769961244249948161
769961221374246912
769961048359264257
769960994034556935
769960971553079297
769960943182839808
769960850425864192
769960798361886720
769960549690044417
769954255763443713
769954204089585664
769954149916041216
769954123936522240
769954083243331584
769954056311742464
769954037168939008
769954008169492480
769953927416598528
769953904607961088
769953841617866752
769953789486825472
769953756767068161
769953742280024064
769953699133136896
769953412708339716
769951960183115776
769951935474438144
769951902452768768
769951870643089410
769951856713871360
769951838938337280
769951809980989440
769951713893638144
769951674651648000
769951654976163840
769951632356352000
769951411895275521
769951349119135744
769951239903715329
769951084919959552
769951056943951872
769951005635022848
769950978447552513
769950937330745344
769950903902150656
769950726617300992
769950582966595584
769950525227884544
769950406143115266
769950287440130048
769949992895119360
769949704557776896
769949605333049348
769949493521362944
769949377930506240
769949129736724480
769948706598641664
769948495604174848
769948386615136256
769948333745897474
769947789379801089
769947504884322304
769947411380699137
769947178202652672
769947110338809856
769946914708086784
769946873759006720
769946577553137664
769946423408197632
769946179664609280
769946103386996736
769946032767574016
769945825321431040
769945650091876352
769945513068154880
769945346776502272
769945209081769984
769944909868523520
769944831305003008
769943751175180289
769943632732303360
769943548321869825
769943496245387264
769943464247123968
769943386790912000
769943342285074432
769943210571333632
769943111921377280
769943065989517312
769943042920816640
769942848619749376
769942819192475648
769942728868192256
769942670558896128
769942633615495168
769942602883878912
769942580318511104
769942568654082048
769942419051687936
769942373245726720
769942337564704768
769942306283622400
769942282304757760
769942256023248896
769942172460167168
769942133218250752
769941934802558976
769941879601311744
769941820784599042
769941685639884800
769941617427877890
769941590773108736
769941573723230210
769941555721363456
769941451165700096
769941362066071552
769941329518264320
769941266721189888
769941218465677312
769941169753030660
769941098139521024
769941009501331456
769940973203795968
769940935102701569
769940826780643328
769940773303226368
769940673457823744
769940632756375553
769940512358866946
769940368578056192
769940345220009985
769940153993404416
769939950825410560
769939672910835712
769939423358091264
769939347294425088
769939304936124416
769938908738052096
769938831466377217
769938800617230336
769938706497019904
769938674410807296
769938625735774208
769938594278494210
769938554633850881
769938366036971520
769938286034825216
769938223166435328
769938139720716289
769938007386263553
769937898531528705
769937807976435712
769937752510967809
769937698480021504
769937673322573824
769937635024318465
769937530523295746
769937498621423617
769937471396122624
769937429599969280
769937392660717568
769937317310009344
769937216034398208
769937193796153344
769937150477426688
769937057049260032
769936985104396288
769936915516694528
769936823606927367
769936511059890176
769936460950581249
769936289831358464
769936258806054912
769936022146732032
769935897760366592
769935727287164928
769935566754357248
769935417625841664
769935392153874432
769935315561648128
769935291062685696
769935199094255616
769935111596838913
769935083843166208
769935001878040576
769934953056350208
769934905912336384
769934822571581441
769934800387907584
769934764845305856
769934644384890880
769934152619536384
769934091135221760
769934065084399617
769933933832056832
769933750444580864
769933711487873024
769933657595195392
769933611906703360
769933469770092545
769933210838982656
769933182527385601
769933132434812928
769932840372834304
769932813621534721
769932631697862657
769932607907696640
769932581475201024
769932501896663040
769932462705160192
769932430673186816
769932398628737024
769932365900558337
769932208207306757
769932180462067713
769932084240494592
769932043513769984
769931973905088512
769931931660148736
769931847056760832
769931465433899008
769931440846835712
769931320931692544
769931303722496001
769931277210308608
769931140580843520
769931058192146433
769931007726202881
769930963748917248
769930925056536576
769930661352181761
769930628947030017
769930568431575040
769930546604408832
769930488370700288
769930461372035072
769930313635987456
769930101798555650
769930013365764096
769929963176726529
769929699476643840
769929614919503872
769929205014335488
769929177994702848
769929082633019393
769929050680799232
769929025808588800
769928828017778690
769928673621266432
769928561704640512
769928414471987200
769927766661697541
769927674789670912
769927619475148800
769927539242311681
769926893000728576
769926842409033728
769926792211607552
769926766483824640
769926734623875072
769926693922279424
769926663324831744
769926585893785600
769926491320623105
769926445044895744
769926367580336128
769926088520720385
769925972686626816
769925813042982912
769925754993860609
769925704527941632
769925672596705280
769925484306059264
769925423371214848
769925380375314432
769925238192611328
769924910353256448
769924481980641280
769924348622741506
769916894312665088
769916856484323328
769916398906716162
769916354862264325
769916161743958017
769916127598174209
769916020043550720
769915891542663172
769915801541369856
769915766065946625
769915733916606464
769915710839463936
769915683152932864
769915284744384512
769915249830932484
769915111662170113
769915064199491588
769914881009029120
769914832128659457
769914797206835201
769914675177754624
769914646945894400
769914529748705280
769914489290358784
769914462912425984
769914346038104064
769914315667189760
769913075642146816
769913038824611841
769912992624291840
769622173942030336
769622150764376064
769621461971587072
769620928502259712
769620860088877056
769620827717246976
769620805277757440
769620758553202688
769619080219271168
769619054541754368
769618795539238913
769618723363618817
769618693428871168
769618677301780480
769618562633707520
769615681570549760
769615618295201792
769615575894986752
769615527589257217
769615504143060992
769613202980114432
769613144729673729
769613056523460608
769613019009605632
769613002710454272
769612977053904896
769611648537468933
769611586730287104
769611540949413888
769611509374693376
769611401040044033
769611243518763009
769611189118603264
769611150677856256
769611068482084864
769611042179526656
769611001859743744
769610980225454080
769610869995024385
769606303551397888
769606215999434752
769605308243070980
769605096002850816
769605071797493760
769605005783420928
769604363601928192
769604312368422915
769604273046888451
769604246786281473
769604180172349440
769604112262438912
769599796025843712
769599319410212865
769598662548742144
769598088973459456
769598041657532416
769597961827291137
769597904008777728
769597793769959424
769597741391425536
769597712903737344
769597684051161088
769597657643745280
769593366476578816
769593171391021056
769593145365401606
769593075819696128
769593049760473094
769593024087072768
769593000859095040
769592973608652800
769592953606070273
769592937290227712
769592893854015488
769592878838394880
769592837847429120
769592774601564164
769592674974257152
769592617956806656
769592519562715136
769592447982718976
769592417993396225
769592398728921088
769592346677645312
769592320299638784
769592265119444992
769592227093819393
769592204629159937
769592186174185473
769592069174104064
769591947325349888
769591828932808704
769591783953096705
769591743897477120
769591605632172032
769591559796903936
769591529790857216
769591504520089600
769591482248339456
769591367236329473
769591333434511362
769591273376264192
769591236873170946
769591207425024000
769591176424939520
769591159697977344
769591125363392513
769591096586350594
769591045734531072
769590987383377920
769590891723890688
769590818210361345
769590762317033472
769590730855555072
769590712379715584
769590684198146048
769590653760135168
769590596830765056
769590582129733632
769590557177880576
769590525141798912
769590472754900994
769590414844178432
769590329414524929
769590268014178304
769590253455745024
769590225320366080
769590191602270210
769590157083148288
769590071666155520
769589993241137153
769589919652077568
769589877235003392
769589852027228160
769589826651770884
769589724927275008
769589705688047616
769589684339027969
769589665632391168
769589640735039489
769589534841450496
769589483880624128
769589419141541888
769589390645440512
769589348287193088
769589318440488960
769589255756587008
769589242414534656
769589214493024257
769589190417747968
769589159388295169
769589130988662784
769589078329217024
769589006711402496
769588936230395904
769588870878859264
769588837135716352
769588807075147776
769588756491796480
769588698656542720
769588616305647616
769588577604816896
769588550341767169
769588465209978880
769588434457374720
769588395844571136
769588376584331264
769588342480437248
769588261979246592
769588166177067008
769587956076072960
769587934890557440
769587796931518465
769587754954989568
769587708742111232
769587681768591360
769587540550529024
769587484388831232
769587463538954241
769587428621291521
769587398137159680
769587374426697728
769587349118332929
769587317472268288
769587290402271232
769587240003436544
769587143769415680
769587096625434624
769587013276217345
769586976139862016
769586952676921344
769586933580173313
769586916140261376
769586887790989313
769586824314355712
769586773483593728
769586696090292225
769586639202979840
769586511465644035
769586467429416960
769586425691942912
769586372713656320
769586349103943681
769586297971154944
769586265100476416
769586236864417793
769586212625522688
769586154035290113
769586128932380672
769586095939985408
769585999747747842
769585930420137985
769585853651836929
769585820793577473
769585786438033409
769585756054564865
769585737385644032
769585672327827456
769585559622721536
769585512575213568
769585450797273089
769585402554441728
769585359126605825
769585309356953600
769585254705180672
769585208030965760
769585179769712640
769585125394747392
769584983484739585
769584948403503104
769584913922142208
769584849925529600
769584794736873472
769584703569395714
769584680676974592
769584660305227778
769584625203023872
769584566508007424
769584539320496128
769584500439339010
769584471540502532
769584434672640000
769584396961579009
769584378452152320
769584355425431552
769584216635904000
769584186407530497
769584093000404992
769583866742833152
769583746865516544
769583706260459521
769583633396932608
769583602443034626
769583461250150400
769583440861605888
769583385085743104
769583356174487552
769583305180053504
769583223705698304
769583091434139648
769583016976932864
769582966779424770
769582921833328640
769582732313714688
769582707428950017
769582427337400320
769582368331968513
769582306344304640
769582255828180992
769582228183457798
769582124152131584
769582054220509184
769581878894432257
769581817817026560
769581739979059201
769581631464013824
769581614879748097
769581584823365633
769581565248610304
769581524186345472
769581472776761344
769581248725397504
769581193868120064
769581112318230528
769581065350488064
769581040188874752
769581011206221828
769580997910274048
769580944315420672
769580847817109504
769580662626017280
769580439367405568
769580304717651968
769580265177886720
769580193430118401
769580157799587840
769580060722405376
769580013410668544
769579979180912640
769579917725937664
769579898377646080
769579851418247168
769579766257102849
769579583842586624
769579434273681408
769579407912558592
769579369333268480
769579342020030464
769579320423682048
769579262466633728
769579234595475456
769578991430672384
769578663524179968
769578601637228544
769578573552201729
769578519286255616
769578477955670017
769578287668400128
769578246744649729
769578090620039168
769577986680950784
769577947711713280
769577876706308096
769577857303453696
769577795877900288
769577760654098433
769577708900671488
769577654341083136
769577509817946112
769577446093881345
769577399893708801
769577328988921856
769577242129108992
769577202727788544
769577155252543488
769577096859443200
769577072377278464
769577047140147201
769577018010677248
769576988390547458
769576945197559808
769576698723508224
769576651315347456
769576523611373568
769576485401169920
769576388516950021
769573842893279234
769573778674155520
769573578626904064
769573376834711552
769573335982145536
769573271972945920
769573161176150017
769572747387162624
769572714013085696
769572633176268800
769572621260251136
769572404481753088
769572378716221444
769572200437256193
769571898858409988
769571865828339713
769571839337111552
769571694239289344
769571655530065920
769571627398901760
769571321768349697
769571236909162500
769570964166152192
769570932289441792
769570888312172544
769570851901411328
769570817189359617
769570756095127553
769570307560517632
769570210248482816
769570174718451712
769570151914090500
769570121228496897
769569696332914688
769569661167939584
769569041254014976
769569006076301312
769568978352037889
769568929135988736
769568771748925443
769568046365052929
769567841502633984
769567775262068738
769567338286895104
769567292489207808
769565547302268929
769565473608380416
769565405849411584
769565390552731649
769565231731224576
769565010691395584
769564446205239297
769564364873412608
769564220035784708
769564174959546368
769564130462175237
769564058701877252
769563903281930240
769563578445594624
769563391308333056
769563110407495680
769562797298421761
769562672220078080
769562652553072640
769562594617102336
769562281487114240
769562094291128320
769562014993702917
769561860458766336
769561801386143748
769561503359840256
769560708174327809
769560615283068928
769560539529740289
769560468587286530
769560371577311232
769560211841388544
769560117712785408
769560026042081280
769560003816460288
769559738568679424
769559482607112196
769559440466903040
769559366227767296
769559159482126337
769559110442323968
769559040460414977
769558941776748546
769558753804824577
769558438053449729
769558352573587456
769558294218190849
769558198420254720
769558170624602113
769558127200972800
769558073480388609
769557867313532928
769557839639490561
769557557891313664
769557373778178048
769557338722230272
769556817655402497
769556764375195648
769556716451012608
769556690807074817
769556687002808321
769556666408837122
769556622142169088
769556619684220928
769556465145094146
769556331913027584
769556295959482368
769556271066337281
769556223012122624
769556154296864769
769556078979747840
769555688527794176
769555478493802498
769555441718222848
769555397371834368
769555237401079809
769555217146720256
769554933423017984
769554897876361216
769554874694455296
769554475585376256
769554247138484224
769554205849755648
769554104410529792
769553777460248576
769553604910854145
769553573516447744
769553491790471168
769553463168540672
769553424085950464
769553361695678464
769553299645140993
769553273317494784
769553048423190528
769552887168966656
769552705186516993
769552676602335232
769552643815460864
769552425006931968
769552387241484288
769552341771051008
769552189131862017
769552161801801728
769552075554369536
769552063055339521
769551954489909248
769551893072719872
769551849149968384
769551740010061824
769551619792838656
769312787566702592
769312654687035392
769312589583032320
769312401665564673
769312357826699264
769311728026783747
769311514662539264
769311410497073152
769311382407827456
769311171434336257
769311132574060544
769311069613400064
769311041805180928
769311018107351040
769310948658077697
769310638225010688
769310234556772352
769310191837847553
769310158497255427
769310124074598400
769305221600194561
769305032697065472
769304707047174144
769304675225051136
769304657436868610
769304623043612672
769304589707333632
769304475521605632
769304084876636160
769304051464810496
769298354912104448
769298301887787010
769298213924855808
769298139685597184
769298118391189504
769298059767324673
769298005199495170
769297977810653184
769297937562079232
769297789608005632
769297735056887808
769296821600460800
769296793796358144
769296735369768960
769296694219411456
769296657494278144
769296609720999936
769296583154278400
769296555903815681
769296531358834689
769296434956951552
769296351058235392
769296323984011264
769296141896736768
769296026377203712
769295956009377792
769295800769712128
769295706783821824
769295684772126720
769295659799240706
769295627775717376
769295595789914112
769295576374456320
769295482015223809
769295430727249921
769295406182170624
769295382165630976
769295366940270592
769295276745953280
769295196618043392
769295134949191680
769294873786667009
769294338350157824
769294304946728961
769294286395367425
769294238144016384
769294142862077952
769293806327861248
769293777638871040
769293230588297216
769293164544786432
769292545457131520
769292397951934464
769292350430380033
769292201838850048
769292153239384064
769292128828612609
769292103918624768
769292061795164160
769292040823672833
769292019407556608
769291901363036160
769291876356595712
769291854286249984
769291833578926080
769291724594094080
769291642926829568
769291575289532416
769291553697169408
769291500760862720
769291294761885696
769291172170731522
769291112628400128
769291080768458752
769291014699757568
769290980751060992
769290725183791104
769290679939850240
769290571772891136
769290546439344128
769290401219915776
769290359394344960
769290314569818112
769290250241712130
769290214443331584
769290131815530496
769290029319331840
769289991818088448
769289962676105216
769289917012717568
769289854966312960
769289657045495809
769289618969669633
769289562208120832
769289532772454400
769289490233831424
769289426052587520
769289385355251713
769289207978135553
769288737310203904
769288641071812608
769288538433081344
769288319821869056
769288223595958272
769288132671905793
769288070625492992
769288021430587392
769287958151049216
769287823518150656
769287661815074816
769287617523298305
769287448459227136
769287291957194752
769287152534290432
769287052152098816
769286949227995136
769286864662507520
769286519056048133
769286436692516864
769286305796632576
769285844821692416
769285585441738752
769285431829549058
769285185967943680
769285117915258880
769284856480092160
769284798552559616
769284695867523072
769284615924174848
769284570097123328
769284498139717632
769284312088797184
769284271303368704
769284192567910400
769284015274602496
769283855748517888
769283717059579905
769283627465052160
769283436980817920
769283316428132352
769283279014854656
769283211578847232
769276270987268097
769276216671031297
769276046977794048
769275978904252416
769275933010251776
769275114911248384
769275046355345408
769275004143886336
769274902993965057
769274851991261184
769274806315298816
769274778939039745
769274060463181824
769273744820797441
769273714298892289
769273662058790912
769273275121754112
769273163750400000
769272544754999296
769272487578251264
769271878871461888
769271470513979392
769271275860602881
769270616977309696
769270580709167104
769270522899148800
769269948577230848
769269304160165888
769269266235351040
769268769612976128
769268692798545922
769268017247035392
769267983239647232
769267949534187520
769267829111529472
769267740272058368
769267678523498496
769265946649210882
769265510001303552
769265173685166080
769264326825824256
769258144530767872
769258036091236352
769257981724590080
769257944911192065
769257864015728640
769257660566736896
769257565356068864
769257482573139968
769257004946698241
769255450076295168
769255328663924736
769255302172553216
769255225030905861
769252603628621824
769252539376148481
769252414834618369
769252026974818304
769251878123151361
769251829548888064
769251797407899648
769251645960048640
769251337540206592
769251150486839296
769251073592745984
769250925420482560
769250867627249664
769250829744222208
769250569894539265
769250362037456896
769226017160384512
769225977624788992
769225785664163841
769225454108585984
769225417655857153
769225303075893248
769225256124899328
769225112922972161
769225086461104129
769225072649261057
769225012146352128
769224749616467968
769224687100448769
769224633115480064
769224587615674368
769224574403653632
769224554635931649
769224491855601668
769223968632901632
769223937158811649
769223892418252801
769223864622592001
769223826815057921
769223535243894784
769223504826728448
769223443308945408
769223401722437632
769223358399455232
769223317748277248
769223301092642816
769223244498939905
769223061908238336
769222982791114753
769222686635458561
769222652103839744
769222639118274560
769222597250646017
769222494469263360
769222477440364544
769222459782344704
769222427754700802
769222405478690817
769222291892731905
769222225656287233
769222186611515392
769222120647774208
769222098644369408
769222069967986688
769222036346384384
769221957057339392
769221936442331136
769221912178274304
769221702928642048
769221453543723008
769221416805728256
769221403664973824
769221378771783680
769221325311270912
769221299625275392
769221236589158401
769220777103142912
769220687051444224
769220652096102401
769220636187041792
769220466921746432
769220419702300672
769220368028491776
769220325015814145
769220299409625088
769220008660525056
769219897830236160
769219876648914944
769219825260371968
769219790799986688
769219555604336640
769219384434843648
769219341883584513
769219283696037889
769219050350137344
769218969697792000
769218917403271168
769218821181673472
769218701706964992
769218674494320641
769218643926224896
769218599013580800
769218537642528768
769218459901136896
769218370185011200
769218338786390016
769218263096012800
769218214509240320
769218187929931776
769218149270990848
769217810706763776
769217754293338112
769212356177960960
769212336368291840
769212252092108800
769212168004788224
769211985221136385
769211912600944640
769211853167656960
769209839809474564
769209821002240000
769208023667449856
769207984714977280
769207944151834625
769207636436787200
769207237134852096
769206330263339009
769206314450817024
769206250907185152
769206212449546240
769206157499965441
769206104068796416
769206074725371904
769205830835064832
769205806004744193
769205534788431874
769205465494331392
769205380069019649
769205363774152704
769205289778151424
769205261835776003
769205090016043008
769204956901543936
769204834973069312
769204809668767745
769204552197255168
769204532756611072
769204451525525506
769203650040168449
769203286075248640
769203236829929473
769203224838451205
769203189878919168
769202525585154048
769202440105177088
769202413995593728
769202400741634048
769202293023485952
769199801426587649
769199766878101504
769199735911559171
769199618903068672
769199567376048129
769199507288363008
769199383757807617
769199362639560704
769199335623958528
769199196075241473
769199033709539328
769198983168221184
769198914373169152
769198858010099712
769198796173561856
769198617022246912
769198550446067712
769198436964900864
769197858947932161
769197826492342272
769197691091857408
769197627845980161
769197594530623488
769197491631685632
769197435205804033
769197419414233088
769197401143808002
769197273775431682
769197220679733248
769197040198754305
769197014286348288
769196892227969024
769196655706910721
769196608227414016
769196458545336320
769196175647924224
769196079824809985
769195724491796481
769195472762249216
769195445536956416
769195368546304002
769195307363991553
769195214460162049
769195182491262976
769195087423152128
769195047547867137
769194488136773634
769194412391870465
769194295093886977
769194253964550145
769194218975735808
769194163338301440
769194129066569730
769194032513691649
769194013148585984
769193708340154368
769193668750094337
769193504643780608
769193426969513985
769193397651320832
769193379280195584
769193277874589696
769193110471442432
769193019153129472
769192802806665216
769192698855075840
769192654609362948
769192535264591873
769192475218948096
769192341672304640
769192313079803904
769192270482378753
769192184255950849
769192144300945408
769192120309522432
769192096502657024
769191979317989376
769191939149213696
769191863874007040
769191849428791297
769191371483688960
769191270648381440
769191127761031168
769191087852224512
769190962614579204
769190926266740736
769190902015283200
769190823095259136
769190649715228674
769190616261496832
769190340968353792
769190146210009088
769190088215400448
769189922334834689
769189786300985344
769189756903133184
769189713156505601
769189707276181504
769189585725235201
769189468708274177
769189052062937088
769188978092232705
769188923926978564
769188923264241664
769188519453429760
769188459722387456
769188139453730820
769188068632866817
769187955302735872
769187315805671425
769187206887936000
769186616631889920
769186525372293120
769186506141335553
769186397525725184
769186361957978114
768935502955151361
768935431996006404
768935328635691008
768935294707970048
768935164923682821
768935102357176320
768935056756924416
768935022451564546
768934997529026560
768934973298454528
768934911822536704
768934858416685056
768934833779118080
768934813151563777
768934772106145793
768934621991927808
768934593596575745
768934565670850560
768934397076643842
768934372565061632
768934351111192577
768934335839817728
768934319779745792
768934308509691906
768934293141794816
768934202477641728
768934157829353472
768934135956054016
768934099465613312
768934069182734336
768934050987782144
768934021367640065
768933983077793792
768933909400735745
768933887825162240
768933866430009344
768933847136251905
768933823161573376
768933780778131456
768933745810210816
768933721244172288
768933653007052801
768933620434083840
768933587420782592
768933559650222080
768933507942850560
768933469392998401
768933452506730497
768933351004659712
768933331232632832
768933314661015552
768933301922832386
768933252958556160
768933237557071872
768933222000398336
768933181634465794
768933085769371648
768933061228584960
768933042106667008
768933028760387584
768932966814711808
768932949865541633
768932928894083073
768932874070347776
768932824116105216
768932805304655872
768932693715226624
768932313384099844
768932288935530498
768932280542765056
768932258975666176
768932243435696129
768932215178743809
768932192500056064
768932175198597120
768932161877450752
768932148287971328
768932095531986949
768932075810328576
768932040133652480
768932015064219648
768932002963742722
768931976225009664
768931958889996289
768931702450233345
768931657017544704
768931608799776772
768931593872220161
768931579347345408
768931548905086976
768931536980676609
768931516764217344
768931501681500161
768931463441940480
768931384085782528
768931368373858305
768931350627790848
768931300371673088
768931285226053633
768931258277634048
768931216758153216
768931173418487809
768931157111033856
768931138479849472
768931113502773248
768931089553301504
768931058213531648
768930999652667392
768930941242793984
768930906723659776
768930871034294272
768930837077176323
768930812775378944
768930799726964737
768930773608955904
768930729170341888
768930700644843521
768930679706890240
768930656835375105
768930633276022784
768930612581244932
768930592582795264
768930558315417601
768930531165675523
768930511817277440
768930483568730114
768930445295628288
768930408381591553
768930395496722432
768930382062379008
768930370288963585
768930350647025664
768930304786505729
768930287887618048
768930252429008898
768930172808536064
768930096346386433
768930027886907392
768930009255862272
768929971565842432
768929941492682753
768929925973762048
768929866309742592
768929732763103232
768929695156928512
768929677159243776
768929448070488068
768929414117625856
768929399840186368
768929328922963968
768929255166140417
768929230235115520
768929208273821696
768929193472032768
768929066283962368
768929042867232768
768929022885531648
768928986864857089
768928949212635136
768928935308513280
768928812276916225
768928788063264768
768928761970429953
768928724448272385
768928630407737345
768928591987953664
768928541995958272
768928517769748484
768928490825449472
768928472102121473
768928340090642433
768928322919145472
768928305521184768
768928262642737153
768928228522110976
768928209106640896
768928183265599488
768928171697643520
768928152869449728
768928136620683264
768928104668536832
768928084892356608
768928070933688320
768928053401522176
768928040017506304
768928014490939393
768927988964470785
768927952654303232
768927937345138688
768927922493067264
768927899348971520
768927882080944128
768927868617314304
768927845083025408
768927799440658432
768927762040000516
768927751642361856
768927699859484674
768927684919386112
768927667081011200
768927605877682176
768927530367655936
768927510931222529
768927483743744001
768927455755194368
768927437103042560
768927417809240064
768927402588184577
768927378001104901
768927352071950336
768927297793462272
768927286322012160
768927266545872897
768927192331923457
768927104415047681
768927065353523201
768927017542692864
768926941575467008
768926927180619776
768926905290502144
768926878971277312
768926858523971584
768926822671147008
768926697366298624
768926646346756096
768926616433025024
768926598573678592
768926583239249920
768926552507547648
768926526632964096
768926469498163200
768926422828093441
768926398979280896
768926364065931264
768926337968906240
768926320319275008
768926250677055488
768926228715671552
768926208461447168
768926073597759492
768925986775629824
768925930085429248
768925875421065216
768925646617579520
768925581631102978
768925551503355904
768925526773727232
768925304777617408
768925267230281728
768925234195931136
768925106827505664
768923990018498560
768923976030490625
768923953196781568
768923839375953921
768923816638631938
768923789635620864
768923747738718208
768923679614906368
768923666209918977
768923565315940352
768923547750264832
768923527500091393
768923501986131968
768923444603867136
768923364077375488
768922280411791360
768922129815392256
768922080880451584
768922059925655552
768922002266529792
768921973443301377
768921889133559808
768921777925828609
768921693456732160
768921547088154624
768921518692667392
768921474514116608
768921437188988928
768921398433546240
768921376191164416
768921298760142848
768921252928958464
768921177943179264
768921127942881280
768921015829135362
768920888624320512
768920609879306240
768920404526190593
768920047880331264
768920025633689600
768919908117688321
768919879546089472
768919855592386560
768919776563306496
768919721370529792
768919583948349440
768919562041430016
768919541346729984
768919500309671936
768919451668353024
768919424027860992
768919411168202753
768919392344158212
768919343249825792
768919290003107840
768919267165077504
768919165864259584
768919140362891264
768919095433494528
768919049828831232
768919001749606400
768918957424119808
768918879519191041
768918796639674368
768918736937947136
768918711226863616
768918670684807170
768918626581696512
768918588774199296
768918496428253184
768917481272385536
768917457130049536
768917442965991424
768917419955847168
768917260874362880
768917200975519744
768917153659572224
768917128774770688
768917115914956800
768916989930713088
768916969680613376
768916955516407808
768916865313755136
768916763673174016
768916568868663296
768896918348898304
768896868235419648
768896819703128064
768896761289019393
768896711678763008
768896680338923520
768896474763567104
768896410078973952
768896382094626816
768896325840580608
768896277895520256
768896244890476544
768896195146022912
768896167409164289
768896140905361408
768896116943261696
768896073599291392
768896045296128001
768895962534117376
768895772347633664
768895746275811328
768895718052339712
768895675476025344
768895638490578945
768895573843783680
768895533377126400
768895511227092992
768895249150193664
768895184578891776
768895109941170176
768894947034472448
768894821398253568
768894790368759808
768894616309370880
768894195289337857
768894138385260544
768894107208994816
768894054029365248
768894033057853440
768893983426695168
768879306470674432
768879151231053824
768879122999193600
768879028879011840
768878910834548736
768878742320013312
768878630243971072
768878604977483776
768878509523468289
768878486509408256
768878461544910848
768878385380548608
768878273115791360
768878211660775424
768878177762496513
768878051442601984
768877914502770688
768877825696731137
768877806767906816
768877793832603648
768869271392825344
768869013560496128
768868801848881156
768868712342433792
768868673607958528
768868631400677376
768868595707195393
768868552363216896
768868526991880193
768868495849246720
768868465289551872
768868371584524289
768868246485213184
768868046039425024
768868017803452416
768867990511034368
768867840237588480
768867703775899648
768867673488838656
768867378419556352
768867167349518336
768867107496800257
768867049405677568
768866926923657216
768866841427009536
768866796124327936
768866698640240640
768866655325659136
768866426568323072
768864938706083840
768864930355224576
768864867075825664
768864519707725824
768864485255675904
768864439281999873
768864273862791173
768864201712422912
768864143566700545
768863997143556096
768863917858709504
768858654258831360
768858590056624129
768858558070857728
768858523786620928
768858378223222784
768858349400002560
768858232072790018
768858158148091904
768858068373213184
768858038857895936
768857964102856704
768857929692778496
768857834297499648
768857662276513792
768857590667235328
768857509264183296
768857458626351108
768857444852215808
768857366947205120
768857336639135744
768857308692480000
768857171018657792
768856901803048960
768856857683251200
768856812896395264
768856768256499712
768856643706552320
768856556725121028
768856365632589825
768855710666924032
768843058582474752
768843016547147777
768842909596528640
768842896858451968
768842655975342081
768842630922809344
768842589873147904
768842498793799680
768842472092872704
768842369902927873
768842175803039745
768842054960975872
768842031284178948
768842011688312832
768841872248754176
768841717260754944
768841689431584768
768841648612802560
768841548259667968
768841480295198723
768841372153487361
768841303224221697
768841243614818305
768841175583252480
768841046281244672
768840995345543170
768840971572293633
768840905067417601
768840221953708033
768840013408710657
768839865794310145
768839794050772992
768839756784340992
768839723741646850
768839667730878464
768839564878241792
768839484884422656
768838806896128000
768838715594514436
768838691611521026
768838598342811648
768838506646949889
768838472568188928
768838439521296384
768838396894519298
768838371212824577
768838283124019200
768838203914596352
768838171589128192
768838115733573632
768597614107299840
768597521270648832
768597509786644480
768584812152008704
768584772230656000
768584640156147712
768584480000839680
768584433607647234
768584355073568768
768584342872272896
768584280750514176
768584201759105025
768584101083303936
768584039812902912
768583953867378688
768583901014994944
768583752104587264
768583680780447744
768583629702258693
768583539780558848
768583469811118080
768583418221256704
768583376890499072
768583287010832384
768583262474162177
768583201920913408
768583145994067968
768583041975410690
768582901143187456
768582521915179008
768582465560514560
768582427891539968
768582399714217985
768582339303710720
768582307355643904
768582236513849344
768582199842971648
768582170474520576
768582108419756033
768582082981355521
768581912461848577
768581882816540672
768581817137926144
768581790990598144
768581748351307776
768581491374723072
768581447829512192
768581332884525056
768581157000581120
768581106111131648
768580964192616448
768580917082279936
768580832223072256
768580751461797888
768580711427158017
768580603847421952
768580576022454272
768580506912862208
768580485811286016
768580465301164034
768580271381712896
768580239618289665
768580185461432321
768580131279376384
768580100883296256
768580067559563264
768579864613953536
768579826118561793
768579052529594368
768579029012066305
768578957046259712
768578893368266754
768578865253928964
768578828545298432
768578793124442112
768578757409984512
768578717505363968
768578686345814017
768578576467623936
768578504296321024
768578488173342720
768578424000491520
768578320002785280
768578247894327296
768578219347841026
768578189882826752
768578145595236352
768578125558976512
768578085432074240
768578015001313280
768577951512170496
768577877638057985
768577741029466113
768577670405722113
768577633399349248
768577562368815105
768577537580539904
768577431494012928
768577312623165440
768577221594222592
768577193723109376
768576665391816704
768576477050707968
768576406938800128
768576361472503808
768576320913584128
768576300936069120
768576267301949440
768576247987175424
768576205570183168
768576173374787585
768576145566556161
768576092957319168
768575985989984257
768575972681523200
768575942784495616
768575921796165632
768575861498925056
768575831044042752
768575752790945792
768575726937186304
768575711330177024
768575695811284992
768575678715342848
768575637414043648
768575610960486400
768575582548307968
768575563451686913
768575542006124544
768575505435987968
768575342982201344
768575320962150401
768574846011711489
768574768064794624
768574726964850688
768574707046113280
768574666508083200
768574621306150913
768574511738331136
768574473008054272
768574427705421824
768574380951474176
768574348986687488
768574294720778244
768574273770311680
768574181130645504
768574162747035648
768574132925542400
768574022053339137
768573991984300032
768573955506515968
768573910350561280
768573901328691200
768573864259399680
768573813906821120
768573746978234368
768573399887032321
768573365472800768
768573317745774593
768573295302107136
768573217170530304
768573195095990272
768573174304735232
768573142742687745
768573025708978176
768572342503034880
768572279831695360
768572156405874688
768572087971700736
768572067142742016
768572041691660289
768572015246659584
768571997194301440
768571915187343361
768571888029151232
768571854101413888
768571782601113600
768571729601925120
768571671921905664
768571634982621184
768571595900137472
768571569362698240
768571504825032704
768571334196535296
768571292932984833
768571239342366721
768571214201626625
768571198481444864
768571180613640194
768571156471291904
768571141757677568
768571117258743808
768570873825546240
768570842422792192
768570594451271681
768570533713616896
768570320571604993
768570300229226499
768570104950906880
768570058083737600
768569963099455488
768569878118662145
768569818396057600
768569790847823873
768569751618453504
768569719347523584
768569693498073089
768569664209248256
768569470281404417
768569448408035330
768569379487264768
768569295047495680
768569099412643840
768568990129991680
768568942289752064
768568898077675520
768568869011140608
768568769585131520
768568740854194177
768568674571517952
768568642938089472
768568611208257536
768566841094483968
768566754154983424
768566629990936578
768566605156540416
768566548537544704
768566425539620864
768566387203715074
768566345441030144
768566276000129024
768566197772099584
768566092797063168
768566016267825152
768565983808069633
768565925914091520
768565880057802752
768565803352338432
768565678878056448
768565593138012160
768565572963405824
768565440880619520
768565393816367104
768565347398004736
768565317127671808
768565292079251457
768564973656125440
768564932262580224
768564819448311808
768564741232996352
768564697368924160
768564304501026816
768564252726562816
768564220321370112
768564180509007872
768564066809884672
768564026796158977
768563988506435584
768563953123282945
768563928443990017
768563899356413952
768563852719992832
768563811930353664
768563781286768641
768563581088518149
768563553376677892
768563499077242881
768563417347010561
768562859001294848
768562781125619713
768562722879320064
768562680852471808
768562625462448128
768562570345144320
768562496911269888
768562435015921664
768562332171579392
768562292321419264
768562243323572225
768562102474727424
768562007817588736
768561863768412160
768561682247323648
768561597837037569
768561510834577409
768561401266774017
768561297189277697
768561218541846528
768561175546044416
768561046181117952
768560876114759681
768560838756012033
768560729855135744
768560696829239296
768560534304071681
768560475344744448
768560318830157824
768560242195963905
768560141708894209
768560063321473026
768559946539556864
768559908002275328
768559709812961282
768559632298053632
768559591261020160
768559573623934976
768559285831774210
768559267028664320
768559020441341955
768558837993398273
768558759589191681
768557373145255936
768557349762048000
768556858462187521
768556839231377408
768556786739613696
768556732717027328
768556714383675392
768556688186015744
768556667260719104
768556646666686464
768556623543476224
768556000332787712
768555973090738176
768555873736110081
768555803984826368
768555778030448641
768555742735458304
768555660845862912
768554924313485313
768554900418551808
768554851051507712
768554613159006209
768554504337973248
768554460482146304
768554385097891840
768554074329329666
768553925821632512
768553850605228033
768553816300003329
768553796406419456
768553772960231424
768553656320823296
768553452976771072
768553383934386176
768553283187187712
768553038147563522
768553008468602880
768552991368421376
768552790998130688
768552722970796032
768552707212779520
768552564845449216
768552267075031040
768552234737016832
768552220585406466
768552026875711489
768552000342503425
768551866170912768
768551725426888705
768550607628054528
768550484655300609
768550447900532736
768550391692656640
768549703835279360
768549650588536832
768549588361850880
768549502336634880
768549270551076865
768549250766561280
768549202519478272
768549183095574528
768548150717984768
768547394489200640
768547367809191936
768547301212033024
768547231913816064
768545721687474176
768545683976560640
768545616938999808
768545566569541632
768545022857719808
768544957942464512
768544895812317185
768544862551453696
768544825322774528
768544773338636288
768544755772829696
768544476176408576
768544435961344000
768544398107750400
768544345716776960
768544322811596800
768544294730817536
768544202942652416
768544162769620992
768544129869500416
768544102795259904
768544070356512768
768544036034646016
768543900973707265
768543837690003456
768542956328325120
768542916771852288
768542855904186368
768542804985286656
768542688052293632
768542571534495744
768542499656708096
768542172018724865
768542083191676928
768541999196545024
768541853276712960
768541667024449536
768540286561636352
768540237106511872
768539918708514817
768539765721305089
768539709211418624
768539649576886272
768539533260361728
768539385251844096
768539333989019648
768539168997715972
768539118477291524
768538445194989568
768538343873187841
768538162142392321
768538006168842240
768537892259901440
768537849482227712
768537819119652864
768537599820443648
768537525438648320
768537466148048900
768537017705598976
768536716923670528
768536683230863360
768536558123180032
768536539210985472
768536463382241280
768535833309618176
768535800099110912
768535717999849472
768535671908610048
768535151202607104
768534952396791808
768534545129889792
768534090416988160
768534042786484224
768533853631680512
768533747360608256
768529211837460480
768529149858242560
768529082912940033
768529051480752128
768529029242564608
768528933272682496
768528909612617728
768528886493622272
768528765236281344
768528713298219008
768528698626576384
768528677831180288
768528626673254400
768528593680945152
768528456963416064
768528403184050180
768528245918605312
768528186934046720
768528115983200257
768528052141690880
768527972307378176
768527879562899456
768527705193062400
768527677175181312
768527506467008512
768527482802667521
768527424531275776
768527396257488896
768527374543495168
768525997650030592
768525890573574146
768525871132975104
768525760415928320
768525704036098048
768525625271341056
768525378889461760
768525319317794817
768521166889693184
768521107234181120
768521012556115969
768520989659451392
768520964443246592
768520849552846848
768520817877495808
768520731000868864
768520706908749824
768520644879233025
768520579695517696
768520507033387008
768520479132921856
768520463731470337
768520378213728256
768520307095187456
768520211125276672
768520193555439616
768520093902839808
768520062261092352
768520023782494209
768519849861451776
768519752209707008
768519725038997505
768519709557821440
768519684870115330
768519663651213312
768491432394891264
768491327940009984
768491250769027072
768491221559812096
768491150319562752
768491100642222080
768491008141041664
768490769824960512
768490741655973888
768490711314411520
768490627377967104
768490581865566208
768490530585980928
768490347928236032
768488532226650112
768488424999297024
768488310691860481
768488071725658114
768487926195859457
768487841357664256
768487777730121728
768487482300047361
768487354235432960
768487305761787904
768482103654690816
768482036256387072
768481997790392320
768481804072341504
768481705514545152
768481665408565249
768481608017993728
768481594357219329
768481545866715137
768481469014482944
768481271928328192
768481235798679553
768477130426507266
768476943796678656
768476924830027776
768476816214364160
768476791430193152
768476775890288642
768476753656369153
768476704528408576
768476663269105664
768476551595761664
768476492657340419
768476457551003648
768476429805719552
768476388538003456
768476377276223488
768476302114299908
768476222590332932
768469678955966465
768469612941881345
768469599327129600
768469408763170816
768469334993702912
768469186964094976
768469139287486464
768469029103161344
768468834323836930
768468774232002561
768468700189958144
768468668371963904
768468566504902657
768468547039211520
768468459281719296
768468447697121280
768468431469371392
768468270756134912
768467741908930561
768467681162952704
768467563260936193
768467322075873280
768466966633861120
768466703776833536
768466658734198785
768466614522040320
768466571882704903
768466551775240197
768466516643713024
768466495298936832
768464458213502978
768464069686726656
768220189125021696
768220106530824192
768219855925354496
768219836581154816
768219787931430912
768219748442120193
768219722848448513
768219678317555716
768219649641033728
768219622344581120
768219131568988160
768219086715092992
768219048349794304
768218949846568960
768218898223144961
768218854354845696
768218801972260870
768218681889333248
768218607264239616
768218572782907392
768218528314822656
768218460308418560
768218301419753473
768218215004590080
768218172956696576
768218135237238784
768218096834273280
768218042002059265
768218019357007872
768217976621326336
768217697578393600
768217533774049280
768217506800553984
768217459027431428
768217409429778433
768217371953680384
768217323501068289
768217303972401152
768217283487371264
768217241502359553
768217136418349056
768217058056081408
768217019850199041
768217003685351424
768216924337483776
768216901453438977
768216822801768448
768216788563746816
768216619751399425
768216570355064832
768216532291760128
768216130569641985
768216037305126912
768215839698845696
768215806442246144
768215771981885440
768215744840470528
768215660287582208
768215551806103553
768215420536967169
768215252102029312
768215225011015680
768215177665708037
768215116655366144
768214934937141248
768214844025647104
768214788564320256
768214577305624577
768214439698894848
768214405595017216
768214392571777024
768214372422291456
768214352474144768
768214313051889664
768214288171356160
768214190628622337
768214133149798400
768214017437339648
768213984063344641
768213868405411841
768213809945255940
768213768463527937
768213737119502336
768212915182710784
768212782760112128
768212094600613888
768211968754802688
768211681495232512
768211630773579776
768211579993067520
768199435343966208
768199246428250112
768199189373198337
768199124982243328
768199028576096256
768198998846902272
768198969864314880
768198931763175424
768198906056364033
768198695191912449
768198637788639232
768198349178613761
768198327678623744
768198301367664640
768198260292931584
768198204328284160
768198165157687296
768198127090184192
768198093573533696
768197889893933060
768197847573409792
768197726483865600
768197667566424064
768197594279325696
768197529607344128
768197495826427904
768197462397898752
768197442332262400
768197420031225856
768197400196329472
768197335503429632
768197302817132544
768197273461194753
768197213797224448
768197114765598720
768196965872001024
768196925753397248
768196858988552192
768196837538795520
768196800024948737
768196751169769472
768196669460520960
768196638791774209
768196590343290880
768196530960420864
768196445585313792
768196417227632640
768196353700659200
768196319416508416
768196293801889792
768196252798373888
768196232833474561
768196192891203584
768196070350258176
768196030038876160
768195984698380288
768195926158479360
768195896290840576
768195835892936704
768195747187597313
768195727595933696
768195693282414592
768195629814194176
768195582137470976
768195512612683776
768195432958668800
768195381402357760
768195210337595392
768195119090507776
768195011846430720
768194952706666497
768194892535259136
768194864714440709
768194837329825792
768194794753368065
768194707000176644
768194640440799232
768194553543131136
768194411440123905
768194221241081856
768194117448773636
768194076130680832
768194004684898304
768193951270510593
768192563324948481
768192491971448833
768192432366161920
768192306201493504
768191660308082688
768191557321101312
768191378702467072
768191196745179137
768191072014970880
768190820184825856
768190352616337408
768188584100716544
768188469084512256
768188390151905280
768188197750710274
768182877754265600
768182765166530561
768182710279909376
768182644249026560
768182052663373824
768181984988319744
768181946451058691
768181915517976576
768181845569646592
768181786945855488
768181712538836992
768181584801337344
768181547157434368
768181501305335808
768181450189385728
768181367330906112
768181346472644613
768181317510963200
768181205153947648
768181140729372672
768181113877516288
768180095894687744
768179828679806978
768179791404994560
768179313669570560
768178935578361856
768178858151424000
768178808536956928
768178778749022209
768178411768381440
768178299726028800
768178260723142657
768178235230203904
768178202707578881
768178157140652032
768178071870382081
768177921777278977
768177888239550464
768177870363435008
768177631585972224
768177429059809280
768177381399891968
768177358159220740
768177248868241408
768171945758044160
768171181883006977
768171085946691584
768171056234319872
768171024185634817
768170933840334848
768170870862774277
768170799874265091
768170776033828864
768170736653434880
768170615018663936
768170578062680064
768170559377018882
768170536996184064
768170488631668736
768169454521815040
768169133615685633
768169094428229632
768167794223394816
768167627311099904
768167594649985028
768167388793610240
768167352248655872
768167287241060356
768167258073948160
768167219096227840
768167194198847490
768167164918411268
768166808893304832
768166761787031553
768166697387761666
768166654803009541
768166587887079424
768166400787517440
768166365274394626
768166340574138368
768161158146555905
768161101204721664
768160993608204288
768160775185707008
768160526220144640
768160271592411141
768160114029146112
768159825884684289
768159764438056961
768159655889608704
768159475014393856
768159422224883712
768159358697873408
768159310853525504
768159166254845953
768159126643892224
768159099032743936
768156093671350272
768156065418444801
768156050683928577
768156027166404608
768155960737091584
768155854528913409
768155820370501632
768155793187188737
768155761859964929
768155730868252672
768155709045301248
768155630876196864
768155594482028544
768155573283983364
768155477104402433
768154666647429122
768154629875957760
768154544316440576
768154415014436865
768154385952104448
768154304049913856
768153873928237061
768153849924165632
768153793234022401
768153486340952064
768152849012232192
768152798156365824
768152625061572611
768152604215906304
768152588432703492
768152546472931328
768152380131069953
768152279295799296
768152195657191428
768152158780821505
768151512824414208
768151158498004992
768151022745243652
768150934429900800
768150831971471360
768150775495221249
768150702497468416
768150634327515136
768150527142006784
768150489435254785
768150382795030530
768150345759334401
768149890840956928
768149828853313536
768149755562070016
768149620740411392
768149580609228805
768149534866157568
768149510262366208
768149479543279616
768149162479149056
768149132372381696
768149083949105153
768149027309228033
768148832106315776
768148792839278592
768148771154776064
768148692595380224
768148620726050817
768148602229186560
768148577847615489
768148532326903808
768148509606367232
768148492749385728
768148451951423494
768148433177747458
768148405826625536
768148371508858882
768148282484756480
768148270048620545
768148231725338624
768148174577860608
768148148824870912
768148000304619521
768147987486748672
768147962270666752
768147944453214215
768147845496963073
768147773904392192
768147727897067520
768147709085650944
768147682166607872
768147667641782273
768147600939819008
768147582086320128
768147541003161600
768147394865135620
768147362921402370
768147332915277824
768147318491144192
768146760422141952
768146655002492929
768146635700391936
768146617216008192
768146558323875840
768146387175301120
768146358427451394
768146323195334656
768146279062843392
768146209869484033
768146157730095109
768146136980795392
768146098028318720
768146053484777472
768144789497794560
768144767704195072
768144712066670593
768144695654395904
768144682341634049
768144604117934082
768144576972337152
768144551412273152
768144524317106176
768144448156938240
768144382381862913
768144339507621889
768144316162203649
768144302283169792
768144213103960064
768144197513732096
768144182019887104
768144150583652352
768144138352988160
768144124851597312
768144060947111936
768144036624334849
768143498759450624
768143435492569088
768143343565938688
768143269414920192
768143189194575872
768143143040462848
768143102305378304
768143001390460928
768142881852755968
768142785765453827
768142751867150338
768142538083401729
768142493040861184
768141995491467264
768141719606992896
768139916534349824
768139310390358016
768138937332211712
768138684881174528
768138643345059840
768138459466731521
768138076497391617
768137884549287937
768137845584252928
768137729515282435
768137677954658304
768134038515097600
768134014909632512
768133947880419329
768133583798009856
768133513988022273
768133440323452928
768133140502028292
768130674259693568
768130640109670400
768130521490595840
768130456088748032
768130400140963840
768130344507678720
768130254485360640
768130211460157440
768127073495822336
768127005460082688
768126705785536512
768126651053977600
768126529926598656
768126493666910208
768124380681428992
768124359055552513
768124344442642432
768124246862147584
768124224405811200
768124205497880577
768124168248303617
768124049952083968
768124023469289472
768121725120684032
768121659936997376
768121560724967424
768121350753955840
768121302573993984
768121054220779521
768120879121256448
768120309903785985
768120015786643456
768118174176817152
768118144246304768
768118131243962372
768118039539703808
768117999131779072
768117917103697920
768117859146883074
768117833280565248
768117727152123904
768117675423707137
768117641009508352
768117370237837312
768116994696556544
768116962840850432
768116930855043073
768116915768168448
768114697081987074
768114428814307328
768114392403632128
768114288032518144
768114049477332992
768113892564176896
768113812536832000
768113687248773120
768113395098714113
768113281504378880
768113199384174592
768113170401468416
768112997998800896
768112897218125824
768112505029742592
768112465183854593
768112426810118144
768112144625741825
768112078515077120
768112036056182784
768111996688486400
768111975876300800
768111914735939584
768111738457731072
768111633646235649
768111481237803008
768111410710585344
768111359615574016
768111325453037570
768111291961528322
768105686831996928
768105669052338176
768105599552794625
768105504971247616
768105464034762753
768105270463434752
768105252218298368
768105101432987648
768105037683761152
768104904887894018
768104474078420992
768104424774316032
768104363281698816
768104316502585344
768104265009106946
768104227885289472
768104131236024320
768104062801711105
768104027271737344
768103951220613120
768103860162277376
768103809658724352
768103749814398976
768103616305516544
768103543047790593
768103472075988992
768103425217220608
768103383102128128
768103257197584385
768103148795797506
768101470897975296
768101371128131584
768101295672569856
768100719408787456
768100678401044481
768100562004942848
768100541339578368
768100416517132288
768100384439017472
768100326180163585
768100182336544768
768100012446195712
768099975632826369
768099930443386880
768099768761393153
768099691871424512
768099607821766656
768099506193772544
768098826611625984
768098741911818241
768098688900005888
768098412969418752
768098390018183169
768098363241705472
768098307696492546
768098267016015872
768098146459062273
768098079446700032
768098062745018369
768098020734881794
767870765765046272
767870708839882753
767870303665999872
767870201157201920
767869993581019136
767869933824774144
767869885967835138
767869613946179584
767869539161780225
767869495109033984
767849694298898432
767849404610949125
767849350210793472
767849171885826048
767849118907510785
767849083541139456
767849049462407171
767848837201338369
767848684184752128
767848639871844352
767848543306428416
767848492131766272
767848465548259328
767848400377159680
767848321872302080
767848220168826880
767848153861140480
767848091177267200
767847886344159233
767847843134439424
767847611327844354
767847474434236416
767847421351165952
767847303747137536
767847259429974016
767847236021555200
767846995545382912
767846886204018688
767846739948675073
767846333302525952
767846184513703937
767846122136018945
767846012073283584
767845924286574592
767845875846557696
767845774646390784
767845719164067840
767845685592850432
767845630198763520
767845440028971008
767845327894216704
767845296403468288
767845221296058368
767845132381016064
767845086902169600
767844918161051649
767844802037592064
767844725470535680
767844546931675136
767844421723271168
767843988799750144
767843849855078400
767843836173299712
767843060273127424
767843006472781824
767842777489035264
767842642973437952
767842524132016128
767842339939168256
767842226659483648
767842043808784384
767842027597803520
767840981961936897
767840711047655424
767840235308797952
767840208452739072
