890614278423691264
860662280203059200
809337535528923137
806990152576868352
683064523444502528
682648708824039424
682305926775369729
682244779556536321
681882398653427712
681564295134449664
680797064259743744
680432845924388864
680070452400623616
679708095631630337
679390977975435264
679345695006953472
679028627460063232
678983318088515584
678644827391594496
678258571029561346
677941446196920320
677909369678258177
677897749132546049
677621547822133249
677598793689251841
677579060105469952
677568948510978049
677559807411363840
677533776080080897
677298317265534977
677261950212898816
677171405612384257
676952531017318401
676893203015016448
676854175125348352
676779960074289152
676748630062010373
676615320493158401
676583934684094464
676530372373385216
676491896357654530
676459814319353856
676446558938763266
676084266380484609
675753493513113600
675404669661945856
674997074576846848
674634695259254784
674272314821709824
673955266715508736
673894793131376640
673713552960585729
673185103124697089
672868005546622976
672807637331763200
672611298778021892
672596231328165888
672469948283805697
672143347570503680
672097925086838785
671735556829675521
671373164354473984
671010775872376833
670693675899318274
670404138753126401
670286015907532800
669923597691949058
669561208563888128
669308481166405632
669198851769630721
668914013678374916
668913709754875904
668836455565783040
668519371178774529
668110304723628032
667773284256079872
667768227678679041
667749273082032131
667492568846897153
667398541984186368
667160380666318849
667070509746511872
667040108051304448
666778214874894336
666768301192642560
666768166786220032
666766979676553216
666765493601071104
666722568162807808
666666899996983296
666381303558725633
666321529462919169
666284622016212993
665937377802620929
665549264018255874
664488325634351105
664170707689934848
664110354872446976
663762947747934208
663400649262895104
663038300811214848
662675883585462272
662313453600681984
661951071254745089
661588675759767552
660124062690086913
657331624023973888
654325919222403072
653601072083152896
652876319575797760
649358092157648896
648903325170073600
648669164014465024
648611025252519936
647078072198389760
646113894201618432
645025499824046080
640630348100014080
639890693465460737
638505775699091460
638504683162636288
638503229651705856
638502268954763264
637348556790083584
637343412157464576
637341616915660800
637341484530823168
634139490240499712
634065028333895680
634064683130068993
633139868357427200
633136697413242880
633135856883122176
633134514366091264
633134297298239488
633134018196692992
633133965910544384
632612765165727744
632439519334174720
632439395186925568
632438621090398208
631935402027253760
631906986041344000
631906963819859970
631906935265095680
631906685649448960
630809859500306432
630792129321656321
630596454541701121
630589135716089856
630589067659317248
630588672895643648
630588162973106176
630587690845495296
630587506715549696
630587439728300032
630585859318755329
630585771091603456
630202640836628480
630197682141683712
630197545562542081
630197442466574336
630197266683310080
630196986239516672
630196653572538368
629807949783826433
629723635423428608
629722540882030592
629722503594663936
629060332208566272
629056520995508225
629056500590182400
629054386694569984
629053210896961536
629051600821075969
629043135956398080
629042838399877120
628711212272881665
628709968238243840
628631202350501888
628366294073479168
628330658826448896
628330358786887680
628330329351262208
628329854165995520
628329257106808833
628320386367684608
628306839482974208
628280779349430272
628026300515495936
627977499637452800
627976665197494272
627976634625232896
627976525309054976
627976440261115904
627887656832102400
627884124330594304
627883991736020992
627882626494271488
627882541337292800
627882256078536705
627878433138171905
627638353463107584
627632237127692288
627631655633715200
627631193974927360
627630899476107264
627538977403211776
627537123948650497
627537026439458816
627536908252372992
627536799112400896
627536741767876608
627536411315441665
627253377039097856
627240163240902656
627227908973527040
627196786495479808
627195471107260416
627192084349349888
627160383296417792
627157445350035456
627153164861444096
627153021923790848
626921985189097472
626893189060759552
626876118268678144
626872862247235584
626870237368045569
626863108401856512
626861861644992513
626830159820107776
626830132326481924
626830115226284033
626830029251461120
626829215359369217
626825364220678144
626815889153744896
626814884433387520
626798254831763456
626797640345255936
626796260461142016
626792980934848513
626633370139623424
626625798980546563
626618258309779456
626610691365941249
626606908841984001
626603147918602240
626602327730814976
626573269504667648
626573147928539139
626573103619911680
626571305047855104
626525707422691328
626524523173511168
626524487735906304
626504553022648320
626456859096936448
626448474888732672
626446166746468352
626443791738650624
626443295795712001
626443283380613120
626442080328380416
626441460057944064
626274976274878464
626159875521777664
626159837697609728
626159527956627456
626159494179848192
626159397912207360
626158446514081792
626153299985575936
626142166650195968
626127432467099651
626101244885471232
626096934533468160
626089812773068800
626089757215358976
626089721207259136
626085255443648512
626074928014491648
626074720165695492
626074685155860481
626065064286486529
625923082054561792
625922655753891841
625922576833904640
625922509288792064
625922071055372288
625842641289129984
625841447225266180
625837931349999616
625816760164323329
625811846667243520
625811839117475840
625795218239959040
625794386916347904
625778364062642176
625773412607135745
625732947371360256
625724257020936192
625702608125100032
625701738033516545
625532338546438144
625517020721745924
625059104743161856
625050360240046080
625029196956467200
625027194839019520
625025422468730880
625025411727159301
625023593378922496
625023576207454209
625023156575731713
625022995652853761
625021827845332992
625020489052893184
625020335042232320
625014913552003072
625014894644039680
625013981598642177
625013874094395392
625012105893253120
625012091418726401
625011830088450048
625011173415628800
625010478616563712
625002320699523072
625000399100084224
624995111022252032
624992273181331456
624989529435439104
624987884660113408
624952183641931776
624949260954439681
624727812188999680
624724828847628288
624724812548575232
624718208142999556
624642545834790916
624636737906544641
624618626729938944
624618532798533632
624618495242690560
624617101529972736
624398042393751553
624393120533221376
624388692627587072
624382838507356161
624362738383499264
624356764679565312
624336879408795648
624317596075081728
624287590955487232
624287544692350977
624272566027440129
624263233306669057
624262749279748096
624260133321752576
624249387003199490
624247529853464576
624023365519474689
623998209396834306
623977913843499008
623930517650432000
623929257446653953
623929114169208836
623929052429053952
623892949001048065
623649738118684673
623643368426483713
623592063548809216
623588273420529666
623311492276883456
623303486671728640
623294726846836737
623288080309448704
623278694828630016
623261923102994432
623192610694262784
622826224688107520
622826058526515200
622825798806835201
622825650794008577
622825521110388737
622825414453362688
622825224610811904
622617248612528128
622471439224995844
622193426038067200
622113670173069312
622113586169536512
622109087136808960
622081625300447232
622063257117814786
622052303139307520
622052250484121602
621550164268838912
621489312647921664
621375712365142016
621363751871078400
621119471415996416
621111780652113920
621111740936261633
621076716048416768
621071995036286976
621071878560452608
621007502218362881
621007372102733824
621007349780623360
621007299784503297
621007059559972864
621006571384901632
620803604937445383
620754179330408448
620679366821830656
620678162846846980
620678026615853056
620677905555656705
620675228243341312
620629799216656384
619890935036379136
619753307699974146
619751545509318656
619569367852843008
619178232974217216
619177994129575937
618875673822625792
618868800394514432
618596428361826304
618580561523642368
618572460024172544
618572170210312193
618572087188258816
618571350190350336
618099012327964674
617516637097365504
617002353254772736
616359598665023488
616070118812946432
616047205892272128
615588145728360448
615576557537488896
614487045449236480
614487014193238016
614188357078290432
614188204552404992
614105344998948865
614103975537737728
611714081603457024
611275591266897920
611274310632640512
608749170963259392
606924153778626560
606569484887846912
606569423231533056
606569320856952834
606547750574911488
606547304896561152
606546274846797825
606496419780816898
606496089181593600
606357942661570560
606355808842964992
606226790890102785
606218800493502464
606182097514950656
606180406069587969
606155178769645568
606154151270055936
606149704750006273
606149611124686848
606147128604291075
606130075776356352
604091129663901697
599287791730561024
599287449475354626
599286824335380480
599285230164279296
598995151604690944
596718237108162560
593866526236618752
593857082144591872
593856941681610752
593168988714049536
591401510585692160
591400360549351425
591400353662271489
590694289996443648
590675784005787650
590625032352718849
590621409312960514
590617313977704448
590616849169125377
590603823384817673
590603110663462912
588835797324861440
588829180344696834
587740470752624642
585229168792698881
584086232910540801
581594478948933632
581236141166329857
581228501430366209
581228484317577216
580480437887361024
580465783094005760
580465062453886976
580464960637140992
580462425788555264
580079388185657345
580071502659219456
580070576061947904
580049602822336512
580048686983462912
580048510612967425
580023913561726976
579718584600924161
579718471182741504
579673897026506752
579665115760369665
579661659880329220
579658874912788480
579496964720447488
579374739635875840
579357528372334592
579356855924723712
501827801066917888
332187420063830017
281578527298576384
213666766277197824
213336915284463618
213003238281199617
197876021205270529
194847586421702656
193483506150678528
193462313381134336
193399736127078400
193097232935952385
193089717892415488
193029764209057792
192660909221625857
192309390643179523
192305794908303360
192286422286352384
192036540980015104
192032868833296384
190938598432972801
190933907196223488
190933714434392065
190933531831189504
190916260953980928
190901366955311104
190880311494713344
190613302328569856
190613249987837953
190582058454749185
190578907597111296
190571045214883840
190564666689331201
190546712832643072
190533619251556352
190501502165594112
190501397379297280
190176077421883392
189840795178770432
189833094864441345
189759982407921667
189759845702975489
189758494084317185
189489610496290817
189460651075317760
189458630213500928
188346042910117889
188344485460185088
188343318806151169
188334422007877632
188023570935463936
187965707068260353
187949655030628352
187949607429480448
187650912301490176
187297888848711680
187239919993880576
187239866835283970
186918156084846593
186892659695165441
186891995699097601
186891860172738560
186885803580997633
186875770533187584
185837504824483842
185815723979968512
185802052516069378
185801702270705664
185798514595479552
185798484832694272
185798452633014272
185798277969612803
185798242246721537
185789151193481216
185777183191601153
185479239775162369
185422483833356288
185412683208732672
185412584780992512
185387000856190978
185136194324152320
185135095949168642
185114382936715264
185110335181697026
185075966320713728
185066917638320128
185054089946726400
185044025252921344
184861112515297280
184793998391648256
184772633420771329
184686563853221888
184686480462053378
184680291493879808
184427218481582080
184423211243552768
184356565481037824
184355590007562240
184347540320288769
183353335770910721
183323401031651328
183263858608177152
182888563535384577
182874845732802561
182874747216998400
182566255075667968
182561980010348544
182554888503435265
182546739574743040
182546690497187840
182530452773535744
182518246749110273
182491544975196160
182491424045006848
182491208449404930
182226939069743105
182203471938854912
182154627108704256
182154452000714752
181955413892280320
181892475110166529
181892107697528833
181891991460773888
181891805292412928
181891699709194241
181816108133781504
181808865686470656
180809253974585344
180808789472186368
180808636300406784
180808426501312512
180808107012796417
180778657239941120
180767835302264832
180767416337444864
180762407927427072
180351048924405760
180078372049788930
179981625692655616
179980800517881857
179714419603943424
179714341757648896
179713929382084609
179713780001947650
179622141107511296
179621624755126274
179278594722365442
179272852917329920
179262416457175040
178565438769336321
178565295395446785
178281829877547008
178281423038459905
178281248542826496
178281123963613186
178281047534997504
178195335733198848
177968555646664705
177819685000200193
177790443579379714
177520920829755392
177124985712812032
176829648133562368
176829213234577408
176829060335419392
176762375469412352
176762256921600000
176760374421491712
176759887949348864
175686245681336321
175685051189698560
175684959510601729
175677125796429825
175276993863094272
175276869069971456
175016305248829441
174976493242429440
174975097625518082
174974887188901890
174636087887671296
174571021431615488
174570464449003520
174568749695909889
174564862553366528
174278510431584257
174278304902287360
174277907500371969
174220902232371201
174220658883043328
174207492270735361
174203660249739265
174203345156845569
173940381606621185
173579065113067520
173489807996108800
173489406622187522
173217028088401923
173212770282639360
173137912295194625
173136546462048256
173131976130297856
173131722538496001
173131467923259392
173131219473674241
172851919956606977
172765523052990464
172765423383756802
172762508820627456
172186212692529152
172123821481009152
172123588105740289
172123533927923712
172049449760202752
167688717404864512
167665837296193536
167442863553122304
167406540301680641
164132284470013952
164120279340158977
164119154369118209
164118022829772800
163088911839666177
163030523009179648
163019462562414592
162989260889272320
162977683901382657
162969863994867712
161588018975739904
161521590327181313
161513214440505344
160529308107026432
160520404442677248
160081236562419712
159864412906323968
159837503988301824
159817867972456448
159812583187165185
159794454855823360
159065396933173250
158965498313322496
158706783387529217
158606627166093312
158365785478270976
158248012634800129
157931865486004224
157900163006992384
157648379487326208
157577090907123712
157562754964795392
157551931773038592
157538598386794496
157531801496199168
157528428755689472
157195252464234497
156910447231115264
156882014841208832
156873863567900672
156525923041153024
156460991771713536
156443956819935232
156443420896927744
155820765638438912
155713310321422336
155430570585899008
155358602167721984
155021440972898304
154984887282171904
154752731737894912
154669007339929600
154668400398962690
154366185125847040
154363307636170752
154087848620986368
154063145411936256
154061358483243008
154061137380519936
153536737900118016
153229193012973568
153199481171615744
153198917536845825
152873346361589760
152556013558571009
152523445362626560
152495101661298688
152495060456443904
152494829329321984
152230362213396480
152226326823186432
152225198278586368
152085306504519680
151822674363039744
151774609686011904
151768818631458818
151765876931170304
151746799055552512
151711944011816960
151504828122669057
151445186927529984
151388816161259520
151367426787917824
151360634364243968
151206111096209408
151198539337306115
151114016423542784
150966026681597952
150686254227394562
150677877996797952
150350479451357184
150340057323151360
150328582743396354
150115527531036672
150000401536663553
150000268711440385
149997716427116544
149957696072851457
149940648370388994
149915497977221120
149897994664288256
149716042661376000
149713275125379072
149682068266287104
149663695805489153
149649108880211969
149615390232813568
149610993893380096
149596925170159617
149576517473669121
149576346882945025
149576249566691328
149575996771799040
149550911176450048
149539112649629696
149389866596188160
149321442490720256
149315866775916545
149314357422080000
149314133504966656
149286597165195264
149268271357628418
149267490755715074
149250232620814336
149245084053934080
149210559034818560
149186416713277442
149011902687744000
148967618135592960
148966957071335424
148966452307820544
148965484400873472
148932462368657408
148924472538308608
148895537905676289
148894566551007234
148830582359601152
148823653335830528
148817110674583553
148816569697443840
148816465666117632
148231509680197632
148101907326574592
147864594013097984
147845720479776769
147839439891218432
147836066731274240
147834691700015104
147790315238064129
147789605222092800
147786732497141761
147786658606088192
147785157410164737
147784835811913729
147784402674515968
147784073195175936
147761669643309056
147761658704560128
147731078512246784
147730988414418944
147730662680567808
147583491687723008
147421430852751361
147421028069543936
147414378990419968
147408113711067136
147405944454791168
147402549211832320
147400292781137920
147383626768728064
147113507442266112
147100704752934915
147098666866442240
147098626051678208
147098468312297473
147092722799484928
147091712232275968
147091375584841729
147091051037999104
147091011263406080
147084053508669441
147077466798825472
147073092160720896
147072260262461440
147072104091762689
147070643236651008
147070149588025344
147070019174547456
147069380864393217
147069307015270401
147059379928186880
147058784966156289
147055114820124672
147049501910237184
147042129783427072
147024506576310272
147021703325810690
147019130665582592
147011904253075456
146997309878714368
146801841462722560
146761385349627905
146670992406753281
146395885478223872
146395747363979264
146365323124289537
146331743736180736
146318725669322752
145658073976012800
145360844245577728
145349160948862976
145220596756783104
144950696834383872
144890566902153216
144835164843933696
144591541074280450
144556027994578944
144527426846855169
144501036420317184
144500971039502336
144496204955402240
144496157555560449
144489340817518592
144208475227037696
144207440748101632
144107411635056640
143851050397483009
143789001822846976
143786976221470720
143767614827663361
143758289115693057
142684701558185984
142440100125605890
142397319403421696
142387542224945152
142387167501623296
142387113588035585
142075964212518912
141983874023567361
141953518272655361
141699121751924736
141698785649754112
141296819203350528
141281039833235458
141278452677484544
140221228643397632
140193293538570241
140150513206427648
139433414590861312
139406360617041920
139114617451458560
139051520309198848
139042981696126976
139014035260719105
138810022745489408
138799863293947905
138688397601546240
138682356834902016
137619144056111105
137578122089467904
137577838223179777
137577729322262528
136995746753937408
136995270981468160
136617987145863168
136601647655813120
136593606491381760
136249621444956161
136249199158247424
135153615248703490
135146051551248385
135138482107588608
134827247906463744
134097378499239938
134089894111883264
133749082685571072
133690456302288896
133676104203509761
133672695190650880
132605065511960576
132604867926695937
132604723445510144
132531321602973697
132506549322137601
132145021737635840
132142999839842304
131122798386102273
131113005458001920
131108202413703168
131105178551189504
131100667610800128
131100460533821440
129710236520026114
129678618061307904
129678554886701057
129678537593593856
129261089987891200
129260250145636352
129259981991182337
129259836968935424
129259218543984640
128922814039326721
128912185245175808
126456546191360000
126116034884280321
126084074149388288
126056897487962113
126028723328794624
126014122667147266
126003022282231808
122038168479481856
122023093614026752
121324478797070336
121322735094857728
121316828013277185
121316771474046977
121004065588125696
119572232526774272
114813524965998593
114769547944398849
112407410081136640
112407306062405632
112407267906813952
112407235929448448
112407211912863744
112407178626867200
112407132615344128
112221030302482433
109336684096794624
108642301869424640
105707568298598400
103194903806353408
100752501946597376
100627428648566784
86225218695213056
86152990578323456
86135683760140288
85959465416916992
85954802734993408
85919241995423747
85880047784820736
85878102378549248
85867914095366144
85865750228774912
85768532863881216
85529074499461120
85528817711595520
