801213681107206144
801206147344572416
794247384289030144
788449304398573568
781523983946637312
779349631238975490
777537697464344576
776450526410117120
775775336193662976
775725754751586304
775363360070172674
774638579846905856
774380127937585152
773647952908849152
773175024010293248
772826650090303489
772464251160190977
772147212549664768
772116985220063237
771845300205920256
771784854992252928
771497888027332608
770410715316445184
770395615700344832
770048326607724546
770003099465424902
769640638472187904
769323550339690496
768961167284903936
768613876632084480
768221289282695169
767511612018294784
767466965405360128
766786835028803584
766305435833896960
766021384673779712
765630623398580225
765337295302057985
765037136802217985
764489068608561152
763887748235292672
763170511354560514
763136389848367109
762136190954967040
761358569707036673
748627822441291777
738845265604419584
738482865927643136
736301034209824768
735229028278276097
735167790370295808
735167641036328960
734096552336068608
733409472014491650
733064063853322240
732632292108066818
732329991338401792
732328941512335360
731967582585032704
731689864249233408
731689852823994368
731545850032197632
731542809824501760
731541945936285696
731362039252189184
731357910815510528
731223498597662720
731183490574651394
731124408199335936
730946622083891200
730932651310219264
730916540019675136
730915161964351488
730887023846776832
730885655669018624
730879362816454656
730876139523149826
730862443648323584
730850780572344320
730843851649208320
730842353934569472
730837326742454272
730822539987968006
730816415196798976
730815943400521728
730811466241085440
730805993861304320
730805886357135360
730805842149134336
730805405715075072
730805137384472576
730805055259971584
730803218880438272
730802875241140224
730799744113500160
730787863726456832
730567420205666304
730469335601274880
730437735140331520
730174322078158848
730163064817868801
730105893400928257
729709563558027264
729359461689663488
728717944532799488
728683543732195328
728653060671578112
728643607092203521
728375264636325889
728333689818517504
728301518164656130
728291022115999745
728243601327579137
728093207007875072
728026136026873856
728010573414207492
727992401726312448
727972336536715264
727891651683745792
727623154915409920
727548375600521216
726916026160418816
726126375287934976
726078699200598017
725671023027191808
725353996529991680
724634940055257088
724387502522392576
724266814625054720
723542043318833152
722862516938760193
722823733384073217
722662643278999552
722559931899981825
722478960089698304
722137669744992256
722113767840964608
721084451279622145
721060909922197504
721021636460158976
720718349718585344
720663298702598144
720417515751346177
720409951688982529
717787600505802752
717441762680115200
716054605939879936
716046407950422016
715977761349844992
715977071017664513
715252277343203329
714920211187703808
714673093034246151
714672810191400960
714628356931764224
714627586614231040
714626548062679040
714625614007967744
714624779316240384
714535096913530880
712760965360525312
710903673543503872
710224282417123328
709863236242288640
709796095090528256
707740348714385409
705500363692990464
702307048210337792
700840639978549248
699761724883226624
698316933645504512
697308400976138240
697303995958689793
696861762855960576
695117245362499584
695117112612749312
695066399106928640
695051006334251008
694285624925229056
690310131431505920
690310038053781504
690309542735818754
689957678622359553
689891069454974981
689887725588119559
689887589034135555
687857186819592193
687856610698383362
687856561889259520
687856485682958337
687856450203303936
687856213506183168
687856164478963712
687855984077701120
687855662550794240
687855437543153664
687855285063401474
687476852525412352
687474527408754688
687474437331914752
687474330477789185
687474282780168192
687474185279426562
687107231247028224
687107214201376769
687107191413714944
687069395596623872
686958628528521217
