831927810578976768
830122928771522560
827935503425142786
827614654721454080
826906223249350656
826871240514105344
825076665025908736
822153875515850752
821054413615730695
819966999505895425
819648259337560064
819295745069023232
818993438955737088
818986240087179264
818971330821267457
818966688259411968
818864732379590658
818564537339105280
818538257541578753
818222405659201536
817464814767259648
816724869115039744
812360890225831936
811286386552803328
809458154329096192
809154271350394881
809154225724739584
809154135077421057
808832853941157888
806186619636097024
791308412164333569
789211218359652352
789210296455868416
789134107154362368
788868996342747136
788409336233988096
788046941221335040
787689034382319616
787322154727510017
787035258600296448
786959786885599232
786597385753415685
786235001159286784
785884063697477632
785872627000676353
785671724784201728
785585723734753285
785523366786584576
785223336850628608
785147844948668416
784836966483243009
784836369239543809
784821326980587520
784785434937139202
784582387929870337
784528753841938432
784526631775956992
784526576033656832
784521290149396481
784520903967305729
784498566823759872
784483020543668224
784482375803691008
784475454342205440
784470316298805248
784464141339668480
784457152970694656
784423063311953920
784222982105292800
784207639546765312
784201448661712896
784147368669175808
784120148709904384
784081719645179904
784081111261417472
784060689388179456
783807671543615488
783742359594868737
783732415659319296
783732383514103808
783719220383145984
783698308275417088
783480260763410437
783479876011470848
783470510168342528
783442426195120128
783356338030063620
783354918979592192
783123381096820737
782973522360487936
782639168316776448
782248731525521409
781989688890437632
781979445758337024
781961868373962753
781948086465630209
781931585373298688
781930873650229248
781916555739222016
781909172723986432
781886269458481153
781601576309764096
781569279980253184
781550947931594752
781524004074958849
781248355548729350
781215426818691072
781161619896143872
780903890879250432
780903087481376769
780893012901584896
780874699098038272
780818435454279680
780813115835297792
780634087157485568
780628025713029120
780557087432585216
780553969449902080
780553943789076480
780525324144513024
780491180630904832
780467126138052608
780451522698096640
780436836237742081
780436713428484100
780074474221645824
779712027426029568
779387198781042688
779349689703424000
779092416393457665
779091906928087041
779078599336878080
779000824844300292
778987269348659200
778835170942083072
778834150656581633
778795123328946176
778772434497310720
778650181587787776
778649414881517568
778624890186272769
778292743214727168
778290226619756544
778262526609887233
777900533952557057
777553953877667841
776852989323583488
776852913176010752
776852876400353281
776852676684288000
776842715233267713
776814584933994496
776672674340745216
776672188137021440
776672177147957248
776672120105422849
776672083744919552
776497108060733440
776468961068068865
776467096611856384
776450513172697099
776193967150903296
776090127613296641
775725784107364352
775363411831947265
774773199338770432
774772921357045760
774772663008964609
774632855490162688
774603025952280576
774460971184164864
774310940997287936
773916121590226945
773551679975231488
773189096256606208
771739615241744385
771014815493926912
770361252849737728
769202792875429888
768926740039110656
768852622723776512
768478160501387264
765580839522402305
765241705763184640
765240556221976576
765216676732211200
764854912362553344
764621710964371457
764593656141484033
764143517648113665
763959752850235392
763959700215828481
763930561383510018
763923898991652865
763783952611942400
763510692771041280
763487558433054720
763433857668349952
762819700996706304
762711814320758784
762711643499343872
762010354926833664
762010201750839296
762010091507724290
762009938709270528
761966222036447236
761956095975829505
761752232433811457
761722538795737088
761634825757274112
761616669928140800
761349297619161088
761324277123592192
760946160349478913
760946018720419841
760932946287091712
758783180958687232
758067308216463360
758010231871770625
757982587503595520
757706738921410561
757625721573380097
755109603843510272
755104674697523200
755103484278562816
755097390156099584
754795707119247362
754408641755701249
754406393898164224
754356077232173057
754355716341628928
754129556819152897
754122105197764609
754116926721314816
754111396049072128
754107967813718016
754107548030992384
754106915974631424
754073019341864960
754024128022061057
748234166077030400
747850736453615616
747850611169755136
747318006691172353
747304808520921088
747304606892359680
747304430500880384
747247703541817345
746054108319088640
746053383778230272
745728418017218560
745669404659068929
745408976926347267
745408956890152960
745385150511407104
745341555540561920
745329122646196224
745324676105142272
745310798377975808
745304340194197504
745300338408755200
745287696814317568
745028488663556096
744006780909297664
743949509722406912
743948342569271296
743938638589792257
743201885834739712
742754053336113152
741027409273585665
738792931713159168
738783653937831936
738780630608011265
738780195755171841
738549904272822272
736277288182898688
736277124332429313
734814097624043520
733378853347852288
732624224892813313
732616146126438400
732321475135299584
732269223792123906
732254685847920640
730184374793031680
730184127282962432
727614311137304576
727547201023438848
727547023130398721
727296850026319872
726101722288902144
725026693052792833
724708700972175361
724023049809338368
724022954200195072
723559015121178624
723558775001518080
723557513375805440
723557118616293379
721498418133098496
721477044341616640
721477022636052481
721092391814320133
721088565598269440
721061238076104704
721058178838859776
721030774921637891
721025041073197056
721020052657430530
720739877998866432
720681349296730112
720678042880712708
720678035981099008
720378546657439745
717120621889462272
717120569632665600
712421381980315648
708037576196624384
706930602671353856
705213610029518848
705160737723813888
697577646327144448
697173497903058944
696468555051585537
696468272028319744
694322850040147968
694306702619860993
694276233341865984
694251796810833924
693885949642539008
693827640730345472
693827405299908610
693661000436809728
693647461777166337
693641540883709952
693641483400810496
693325135026098176
693292049773166592
693292012859060225
693180316324761600
693092317582872580
692806047526952960
692805701635313664
692763261305880576
692572807906074624
692146677315178499
692036729579114496
692014456742653952
691998439521910785
691985041052823553
691871714792357888
691870551443443712
691870403099299841
691870227076890624
691813110550761473
691799294505021440
691799262213046272
691799167388221440
691799146714497025
691799124807675904
691799091198738432
691798985133146114
691798050487033856
691753611865513985
691753545926889472
691722911015546880
691700648958672896
691693982057906177
691665979688914945
691632968637374466
691632196092719104
691348284179238912
690568183565004800
690194838424190979
689943736386785280
689866601554833409
689550617535078400
689277995396116480
689212901505122305
689180435377598465
688391310546345984
687694745930305536
687512142874984448
687079789207785472
686009955770437632
685970430356623360
685510274846031872
684803535150559233
683407972492390400
683055184889577472
682649442030383104
681613146629345281
681581001437351936
680814755796275200
680498179729563648
680193423890989056
679787348855422976
679118111245602816
678648935267753984
678409458100207616
678394201306890240
678269104952766465
678001334390415360
