830153567012937728
788436111815159809
781221975301558274
780542593331437568
779742314990149632
779440291203784705
779087674145579009
778715556329381888
778360376345759744
777881507851411456
777567968532103168
776926193148829696
776510220923117572
776139377873346560
775801329998442496
775469134767198209
774351854922706944
774320901315624960
774023876414058496
774001492944494592
773642147010453505
773207966275080193
772842031257313280
771784905889939456
771437580009156608
771090312357826561
770697977182629889
769263232645156864
768191449321971712
767813869905457152
766768460248461312
766750963457662976
766036413808713728
766024372817506304
765590129800912896
764221047767912449
763872174553780226
762774924943462402
761323859417104384
760599803893944321
760246491235491840
758726821630255104
757713216835317761
755134054165417984
754033236724953088
752935494426722304
750752169549107200
750012099921780736
748964737010921472
746114936481320964
737418340289810432
736331222851321856
735932948692623362
735609297548115969
735200118815653888
734881175760691200
734846871902920704
734522781614911489
734500585051934725
734496770579824640
734162997954777089
734066672408006656
734050773374377984
733794341915856901
733751965214199813
733705180768800768
733388510804217856
733124523461988352
733099937840267265
733069099199303680
733028451825950722
732757487472889856
732742218159665153
732678518312701952
732400101298196480
732400050060529664
732396066918793217
732388202963570688
732384152943796228
732345998371135488
732332089236983808
732331506379685888
732313235781619712
732257445645565952
731967812055375872
731935529583804416
731907064306405376
731619052708208640
731603881738698752
731548798846013440
731242696447275008
731213363871686658
731185695721590785
731153482288222208
730880367314370561
730850523604094976
730820444798865408
730789703801143297
730563630429659136
730531327494242305
730497281862967296
730442367682011137
730170339125157889
730084775915065344
729808773234216960
729782611476885504
729401959975927808
729036294244864004
728721190110547973
728398760678727681
728360115624009729
728117131376627714
728029865765683200
727996388802334720
727528323442597888
727271219561680896
726823801887973378
726823284587794432
726519886969757696
726507859983384577
726184590348529664
726184456814362624
726044893945188353
725803362164330497
725460842016313344
724734235882467329
724387375070220289
723566544660389889
723277752820981760
722927547260936194
722884188269981698
722881303993933824
722806064282882048
722681238721556480
722508284419272708
722198135280275456
721532459200995329
721041300158619648
720981085274943488
720741666928398336
719214349512912896
719010110207447042
718257101781401600
718097316469686273
717124807066853376
714954980382388225
713501522936651777
713033061072576512
712393255669927937
712051296719622144
711704056616460288
710239340538953728
709846682096300032
709512462643675136
707717748772589569
707323471425097729
706268146013851648
705446627755085824
702644385221967872
700136211575390213
698914705868398592
697574882859683840
695034681251594240
692509820541341699
689478332254007297
689137176622317568
688060065543262208
682365600451014657
659562918166462464
656514675413118976
655088136507097088
654349061558898688
654329425673105408
651430026026479617
649307380732198912
649282527727853568
647141403210944512
647104375928803328
646546545991548928
646453634528579584
590219691156574208
587428147328520192
519574568185233410
517389084982272000
516679726426234880
516286231554961408
515214806651916289
514866937419939840
514531179219779584
514429718217887747
514130304659755008
513036217747648512
511607631383756800
510150924111593472
509702940584464384
507621082623270914
505459962579935235
505108561311977472
503983283626340352
502169464125673472
501477265293991936
501081083190841344
500707393865404416
500407387954495488
500399861720563712
500359949944229889
500311026399592448
499640261182750720
499178531847286786
498905431473786881
497806128382631936
497140848308416512
495323149882245120
494937101482201088
493897917783351296
492756267480252416
492414802422013952
491729628420009985
489880600933720065
489514843313934336
488792070232887297
487326912964866048
486600687598325760
484802261034356736
483701589673136128
482252019780947969
481164820821991424
479715312086966276
472528315262066688
471352377321082880
469909738256601088
469658998074269697
469585679648047104
469272540456562688
469252813701521408
469179304241156096
468892132661817345
468875371329642496
468862403950960641
468813507895758849
468532692586221568
468484153957433344
468229226747789312
468135528119152641
468088653697515521
467758417529298944
467699003027914753
467549784757137408
467449208141004803
467364354422489088
467108284898770944
467106072906321920
467081951393107968
466982599802368001
466756477705650177
466699985791102977
466639502531125248
466362269665067008
466265022285369344
466257246402252801
466243526821306368
466013212903612416
465983735205097472
465978739055009792
465970562808811520
465958992875761664
465934493312757760
465932021873655808
465922721763704832
465910560140173312
465658610706444289
465645773300846592
465622528992350209
465549787299717121
465336727586885632
465335357894955008
465250122226335744
465245921479888896
465190002402414593
465184296685150208
465179394274000896
464965644211847168
464965606794461185
464965556102119424
464953657679568896
464953468776501250
464931549842903040
464930237491322881
464925905098256384
464924414916575233
464915654781325312
464915553941860352
464915401047306240
464897566107123712
464896326044364800
464881823881777152
464871094777020417
464870141289701377
464859996681814016
464841721566597120
464838341200842752
464821377233866753
464570722887933952
464560558625554432
464542770766815233
464534273903837186
464533512180465665
464514657550483456
464495005243936770
464480493170221057
464469149490479104
464467723909873664
464466073522544642
464449772560998401
464444889329975296
464443438226604032
464219776068231168
464205207119740930
464205065587142656
464202472588718080
464200517644988417
464185673423937536
464184487622873088
464183756874477568
464176862504038400
464163100673851392
464117773728104449
464117408576176128
464108988221501440
464070094134321152
463917753837965312
463907402979368960
463907377469595648
463821869443870721
463816394799194112
463813443376541697
463813419628392449
463811027222544384
463770633638129664
463729317894057984
463728135557505024
463713978040848384
463454646770475008
463436592967737344
463429802775429121
463407746004422657
463390648620441600
463383515287932928
463370091313131520
463367434708066306
463367158676746241
463076976010354688
462681414958202880
462667527944826880
462640994492485632
462307927110340608
462306197891059712
462290718132695041
462282602053787649
462275710522896384
462268732677443584
462190910365630464
462190793629790208
462019846876581888
462009292241920000
462003929329315840
461993270583623682
461951229052989440
461933731888918528
461914964035248128
461909427721756672
461903622947627008
461886060801179648
461672453882662912
461668230763802624
461651733211783168
461631749466755072
461617273480806400
461544621688901632
461309951739043840
461306110402498560
461294478477651969
461294270398226432
461266995678167041
461264126376165376
461260040821690368
461189888742662146
461188470925295617
461181624168636416
461179557475672064
460980575596056577
460976359079034880
460973934117023745
460973669787791360
460973542046453760
460971615426056192
460971366150193152
460969559617335296
460968506310160386
460967319838011393
460966986319540224
460965921071181824
460965514529865729
460965144168648707
460963192873947136
460962586935042050
460962333204811776
460961864109666304
460959766349479936
460958434481803264
460956476895272960
460942993705283584
460923502564868096
460902845609295872
460899352114782208
460863833204989952
460823268916617216
459801846345764864
459772629407117312
459769138223648768
459490522382340096
459485450420232192
459485374654332929
459457350537969664
459452868202725376
459447802288824320
459393934200815619
459379305789673472
459369721779847168
459363913000165376
459111558824484864
459094558484484096
459077737244672000
459073863637143552
459056284323418112
459017617143910400
459001845566803968
458919300682629120
458746980764622848
458726905760329728
458655605993910273
458439864623435778
458407412693606401
458387981208788993
458374160494755840
458357784908541952
458355364686491648
458354660252721153
458325865235873794
458324100008923136
457971631961292800
457929093221482496
457594276374138880
457549281772052480
457279556475305984
457271430728527872
457244251563106304
457217127078838272
457202923923968000
456940450188763136
456935424888279040
456927095168311296
456885968386007040
456849530835570689
456550377584746497
456518776129736704
456241650977615872
456185147566469120
456142849226977282
456127171740717056
455835672629096449
455747611169804289
455524826279444480
455496405230948352
455381458501111809
455219702789177345
454760147433172992
454728556979822592
454693913400320001
454396087051112448
454375169398562816
454330997970984960
454327306547245057
454035794731081728
454001450071232512
453947556309913600
453944562256314368
453676367708569600
453665013291433985
453659151755788288
453620429098205184
453585713506705408
453494693209206784
453493411459252224
453333017839165441
453216059059748864
452927736734969856
452188954419159040
451884892138135552
451415536086175744
451415045604274176
451414697678340096
451130280506449920
451105692506918913
451046890713276416
451041316726517760
450810124811005953
450771857822593024
449608548289245184
449196347179016192
448683412325269504
448683273133105152
448683244779630593
447115653233651712
446764637170589696
446431791965274114
446025251277647872
445681155619028992
445630776315367424
445630732623286272
444580434601467904
444272075084009472
444271561101434881
444266485108584449
444258149365592064
444237306468126720
444183639153065984
444159341197676544
444159203284762624
444146063557931009
444146031341494272
444145988467294208
443946936077266944
443855952538632192
443847987987374080
443491745863458817
443388323323576321
443170493806284800
443165204474363904
443164874864984064
443163368115826688
443124316796768256
442831633045925889
442831403672027136
442828829426339840
442796863507296256
442796250014814208
442785014896275456
442746084469645313
442743652553465856
442741023530156032
442729394759430144
442729306393812993
442728837755830272
442728829954453504
442725334782189568
442708769168826369
442503711584043008
442502943435022336
442475977134714880
442475776764428288
442474778079682560
442473267962445824
442471333574635521
442470801107714049
442468433834573824
442467346641203200
442467337531183104
442418261393563649
442415130500804608
442414561363525632
442411854229274624
442410973572239360
442407181938216960
442364553515376640
442364023745417216
442350112207933441
442346916341219329
442343219301318657
442165137802153984
442131909091397632
442051316894797824
442019164404731904
442012868582453248
441996997424214016
441770489770278913
441751960257953794
441749577087991808
441392693755670528
441383240444555264
441276633467473920
441033731512360960
439572227457945600
439211866842083328
434466559373766656
428955647736938497
428946503676096512
428946469777727488
428944411494318080
428943637813022721
428943579717722112
424255658456666112
418476148125736961
418090816607760384
415180700120133634
413788228122988544
413738598396329984
413433507583496193
413360235483373569
413083213934755840
413071843193409536
411354932130766849
411280360677187584
406122255261790208
406122074218848256
405514819991658496
392695046186610688
385097039304228864
381128257758068736
375736566502924288
375725329006202880
375449278011174912
375030585737371648
374962592646979584
374739352540413952
374738950151483392
374727526226341888
374727461113974784
374727396349734912
374725759145115648
374723883389452288
374723797410394113
374723735892553728
374723170865283072
374721182316380160
374720205584613376
374719696622587904
374715262584774656
374713579699961856
374713521743069184
374713042728407040
374662350261211136
374662095197196288
374662046690074624
374330263289200641
374327483643863040
