687968204891766785
687289051729260544
686684746374615045
686477661376401413
685129696904888321
685128797838913538
684389842105544704
684388941626122241
684066789748129793
683619253010980864
682200301810618368
681429933583908864
679633264118751232
678980978841419776
678938931212234753
677821358408114176
677142120289992704
676356515914260484
674907080705384448
674310095044534276
674273423313543173
672009248910495744
671298273320312832
670256056904376326
667674257862860800
645564315282468864
645201938049462273
644813224441970688
644813136223150080
644441188599070720
644210407888973824
643779956091285505
643779919084933120
643768299495358464
643336800199684096
643336620012367872
643138350895919104
641940439919030272
641899362642186240
641899325992382464
641672477492441088
641544302443802625
641544279496724480
641544250790924288
640790936545533952
640626194656960513
640625976616034304
640583730533376000
640583394200547328
640583348524556289
640536188382674944
640166750814928897
640166737925812224
640166710427930628
640089900725993473
640086091492683776
640083062190178304
640082987342798848
639905630761975810
639902026743345152
639888586880495616
639882127815929856
639870136753745920
639869924710719488
639869379031760896
639869372694196228
639809613072867328
639809539102085124
639799714037284864
639728367885914112
639720140624535553
639720017370697728
639719844192092160
639719652613095424
639707852802756608
639707698020397056
639707460626944000
639705729415274498
639539328704712704
639360023806799872
639358408211234816
639333551620681728
639109622750662656
639109425924583425
639109235264065536
639105222644776961
639105154638331906
639105136133017600
639104439396233216
639104406307373056
639104377538641920
639104254565830656
639104217601454080
639048888909824000
638797228069404672
638678962835615744
638664996428324864
638423763722178560
638306493117304832
637956706241150977
637911202455252993
637581728282902529
637260441153052672
636980252963508229
636919678389108736
636919618578292736
636839239523680256
636839130392068096
636607817974067202
636472742653595648
636166155779092480
636149793337667586
636077301487271936
636077222810546176
636077203755823104
636077140350517248
635809333750702080
635773471977570304
635753679723868160
635570251372040192
635045027559829504
634736195336073220
634658716743172096
633731836879831040
633345213222768640
632520873778384898
631907091838431233
631534731151155201
631427474073628672
630814653434564608
630709829661802497
630709744047665152
630664623545524224
630349079558557698
629981661984260097
629653598486573056
628867554086383616
626790982428852224
611477342658105344
611477177276702720
607917529684574208
607849608073506816
606794997069959168
