912375942508457984
908733291645222914
901182402747170816
897871193591529472
894979606553415680
889173037500829696
887356504474476544
884458340402712577
882648315657048068
878303615605129216
874314773965414401
873223066322518016
870324080448110592
867123949158580224
864524769651171328
861987409512153088
860545381427552256
778268236798304256
776851796106936320
776851778935500800
776851761331961857
776647412785876992
776647384671465473
776647322994298884
776647288760311808
776229611931787264
775841385865895936
775841359659798528
775841335659986944
775841288662814720
775472374086971392
775472349835431936
775400808091226112
775368735569829891
774424207962759168
774424122583461889
774424088924217345
774424064068685824
774424025447604224
774101077373308934
774101029646323712
774100876319305728
773916199218393090
773699790559293440
773654906318139393
773654701917114368
773654478029361152
773599722518958080
773599676897505280
773599575776952320
773329423877574656
773277434074374144
773277414273064962
773268582939570176
773251265048420353
773251229803700225
773251199080411136
773250315567009792
773234121564786688
773189521898819585
772963347671101440
772836164763983880
772610266492116993
772482624484814851
772263634730835970
772103854628347904
771880734214676480
771507140397707264
771507094176489473
771506945253486592
771506918015643648
771113150867386368
771113103874404352
771112983934054401
771061630587146240
771061572202434560
770790985034895360
770790936368390144
770790825546567680
770790771544862720
770442399872987136
770442307589902336
770390098584211456
770390037032759296
770389340002349056
769244281324187648
769244267982094336
769244225871360000
768951196589563904
768951146031423488
768870831128649728
768850863615909889
768591022129504256
768590974536654849
768535996707201024
768255151610089472
768150736639143936
768150346849918976
768150044235010048
768134194664833024
767900077511749633
767899567312384000
766787070111076353
766786877961609217
766786603305963520
766760410586320897
766685981101531136
766668848758071296
766347846958272513
766305058195509248
765992202820386816
765237005047373824
765224502762442753
763831690401689600
763793389103964160
751502431750615040
751475939587088384
751442070766751744
751263025370247168
751262735514558464
751191005852905472
751167543633649664
751152157022236673
751091334228750336
750761301677191168
750749389405073408
750728979447812096
750466077713272833
750451191084048384
750451090563342336
750421022340292609
750407204797157376
750361826089574400
749999064083632129
749718917858361344
749651755865026564
749275491048132608
748977922900267008
748963502686019585
748947289880887296
748930714100379649
748911768311705602
748652276269473792
748636956947406849
748613127403515904
748607983194505216
748597615328014336
748553993215832064
748293010534739968
748257842440736768
748239063220555776
748222739090006017
748207725734039552
748190768393654272
747930962797879296
747919333796417536
747897599504449536
747886384971538433
747872444216553472
747850147992768512
747825973664448513
747542097004101632
747510246277427203
747460815549194240
746912411148419072
746912180784664576
746741855912525829
746490646727434241
746457005892591619
746440764595441664
746423409454702593
746408609689415680
746400377692553216
746373928436674560
746096997535350784
746075458031128576
746054325017796608
746029633653473281
746016068766859264
745761163162460160
745750258961911810
745739052045996033
745721276703059969
745670771276546056
745655846554603520
745411053891227648
745399142088749056
745368458469138433
745333894883454978
745306406077636608
745285241099554816
745023167639527424
744987252841820163
744960166534078464
744931233684033536
744903775375134720
744903765925363713
744691283239772161
744651155431620613
744628515258015748
744596903971676160
744575566293020672
744336059295633408
744302359350677504
744279821551812609
744221687500050432
744221662556499968
744199661490077696
744012017414082560
743911121531265025
743899852774334464
743892055743733760
743879620211183616
743872143809744899
743844614897995777
743597538100527105
743595470036033537
743578248370589696
743557538252230656
743552555796430848
743551941486096384
743480659964899328
743244186074308608
743241047522709504
743239089546133504
743221609322979328
743177571425095680
743162526297296896
743118529809895430
742896817273212928
742895926231093248
742826882874281984
742802817237159936
742773599023599616
742747813264531456
742554961691709440
742542916833411072
742509778975481856
742479255259484160
742437644278206468
742411836021039105
742388571928035328
742201125496098816
742184765667807233
742142208992632832
742142181163442177
742141925717770240
742114316535484418
742105964761862144
742080424323612672
741785432917041152
741785231208767492
741768261373661185
741740712509591552
741740477410467840
741719209894416384
741689732871004160
741689656975097856
741670934512205825
741634967063695360
741491441562685440
741483476331823104
741468650058616832
741468609805996032
741438938582274048
741436350025453569
741436244375273472
741418311448207361
741405783410106368
741381714870710273
741360183549517824
741359088265658368
741355564542918656
741352224308092931
741348500802174977
741344427478638592
741318060837982208
741314343267119104
741306173266092033
741305319121256448
741283534392819712
741144553063878657
741144486781329408
741134476290494464
741134452936577024
741134408221110272
741134344102805504
741104201892122626
741091325026697216
741086732624363521
741072653562216448
741058492165820416
741057066949849088
741054522882039808
741043891881664514
741033211099107328
741024176547364864
741020626723295232
741012655482146816
740993519284674560
740986763049590784
740974660548890624
740961407722627072
740960575287496704
740953222861316096
740944441049894912
740942435245658112
740939498368950272
740932893762019328
740919677463855104
740762374777536512
740756598184943617
740736480117698560
740718966390284288
740718805547159552
740706273692377088
740697504266608640
740689946097385472
740682784684015616
740682723057098752
740664696999534593
740638813802909696
740634349821919232
740627616881881088
740614242374582273
740597826850332672
740596152811282432
740592019953750016
740583522709049344
740576151035252736
740392306793025540
740378585156882434
740366707928092672
740363369337651200
740359002186514432
740333210639294464
740323135153680384
740318027019780096
740306136218271744
740285231442206720
740278514553741312
740267524424536065
740230187749675008
740198550999568385
740197010658066433
740185442000244736
740168503911550977
740168317726400515
740168074171580416
740167040267223040
740166636796141569
740166099543556097
740053867501473792
740041308216152067
740041228033613824
740034325807304704
740011708266237952
740001251346120704
739990203922841600
739968202994683904
739967871493636096
739966917738274816
739966031456702464
739965594485694464
739961044483739649
739960577460559873
739959828001357825
739959198776098816
739955513069182976
739952929818345473
739952901812981760
739952152781557761
739939483760484352
739920563217551360
739913418052907008
739913406879272960
739913323827847168
739913304613761024
739911265787744256
739911142131273728
739910539690823680
739910321415000064
739909814701019136
739909562980048897
739909259564097537
739909069138460673
739908772970266628
739908398527971328
739908122995785728
739907605133438976
739907231932645376
739906466258227200
739902755309948928
739880890164219904
739876387889123328
739859652221894656
739859040801411072
739854498781384704
739845261543899137
739833909169397760
739616581823647745
739598100885446656
739597759854972928
739577922890014720
739560290937868288
739529564464906240
739472262093361153
739318941084876801
739277248759357440
739234076624846848
739221769349955584
739218820221440000
739179974511501312
739139791556481024
739112750094422016
739111533125500928
739110088103727105
738968962025717761
738914304733392900
738912633227751425
738869986714750977
738865472695767040
738856629018365952
738853520934244352
738849535347306497
738828896821379072
738807209195233280
738779439954198528
738763536197947392
738747307659665408
738576360210202626
738557331491979266
738557084569075712
738538829909352452
738520493045616640
738506954037972993
738487868650201088
738479190907834368
738456516785668099
738446946579288067
738446921560260609
738444874643439616
738431712560979968
738414868609404932
738383606968520705
738242124064251904
738241871441461249
738200818235641856
738173113297297408
738159327672836098
738144058170740738
738129291578380288
738107151269384193
738104035358695424
738099179336011777
738083301630435329
738074373869973504
738041926360784896
737862346866057216
737856154173345796
737856108543508480
737804901451866112
737790835660623872
737783312110878721
737778238290821125
737769582736203777
737767763414941696
737757095466930176
737742617069293568
737730492548677633
737707386568335361
737707372873945088
737696460708446208
737676949506527234
737431426778468356
737402063378747394
737401953701920768
737401865223045120
737395613571092482
737363957472591872
737328506237919233
737326215753764864
737025395208380416
737025308755394560
736975526317953024
736598178359713793
736355228518219776
736337401283383296
736294977056219137
736259779501268993
736259287840743426
736238011373883392
736011836953235458
736004028522475524
735982167864578048
735969225563463682
735937964589514752
735923611253362688
735874723876245504
735617923843117056
735606636887183360
735547923413377024
735533390305206272
735511888600043521
735510776681660416
735307565949718529
735303711174578177
735303450070638592
735302737009758208
735265049569169408
735262395140952064
735262110976868352
735243227767279617
735242326918893568
735230377665560576
735210912647282688
735210885036183552
735185436713222145
735176976126840836
735154435190444035
735143827833425921
734927644395851776
734900326084415488
734900185940168705
734867774833451008
734867622483742720
734867011671465984
734861543725268993
734856902119555072
734842759752896514
734835121786884097
734816867966025729
734816836097736704
734815078843834369
734815054118322176
734814707375210496
734813413747003392
734811745001213952
734811323452657664
734810702146244608
734810596873363456
734810153908740096
734804919958396928
734792722414850048
734790547710214144
734788731106824192
734786175420895232
734784919373651969
734782746761953280
734782620727410688
734782276400087042
734779663902330880
734777923190689792
734777219097104384
734776981074518016
734773168422850560
734770514846064640
734769386192576516
734768443455479813
734764855127736320
734759813087821824
734759770641440769
734542235077775360
734505566723145729
734487274361135106
734439422423339008
734208436536107008
734141791360815106
734069234590834688
733907968341594116
733818650637930500
733772419228405766
733765246633054208
733765040629780480
733732238953730048
733688795283914752
733476456295190528
733442524056944640
733407240430870529
733358466610253824
733342142723031040
733086102161129472
733040626724298752
733007669888462848
733000151544016896
732962271412903936
732750110879256577
732710639999832066
732678729902645250
732669717673086977
732665098226044931
732658952626917377
732609054372024320
732602765319360512
732381747120201728
732357112110555136
732352801586601986
732324920802353153
732241846252883968
732041861951410176
731983799530196992
731925739889561600
731925369620709377
731925335491629056
731892625209352192
731600032156295168
731529626577559552
731482170766675968
731183378259529728
731144353784070144
730958647338078209
730949642540752896
730913478492442624
730883263384846337
730841182750703616
730840926608711680
730789241454657536
730530554962165760
730515260210221057
730478384392724480
730451641623711744
730445527628701696
730436059251646464
730159310328696833
730125908443439104
730080241348018180
729800275389722625
729720017260961794
729340238481362945
729164779516989440
728999121114288130
728706915954360320
728617825879789568
728389650247651328
728351802433757184
728327621243588608
728290878083747840
728276176414846976
728252985130651648
728052045035520000
727984145951916032
727971603875692545
727900873544769536
727668663734652928
727599062367625216
727545060359729152
727240610499846144
726803523287977984
726174553085456390
726091519208235008
725729541159710720
725495388367654912
725413548034285568
725366930094223361
725062775089848320
725022831675887618
724717467998797825
724628893513080832
723631471232049152
723619173876768768
723571676525387776
723192523674406912
722907465692545024
722892511211982849
722872608417587200
722832223821385729
722539417974386688
722538556690984961
722504616743579648
722500034420342784
722454952505782272
722452026764967936
722444566117240832
722113719497437184
721092989892755456
721045035592978433
720657355554205696
720436983533686786
719990767507415040
719931971351085056
719372211266523136
719370462086586368
719299251260366848
719284375993524224
719224710639284224
719192895513755649
718916466725285890
718558386103656448
718513292579241984
718487377094639616
717757011652292609
717456375052431360
717401580111265792
717081321399390208
717032641241853953
716018541271580672
715654328803926016
715583041285001216
715275791198593024
714918376670425088
714904366654709761
714864663125630977
714548996388179968
712719472147214336
712396272536190977
712324260073709569
711987106550120448
710969205944881152
710557109801369601
710522989343870976
710278656925573120
710231482078375936
710212004703764480
710184063798108160
710163333241032704
710157241022877696
710152597185802240
710147497063153664
710133553464352770
709862375474606081
709816573226135552
709801279363526656
709786016790372352
709771159378591745
709469204030705664
709409375308222465
709402532817154048
709402522872467456
709377481271222273
709372114277502981
709370760796569600
709370710972436484
709370413348827137
708354325391618048
707987156816494592
707624832490311681
707265570492850176
706902726005751808
701870377463627777
701853077536505856
700047209476194305
700039836049108993
700032144349929472
700024779240124417
700017019182120960
700010404836028416
700002123136630784
699650104014172160
699646566202634241
667403906247294976
667054584943128576
667052988859486208
608823441718808576
556522389928833024
556258387864739841
556256702970875905
543520067011346432
543519979187212289
529712636712079360
379725401381031936
378624797296455680
378264792764399616
378220900060905472
377505147611406338
377154503901868032
377154405402824704
377143516037513216
375756940195803136
375756897137094657
374967497104977920
374615226030637057
374235670794891264
373910284169015297
373576216873160705
373538151425265664
373485748558626816
373199067729248256
373164917806735360
372431692956327936
372075970972246016
371066567569584128
370244046993633280
369550905730822144
368234947460333568
367398621311807488
367046398853668864
365905093918347264
364860794069999616
363019732221304832
351448898843316224
351439412573372417
346767976462159872
346692088299139072
346691737772756992
346674071225913344
346319950794862592
346039491120750593
345949523857784832
345677088738648065
345587314807955456
345315352248467456
345226477165490176
345224736063766528
344983136825921536
344861866377502720
344590012031049728
344589556563185664
344501240266375168
344228015133315072
344142705779150848
344142434604822528
344141937093251073
344136984396173312
343828198057984000
343820782352363520
343706733149048833
343428080364318721
343420627283234817
343141477674782721
343141438378360833
343050376586596353
343049833445212160
342786337218371584
342688103963693056
342687431335743490
342375136109936640
342341505979129856
342325352879771649
342317699801694208
342317672622604290
342317624685895680
342097130544041985
342095914783084544
342095872361906176
342095836701921280
342095781110616064
342006846741159936
341685364005683203
341658209662156800
341604230089539585
341603220134715392
340902867193966594
340901780797915136
340901753719500800
340900494169997312
340899987779108864
340624943987441665
340624862873796608
340623892932591616
340516992865935360
340498288287555585
340487545395748866
340486157391511553
340330301421129728
340312589118619649
340279227389722624
340248637688918016
340216436893028352
340216276473495554
340211535098023936
340180764052291585
340161659677052929
340149595508199426
339911099275169793
339867546696155136
339850618778820608
339850280348815360
339828244700344320
339799403554541568
339631280956256257
339512981501128704
339512025187237888
339511395127271424
339471570797985793
339384224333299717
339383974419902464
339214549003677696
338055939460579329
338033743367372801
338033534163898368
338003154719346688
337985253614424064
337614011958951936
337613950277529600
337016210245971968
336989527749054465
336949575858388992
336949554958192641
336949034608627712
336899473219403778
336652744318414848
336589220711890946
336557030758313985
336557021249810432
336177553117167616
336177358262398976
335802632885108736
335802334326181888
335502911142502401
335502399068323840
335450306064289792
335449838944649216
335448164683374592
335439987963224064
335151946061197312
335134734080409600
335082786190925824
335077258106654720
334758100957544448
334417752515301377
334090753422807042
333752489167970304
333406104119824384
333297196302741504
333297014982983680
333040597218783234
332699152209281024
332653356755591168
332652524400177152
332535644247171072
332318040085626881
332223817130840066
332223722977103875
332222265909448704
332222218081808384
332220390627753984
332220331366420480
332220217944064000
332171968239509505
331925222456446976
331923237388824577
331923090915344384
331922861151383552
331921672716316672
331921342406488064
331915868768444418
331857399197609985
331857037111730176
331856529194098688
331855301185765376
331854279109382144
331853752573247489
331853167526555649
331852165373108225
331577301710016512
331577069437845506
331576611579260928
331458965881880576
331458785157722113
331450016369623040
331444790505914369
331184593430519809
331166755156291586
330728612267450369
330442307549663233
330420121006899200
330379085849174018
330378969562116096
330378550299475968
330363162866110464
330362230619119618
330118782011981824
330045214095970305
330045047884091392
330044895748292608
330043508851359745
330005717941616641
329700955056656384
329700172659556352
329699871705669632
329699068639059968
329690136008867842
329685427646758914
329684499745087491
329683777846648832
329682675889745920
329681980818067458
329644087055618048
329298893886062592
329296069970247680
329295676330606593
329294982043287552
329294871192023041
329294462079619072
329293751107338240
329292286506700802
329264192660058114
329027921262018560
329027600846561282
329027096636694528
328999734356344833
328999469641248768
328983527079174144
328983142880903168
328982952996401152
328982814831812609
328981582566281219
327882714285998080
327880470656331776
327879527525138432
327870962525679616
327566125397327875
327565982015037440
327565702586314753
327565595371511809
327565356518502401
327487511175761920
327164168052559873
327164025731416065
327163436863729665
327163023758327808
327137648655339520
327137316541984768
327135725319503872
327098950173745152
326841539961692160
326840974447882241
326840250750103552
326827512812433408
326822641862311936
326802059858944001
326768829311115264
326733101982158848
326499360345047040
326487082933571584
326420284393521152
326419696251449344
326419456056258560
326419214682431489
326418913632071683
326400172005392384
326394612535156736
325301908942233600
325292205147303939
325285842883051522
325285711093850113
325046399681036289
325046279489060864
325045961669890049
324942000245854208
324941106351575041
324620330280837120
324620138034888704
324619828667240449
324619716134072320
324618780015742976
324618366226669568
324617480511299586
324571302927167490
324288142955913217
324226205727461377
324223806879191041
324223599202410497
324223392653930496
324222510260420609
324222437531209730
324222218907303937
323895968133177344
323893348161187840
322747517953536000
322747226994655232
322508231157116928
322499919304880128
322499763436134401
322497194353627137
322496581687443456
322496275733946369
322495707229585408
322494862089912320
322492762173874176
322460019633307648
322459295943905280
322459009108017152
322458889071235074
322458788856725504
322456534334468097
322396454952001536
322135842825048065
322134891389149184
322082605581361152
321699631635525634
321658479913881600
321325894562099201
320609619049320448
320286359858327552
320218040857923586
320208428427534337
319882005603037184
319618755309211649
319520105329487873
318781309055037440
318390564947120128
317693307075584000
316949539988836352
316661839385743360
315138057609285632
314513896746668033
