679708736768745472
679345603415969792
677982291306524672
677261121049387008
676786315170451457
676438671394914304
675349122447110144
674263603558531073
674023036408823808
673911566538964993
672838229507182592
672481168709709825
672110150107312128
671745330753372160
671369276431990785
669946244865757185
669591404142718977
669213935912923137
668857551748927488
667742465042964486
667393248860614656
667086354740719616
666710073847083009
666304546537246720
665313466077483009
660897911585177600
660592108277862400
660531742877421568
660233651192332288
660202407209504769
660170501919145984
659873887434371072
659777983721279488
659411088585330688
659158600284176384
659088902431440897
658783858599456768
657957238334603264
657617191760711680
657242001977376769
656954297351974912
656893216571035649
656188054189707264
656181040067846144
656180826745544704
656179717066915841
656177895593922561
656174690306805764
656174051698823169
656173706172047362
656173091094155264
656172230150344704
656171575796998144
656171050598797312
656170409931444224
656168405867896832
656167164571971584
656166489943363584
655145811337048064
655079656693985280
654363515092766720
654102776813760512
654096849637261313
654047345395429376
653998138982727680
653686896724307969
653645708206075904
653306599931379712
653270084819906564
653063089437282305
652865383192358914
652864476291579904
652864341503377408
652863986132582400
652657263736295424
652627422899101696
652597370434129920
652577958838710272
652561082616180736
652491227808399360
652340226757541888
652332478884003840
652271209325817856
652249084460314624
652213320372518912
652196879258644480
652176032531804160
651977859855052801
651972518027264000
651940076885139457
651871910108639236
651808211582914560
651766457752117248
651592676102373376
651577691305480192
651564299052187648
651547705051709440
651533480489148416
651525466101157888
651468805026152448
651465969005555712
651440426780504064
651439989243297792
651260950746558465
651215299740479488
651184459803312128
651143141571952645
651123413063352320
651102408886497280
650868709670522880
650842167519244288
650780703299231745
650747260213424128
650714655141171200
650708688991207425
650701171464646656
650693114823241729
650691776580206592
650688530352476161
650684494937063424
650678337468133376
650675588286427136
650430724630188032
650352297327792128
650052669504032768
650037062519812096
650025431689621504
650022465205174272
649962124899278849
649901680469807106
649828909173706752
649779696922574849
649767970227355648
649752199552090112
649742287358955520
649702504452616192
649701850996846592
649656331528310784
649389296613330944
649380035728535552
649365636217307136
649332223510900736
649267920720138240
648995692887810048
648978659399720960
648857453489033216
648670445386928128
648475858047500288
648475770172645376
648349971918405632
648349808470523904
648349771850059776
648270765352087552
648180506236882944
648175969912553472
647555537580625920
647492956803350528
647166374142328833
647131550740447232
647107828256124928
647093529584340992
646811178346283009
646768934977409028
646489216268894209
646167573722038272
646126807490564096
646102879992868865
646074784082558977
646023030573961219
645996772981129216
645993337569153024
645733624864595968
645719655177293824
645719583458852864
645628367073492992
645626096344416256
645623103926603777
645618643921948672
645617534452928512
645617047393693696
645614087632760832
645613591626969088
645612689952272384
645611270847209472
645610474847997952
645609908721831936
645606265553559552
645604957245321216
645602072583274496
645600482866647040
645600283918270464
645572619677380608
645418135894364160
645417807006429184
645357761794957312
645334267136864256
645323190919520256
645323063668568065
645323024275607552
645322628715053056
645299256094384128
645288684619599872
645288591854178304
645278296721092609
645278137262084097
645278054814605312
645273665269972996
645039664542281728
645009119116554240
644986598732361729
644950725009608704
644922114286317569
644631959935672320
644583993417969664
644292534861103104
644217226136940544
643954359777103872
643902089731510272
643853353525616640
643561439806885888
643554073908609024
643529738372423682
643499694891638785
643483026727407616
643106829375963136
642774745927168000
642744566928437250
642457642330275840
642143954863915008
642095216296525824
641787997277450240
641778241934462976
641732856947978240
641673297218793473
641652147046617088
641430615074566144
641415769897566208
641391113736028160
641332703179218946
641294882078756864
641254561840152576
640570229026742272
640268147560312832
640216383939178496
639876102383497216
639830667790974976
639520665935024128
639508993195401216
639505193873227776
639166543448813569
639105619132215296
638818664704151552
638804116324483072
638451931980021760
637341439836356608
637293665698754560
636931233281212416
636578151129157632
636220405309505536
635857121418973184
634408044856672260
634092961375109121
633398794483187712
633367745699037184
632960083069038592
632951737226145792
632597701893337088
632258320087158785
632229794319437824
631939119061430272
631875991434956801
631502683111723009
630778026746253312
629758807141318656
629691688051609600
629438956564692992
629034068810711040
628990313730699265
628724960232538113
628610152246087681
627880724389957633
627522340155297792
627165727359827968
626913977906368512
626482801915752448
626127518140100608
625765476451266560
624658392255082497
624619624127074305
623983550308593668
623891236802277376
623638680629051392
623227094441398272
622087160829587456
621772742195437568
621515911833358336
621448626833723392
621001185256865792
620642047729405953
620276593387114497
620004248013549569
619995314317963264
619985052546437120
619981675825475584
619970244346429440
619945969816174592
619945957346508804
619945936677044224
619945923267801089
619945912790441984
619945900752764928
619939226855956480
619649838896910336
619205118924296192
619159295691636736
618806015757148161
618478291540783104
617381489743785984
616643945729142784
614505401904541697
613387351104950272
611951557936975872
611670132700549120
610885066298798080
610227510886821889
609537552471592960
606541879530823680
603678270874345473
600733073257304064
600703764308201472
600703745173770240
600703594376003584
600519995987070976
600512593225125888
600509876612149248
600478348356124672
600475053663264769
600380106201137152
600356898798342144
600351266997305344
591682438360760320
590270993706258433
588854133223915520
588854031017062401
588389801100881920
588100210720669697
588052845284458496
588052771867389952
588042470501523457
586214378405376000
585876425216892928
585532450572525568
576780095064449024
572874101766815744
570284640474259456
567788125582151680
565209707183235072
563102155134205954
560133691184148480
557640643426910208
537362870971809792
537289767063261184
537022156748517376
537020075027337216
536893593592410113
536891846253752320
