852208838203686912
715609161304662016
677555701007310848
676824075302498308
664884765300928512
662758893437632512
662389186670952448
662348855346794496
662024679960383489
662019001141166080
661685437337989120
661634719457505280
661270507988193281
660954497208872960
660894111164010497
660530397428629504
660190142531964928
659823027325001728
659779695337017344
659519943147327488
659429529501339648
659160735495254016
659159373478948864
659135025007357953
659099132309561345
659093346204254208
659092527635562496
659077370016460800
658769087233830912
658728584782065665
658713606020661248
658669468818653184
658387603662630912
658342305523302400
658040287688658944
657995023879766016
657685475927298048
657647761970458624
657616808267161600
657607976488824832
657358010314919936
657344456853602305
657340487217496064
657336556034748416
657335836778729472
657335741911949312
657335484243296256
657312254241538048
657285383617581057
657254218865098752
657232493674758144
656995233922572292
656962632730066944
656925842526736384
656907863038668800
656901454028902400
656889925795627009
656871963630022656
656648570171322368
656648133393289216
656621430226862080
656613252529438720
656612458589646849
656612404516777984
656607945824714752
656598831274946560
656582756835561472
656577361446440960
656541140913553409
656512094985019392
656511027845066752
656290047801487360
656286713317167105
656259959932321792
656230661087301632
656198219517399040
656182810495987712
656158449831546884
656158401588695040
656158052861644800
656153748390043649
655820682236854273
655488488939229184
655458329011974144
655159241641095168
655141228602744832
655096559923662848
654780352590798848
654748623549280256
654699194377068544
654418569321512960
654416459716689920
654389236183904256
654389141426147328
654389105518710784
654389081862901761
654389073084203008
654388630291546113
654388437273849856
654388382533980160
654387771113508864
654387598375325696
654377613880766464
654356280048381952
654103743768563715
654101974128816128
654098062411862017
654038945525723136
653971852541296642
653744236081233920
653743794848858112
653743078214230016
653645808789680128
653638800984305665
653329266612961280
653275905712746496
652981962831888385
652906487614844928
652649234080993280
652606648922456064
652559345637429248
652559193589739521
652526289950117888
652526214129647616
652526064170700802
652525993056272384
652524359756550144
652520066911637505
652498803728093185
652199298252214272
652164666026684416
652161207768498176
651861988335726592
651824330435772417
651824221677490176
651810813242556416
651488336528306176
651488280450478080
651482667209220096
651139660970721281
651126714232258560
650430150249582592
650069615108689921
650045982848057344
649721062045777920
649688621633552384
649688570421075968
649660311427899392
649653405271523328
649399614060126208
649301463986925568
648994821206511617
648994782249791488
648994703040315392
648954528532828160
648954401118294016
648935357044535296
648618217447952385
647533130245500928
647490817553108992
647047916662554624
646829096241004544
646766221191434241
644919147898339329
643545340755382272
642492222110171139
642492179768709120
642492138043764737
642492077859667968
641420050751094785
639592017710813184
638833816157622272
637028515422932992
633113124170657792
632952600841707520
632601512137502720
632243852342984704
631984043320446976
631906236342992896
631874923300950016
631562085764206592
631561830960250880
631536291901931521
631183199255728128
630890161346232320
630834007425441793
630820664283258880
630780320053243904
630468731307622400
630091217309560832
630064810256809984
629758421898653696
629731210659430401
629724725971816448
629724340536279040
629723890030252033
629702619083091968
629458526272761856
629440274549178368
629439988413788160
629399810156572673
629368032591265793
629346044288090114
629340052879974400
629087338488934400
629063738457362432
629063558043537408
629063170221457408
629006025648050176
629000412914257920
628999583532650496
628998850854805504
628997159648518144
628725043934072834
628724672792662016
628724359457189888
628703301375148032
628675840549650432
628642476081819648
628635479932473344
628631764064342016
628629412812992512
628628614066536448
628611787198324737
628281072334192641
628250547389231104
627977284729712640
627947127704961024
627928327966232576
627871541666025472
627841356686192640
627612055202238464
627588483721228288
627555179877937152
627528274017554432
627494287354105856
627282525161820161
627255188647088129
627224534014275584
627222282302164992
627195468800393216
627163149288914945
626889072619859968
626878274094829568
626858745893662720
626858007847153664
626857686487965701
626830788412112897
626815024875507712
626800749939310592
626558162330501120
626558003597045760
626557759203340288
626552655909818368
626482773851684864
626482244413059072
626481114232688641
626480589198135296
626469430810185728
626452896956092416
626438060012646400
626197290156318720
626193210977587200
626192684508561408
626166186233835520
626137218755641344
626105486245429248
626076405168607232
625835667960918016
625835316058796033
625834959886921728
625804254922452992
625784641899737088
625775571725762560
625761136202285057
625744377114050560
625730072037584896
625712268588683264
625487390400868352
625487075068882944
625480427193511936
625480241683693568
625480195911254017
625478028114550784
625477322305466368
625476915734810624
625476739594981377
625476152933531649
625471624133742592
625471390083235841
625471226903859200
625471142287900672
625470665739517952
625467966788755456
625467873381609472
625467745711230976
625467643093319680
625465612911808512
625463404384223232
625460560553840640
625459604357451776
625459130489147392
625457397746667521
625456808375681025
625455637560823809
625454309224792064
625453864393682944
625453113332203520
625452720309186563
625451929502511104
625449018491932672
625448076900110336
625447783546224640
625446911462387712
625446495504826368
625446222061371393
625445951604285440
625445626352791553
625445167642902529
625444055405629440
625441416433418240
625441076828991489
625440536875249664
625440535218532352
625440353454157824
625439031321477120
625438854716112896
625437892421103616
625437646345498624
625437468754468864
625437126331478016
625436280642408448
625435872742125568
625435536749109249
625435230896173056
625434427041058816
625434180810190850
625433393174458368
625432881414848513
625431903559028736
625431548582498304
625430273392422912
625429791869501440
625429450415476736
625428764931944448
625428378254860289
625428186747158528
625427969004036096
625427781438959616
625426449667756034
625426186496118784
625425656885555200
625425262646145024
625425034954158080
625424645924061184
625424418085339136
625424291970945026
625423887895957504
625423731846877184
625423632341151744
625423219625820161
625422743740157952
625422347961368577
625421932607901696
625421660460462080
625421214161317888
625420945918799872
625420765073010688
625420495370895360
625419897778995200
625418918388076545
625418361946554368
625417546552848384
625417061544558592
625414483846955008
625413933793284096
625413329691906048
625413143313780736
625412087477460992
625411986721902592
625411786229989376
625411596941000704
625409785744130049
625408975354224640
625407660783833088
625407042623115265
625406812888502272
625406718218887168
625406435795468288
625405739238952960
625405259913924608
625405046277025792
625403221712867329
625402972055310336
625402562762506240
625402106887847936
625401224938950656
625400869916295168
625400483788664832
625399922062290944
625399327276437504
625398773401792512
625398580296024064
625398315560009728
625397988085489664
625397787501314048
625397170305302529
625396005010190336
625395682162053122
625395478952218624
625395120104345600
625394831108345856
625394720735256576
625394332447539200
625393894755139584
625392069058564096
625391200430731264
625389627612905473
625388319149457409
625387329037807616
625380047533150208
625374892981010432
625374711514464256
625373956107710464
625372895338889216
625367611228880896
625367462742069249
625366984188805124
625366793398259712
625365924091047937
625365761138110464
625365742070837248
625365505977651200
625363027404001284
625360911801278464
625359274156232704
625358466274586625
625358087977721856
625356374680080384
625356316253360129
625356114310213632
625355676030644224
625355501308489728
625355418986872832
625355073279823872
625354946133651456
625354732559675392
625354259505123328
625354182850035712
625354099744047104
625354006299148288
625353962233790464
625353697665531904
625353586654908416
625353486851375104
625353358937690112
625352757046738945
625352590444736512
625343155240439808
625343091843567616
625342970028359680
625334951836188672
625334361844375553
625334327149105152
625334223235215361
625326791477964800
625326322907152384
625325795947319296
625325053027053568
625324820587085824
625324706975985664
625324427278811136
625318968232837121
625306078675218432
625304710237401088
625148360446447617
625147258401468418
625146337676275712
625140985064861696
625140809315188736
625140429911003137
625140110216933376
625137403909378049
625135309081055232
625133523200946176
625132848370970624
625131638771417089
625130336574255104
625129809694228480
625126601642999809
625126221244796928
625124888169181184
625124333824835584
625122012516618241
625121810812514304
625119856258473985
625119425973239808
625118772358049792
625117832745893888
625117029926727681
625116820987449344
625115878745509889
625114192555589632
625113727138795521
625113307599368192
625112590960558080
625111954261016576
625110776202702850
625108601481236480
625108507486912513
625108064916537345
625107441831641088
625107356481814528
625107162667200512
625105601752752128
625105031360966656
625102408658501632
625101270441857024
625097021649584128
625094629646430209
625093578520330241
625093444885544961
625093172603977732
625090149685202948
625089119962554368
625088815842004992
625088650523447296
625088065938141185
625087128196681728
625087005228056576
625086513139724289
625086452179734528
625078171814080512
625076684279025664
625070327165366272
625070055366070272
625069985983954944
625067831755804672
625063045941702657
625057295731306496
625049060508983296
625048968716652544
625038504666378240
625038355282001920
625038163866587136
625037171229986816
625036949531656192
625036264266280960
625035941233606656
625035855539732480
625035727412170752
625035194219663360
625017766232207360
625008507981463552
625004570708578304
625004353766555648
625004235864682496
625003304452362240
625002842135212032
625002563243388928
625001424447877120
625001245720182784
625000846883880966
624998986898759680
624998599521218560
624998312949624832
624996853906456576
624995716646088704
624994930742571008
624994780678782976
624994553913696256
624994458908540929
624994292302348288
624992529348308992
624992252692008961
624991929667751936
624991256309972993
624991069101363201
624989826538827776
624989205614100480
624988317981933568
624987965475827712
624987596637114370
624987483101528064
624987228456882176
624986919848390656
624986759324012545
624986621130059776
624986493149298688
624986335166644225
624986276358262784
624986171509047296
624985426382581760
624984945606299648
624983561259454464
624983285433679872
624982204397912064
624982055516921856
624981312114266112
624981114940100608
624980815663857665
624980494921240576
624979976371048448
624978847071506433
624978664250195969
624976893490524160
624976713231941633
624976583174979586
624976449066287105
624976265838116864
624975520531267584
624953646384414721
624792322232811520
624790850606727168
624790150757789696
624789060368777216
624787574586871808
624785068154728449
624782978468593665
624782869819363328
624782044866850816
624781562236661761
624781430355197952
624779897701961728
624776429322964992
624776200037142530
624775918813229056
624774671817293825
624774347652100096
624774195449192448
624772265834450944
624771461220151298
624771392643293184
624768443263225856
624768341433937920
624767717719969792
624767577919635456
624766620276162560
624765930636050432
624764940759363584
624764861705129984
624759579281244160
624759316684234752
624759123427459073
624758388304384000
624757929283993604
624746431190974464
624745370661158912
624745227723501569
624745056998526976
624744923166736384
624744794070257664
624744641494028288
624744404574564352
624744276426035201
624744110495154176
624743861198295040
624743236184051712
624738619727589376
624738129522528256
624729978593107968
624728846315601921
624728621815468034
624728187453333505
624727761190416384
624723428348530688
624722131226509312
624716628622618628
624716486544756736
624716076983541764
624715868375613440
624715776860139521
624714492509696000
624713475185512452
624712753660362752
624711774617493504
624711210013863937
624711083371040768
624710967939633152
624710135189889024
624707389711781888
624707315455758336
624707154675544064
624706736448901120
624706371540291584
624705915296452608
624685277865377792
624682225670303744
624678315488444416
624674445643288576
624674190453444610
624673955941486592
624673732951457792
624670886906363904
624667485938135040
624667246116212736
624667067204136960
624666951298625536
624665328207790081
624664413887270912
624663853352161280
624663628105408512
624662730520133632
624659014706597888
624655723381702656
624652759757774848
624652593172615168
624651931353350144
624646770761404416
624642475924131841
624612544871665668
624438773531611136
624432914374103040
624422814456479744
624410032973594624
624409403324665856
624407622288936960
624404979470635012
624401902629879808
624399972515983360
624394934494191616
624394302681026560
624393992789082112
624392510471671808
624390937737826304
624390685374820352
624390429031567360
624389015161147393
624388393963798528
624387869805780992
624386399068901376
624385811119742976
624385670702874625
624385364686409728
624384971898257408
624384458699882496
624384069678329857
624383600532824064
624383583566843904
624383344218886145
624382956807786496
624382690339487744
624381645475446784
624381517079293952
624381132738531328
624380827812630528
624380345874432000
624380021147365381
624379607232352256
624378502419103744
624376582073769984
624375978337402880
624374842318454784
624374578597511168
624373436219961344
624372326482735104
624371109522243584
624353316106043392
624347806271025153
624343419729629184
624334459794382848
624333246696833024
624331621584519168
624331307477266432
624327511212580866
624326609756000256
624326262077534208
624325989481345024
624325733259702272
624323500682031104
624323020291616768
624322137461895169
624319608711852033
624313620948586496
624313066121867264
624310629847805952
624307324753055744
624306694298841088
624306329864175617
624305455574093825
624305051926818816
624303988129697792
624303473270456320
624300281065570305
624292968544006144
624279997851803648
624279658838798336
624277934845632512
624265764304891904
624265225240313857
624250385423663104
624031378540105728
624005948978237440
623994027243761665
623991015234338816
623960765884596224
623953054874759168
623951200329699328
623950518931435520
623950371421970432
623949554652545024
623949034789580800
623948714843901952
623948345862533120
623947930341277697
623947433702113280
623947426538221568
623946843328614400
623946024927662080
623939348350681088
623939014966378497
623938087215722497
623931522052001792
623921061554302976
623900464732442629
623886764021645313
623872891923238912
623672000729346048
623669917863161856
623664968580268032
623656271187587072
623655910313832448
623655652246687744
623655493693616128
623655446675460097
623654417024167936
623654143668793345
623654031227891712
623653550472626176
623653358738366464
623652359978102784
623652186292006912
623650585091272704
623648811886452736
623643353926750209
623637862966292480
623634527043215361
623632980658008064
623631668956393472
623626793799409664
623626487418060800
623625016513433600
623624921902518272
623620873782558721
623619950788263936
623614000933179392
623604609475457024
623602121489825792
623601422236409856
623599112269774848
623599087963774976
623599054715547652
623599036503859200
623598974734364672
623595628833058816
623590116079104000
623590070029811712
623590044327092224
623589994725273600
623589817704685569
623589324244783104
623589283245502464
623583491259699200
623583348049342464
623579973845041153
623578674579705856
623573638927659008
623541762921881602
623534284750458882
623529982522867714
623527743016177664
623527530029547521
623527508345008128
623526372556681216
623526275202723840
623301736447369216
623300298258300928
623280773051777025
623279080545255425
623277281545359360
623269961947942912
623262801855844357
623262136614191104
623261631993131008
623251177543602176
623243436225761280
623243368764575744
623231082834440192
623229551695368192
623229243103686660
623209924701499392
623207651225145344
623206739228258304
623177193745616896
623176835736571909
623176724239380480
623176710687567872
623175700330065920
623165202016653312
623161629761343492
622888708237189120
622813337236037632
622769177208619009
622767961892192260
622756622822064128
622537717407051776
622511230163378176
622496138571034624
622469757619429376
622454694405746688
622439567476404225
622423895719591936
622423132087779328
622409349952966656
622240278745710593
622227392140939264
622226856742248448
622226710553980929
622226440558260224
622226378600001537
622225838012936192
622225809881743360
622225687131258880
622225332129562624
622225063857664004
622224903748476928
622224857166536704
622224790955294720
622224694259789824
622224471592546304
622223182343188480
622220460650926081
622219400175710208
622217827160711169
622217682209783814
622216878237204480
622216715334647809
622216277143085056
622216243999707137
622216138399715328
622215945218437120
622215433546915840
622215310435745792
622215219444514816
622214878623723520
622214851302064129
622214572166918144
622214001305387008
622213417772777472
622212998501761024
622212308995944449
622212130826141696
622211853003853825
622208794924167168
622202778698432512
622196562442088450
622185275146395648
622183551602049024
622179112963059713
622177556238745601
622157772398788608
622157502050775040
622144393080905729
622141539674800128
622137834309328896
622127736404865024
622117679655055361
622115011012329472
622111208678649856
622097145944903684
622094318199664640
622087959085363200
621853252707987456
621842373887168512
621840639987089408
621830897830985728
621830465259900928
621819848906006528
621818563184033792
621791996013719552
621789300863008768
621783180190683136
621782767853019136
621782717068259328
621782574461943808
621781215843065856
621778889971384320
621778844391837696
621778724338315264
621777743013789701
621774796104151040
621766673889103873
621761246854049793
621758693709885440
621752126486761472
621751776572755968
621750531548164100
621750429018386432
621750414627766272
621750225162661888
621748230846427136
621745277590970369
621745203502796804
621745107323236352
621744110123225090
621743988131934208
621743041477517312
621742173659099136
621738900386508800
621737418345943040
621733606893883393
621730923940163584
621730668427390978
621726954689957888
621726912633663488
621726709176385536
621718591906299904
621702298104807424
621701287923482624
621697911177392129
621497708159762432
621489374165741568
621478085989236737
621459342529662976
621442531415474176
621434152437579777
621426884845379586
621426869511028736
621426853639798785
621405818194268160
621405787521290240
621403365533036544
621400732919427072
621388287035322368
621387849984643072
621387366314328064
621386641727291392
621386190915145728
621385701100130304
621384831776108544
621384722564812801
621381395047297025
621381283155853312
621378484556836865
621376684806160384
621375715506716673
621375376212647936
621375282977464320
621375160612814848
621375048830488576
621372399640907776
621372282271739905
621371750744375296
621371631840038914
621371267426312192
621371080804925440
621370234679595008
621369952935632896
621369032105574400
621368948349480960
621368206930804737
621367937006374912
621367748031942656
621366027864027136
621365172846735360
621365139556560896
621364777843978240
621364648659423232
621364333935656960
621362227585511424
621362014946902017
621361772470009856
621361476884795392
621361360861921280
621360017048875008
621359051595771904
621357874116038656
621356594182225920
621355223412424704
621354418483531776
621354383771435008
621354212857778176
621353530410991616
621353088704577536
621352722302828544
621352534649626624
621351777519054848
621351241403138050
621349888995909632
621346191834374145
621341822330077184
621341113777942528
621339105645826052
621333431922769921
621323047199354880
621140450770944000
621129932677103617
621106580512112641
621101129015820289
621092184679301120
621088597530161153
621083058242883584
621082682752020481
621082119373062144
621081652559675392
621081109586010112
621080801703129088
621053228386418688
621052868573839360
621052666227982336
621052398786605057
621051132018724864
621050348149436416
621050208672092160
621049967239565312
621049897547010049
621048802523287552
621048582536192000
621048260501766144
621048138468495360
621047767109013505
621044803015348224
621043264116781056
621034865509543936
621029930235637760
621026477740457984
621026457213538304
621021528365248512
621019117324087296
621017135385423872
621015777873756160
621015498545762304
621015058324156416
621014235611463684
621012800870047745
621012701406367744
621012022952529920
621011643867115520
621011403143426048
621011035193933824
621010921884790784
621010635124404224
621010391787634688
621007508082028544
621007349143080960
621006434512179200
621005970123063296
621004675895070720
621004338089975808
621003956026617856
621003470510796800
621003346313244673
621003056528781314
621002889079554048
621002780451311617
621002644572631040
621002531217387520
621000544740491264
620999320519643137
620998862694580225
620998569634312193
620996336989573120
620992712343355392
620989150146105344
620989107821371392
620985819159920640
620984852771246080
620984629089075200
620984130935767040
620983838542397440
620983644799172608
620983420772986880
620983124583845888
620982742591803393
620982599704383488
620982549255315456
620982392103133184
620982340341207041
620979928926785536
620979524629430272
620977146958196740
620976034985304064
620975092831399937
620974917077446656
620974690777985024
620974612268978176
620974394882428929
620974037590618112
620973069041971200
620973024049696768
620972953228808192
620944322590937088
620765945322041344
620762954967834624
620729129277587456
620692159264522240
620672812315860992
620667542038667264
620667527266332672
620667514091999232
620637119321522176
620636306431803392
620635057116459008
620399440428306432
620398099056365568
620338138095824896
620315893357133824
620274219830525952
619979291460153345
619945454126546945
619940918947266561
619931101348237312
619928440775442432
619901974897496065
619900465208147968
619893796159885312
619702878777683968
619702824872513536
619702404729081857
619702343580282880
619696072668020736
619695154081828868
619681379475783680
619679511789965312
619679422375817216
619679305186963456
619674065674960901
619648003301748737
619633195286310912
619626871064363009
619620729256984576
619610385948151808
619551850837094400
619540179510923264
619539600537616385
619317725853134849
619269151777906688
619257778327044097
619241187510059008
619203675752398848
619191140668076032
618978172592242688
618953231129952256
618921251742969856
618895452482637824
618889492426960896
618882650476969984
618866223544184832
618849545150140416
618580600270663680
618579170944094208
618577491989368832
618569328699441152
618565473467105280
618554065425838080
618553771400888321
618553221036937217
618553210895118336
618553191127322624
618553169899945985
618553134525214720
618553122915352576
618553095014854656
618553081093971968
618553040765714432
618552995098202112
618552974340546560
618551464235896833
618551452001107968
618550292162871297
618550276203503616
618549961362292736
618549945415548928
618549532154925056
618549510906642432
618548814849290240
618548779143172100
618548763162886144
618547755397443584
618547593547661317
618547535523655680
618547233118515201
618546398305202176
618545945035210752
618545931848290304
618545668773154817
618545397997240320
618545371363414016
618545004009517056
618544986032738304
618544768180580352
618544754003808256
618544470443757568
618544206882041856
618544144269508609
618544108743692288
618543744673918976
618543733915553792
618543350237401088
618543336287154176
618543315189809152
618543297372422144
618543267626401792
618543252862406656
618543224735592448
618543203097034752
618542342643933184
618542332284047360
618541786189840384
618541770444410880
618540619296718849
618540609234563073
618540565223714816
618539939152527360
618539116968349696
618538401873072128
618536639330029569
618512872826535936
618487563729309696
618226664892305408
618215269220024320
618193983735361536
618179708459483136
618158841058869248
618140695719620608
618108098159316993
618106449760137217
618097109481357316
617866003377074176
617858001958010880
617849354385162240
617841816180686848
617800188493561857
617749511637569536
617689855506526208
617472982445731840
617425476693274624
617425431952658433
617425403095834624
617395406008291328
617395186985861120
617394032025538560
617377469201412096
617362423524126721
617132021832286208
617131316606189569
617088970996908032
617066226100011009
617045994920763393
617012805351309312
617001094351204352
616745751201234944
616730481082511360
616712889487855616
616712703747342336
616712620964364288
616711940153344005
616683586486341632
616639064633008128
616439768432275457
616436360480591872
616435241155084288
616434805433958401
616434399832248320
616410177311367168
616410009006505984
616406405784801281
616406325723987969
616405159099305984
616404100918349824
616403826178822144
616403609366835200
616402932603334657
616402840945164288
616400384785911808
616377346359033856
616374352104173568
616345313700241408
616310312703143936
616292163073081344
616279395007729664
616278096610615296
616276621767479297
616276001119600640
616275700274761728
616271093972668416
616270928847048704
616078794768551937
616078723670872064
616076323274907648
616073957137985536
616071717337759745
616071401695358976
616071181964173312
616070238484860928
616069423686815744
616069311292010496
616050486777491457
616049457122033665
615984989285429248
615973093559832576
615929613441601536
615917239573721088
615897502668099585
615740715386011648
615740371201429504
615739115305197572
615738900858826752
615736259168710656
615735707412250628
615735598599376896
615735294319394816
615735146788974593
615734993034178564
615734616490557440
615734311984087041
615734164059361281
615734079816732672
615733847481683968
615733642313117697
615733514504241153
615733086332915713
615733036475265024
615732787614629892
615732630072352768
615732520986935297
615732054051827717
615731796936818688
615731237139841024
615730789213298688
615730367203442688
615729865518530560
615729364420825088
615728726555234304
615728408098533376
615727003430359041
615726780477935616
615726624252637184
615726333314732032
615726084676452352
615725604999139328
615711306880958465
615672586261757952
615644792370782209
615629422503178240
615588038853275648
615268562446364672
615267125960159233
615266683570122753
615265757006409728
615264827603206144
615252138428502016
615187959948533760
614916175441498112
614855770484576256
614568457414180865
614563170795978752
614535973976682496
614496457127690240
614261052117639168
614212110659137536
614211839409262592
614197650192072704
614176757843927041
614163464840286209
614152162004762624
614149316299628544
614144186565160961
614132822073339904
614126632509440000
614122958374612994
614114114563014656
614108050807394305
614101242566938625
614081123824504833
614078326735376384
613926467722817536
613825597228236800
613825550272958464
613789478629474304
613788532537102337
613747706490523648
613742341870874625
613740442060898308
613732589606539264
613731728536895488
613716600554848256
613699859867045888
613697413123997696
613457864246472704
613447721786060800
613396546306994176
613364486360055808
613124911662415872
613118816659214336
613116465948946432
613082687138430976
613064703904911360
613034874589417472
612636119788707841
612432038398836736
612382827112345600
612341803975454720
612313398848565248
612256632181927936
612079823419092992
612057075464585216
612015678720094208
612015524927504384
612012526826434560
612001086518366209
612000433901453312
612000046989443072
612000029130141697
611999950168199168
611990626314248193
611984287915597824
611979508086747136
611979448393469952
611977876234067968
611976894066528260
611976825049378816
611974835657293824
611973882342289408
611973722988113921
611973681858805760
611973642797191168
611973118102405120
611973102700904448
611971271006384128
611971220179804161
611969634128924672
611969260101877761
611969244398354432
611968746396061696
611968690062364672
611968019577749504
611967506610130944
611967469884846080
611967108323225601
611966673466232832
611966036850544640
611965724513341441
611965179304132609
611964103125417985
611963697200664580
611962937293455360
611960754888011776
611960676269961216
611960493205426176
611960334597779456
611959911233097728
611959143419609088
611957923611176960
611957654848585728
611957449185071104
611956563503267840
611955986220232704
611953579239157760
611953222501072896
611952243852480512
611951119141449728
611950990435074048
611949668390449153
611949278450192384
611948890988785664
611948829517045760
611947238797897729
611946456103043072
611945590860021760
611945065695449088
611944354962223104
611944016297332736
611943202799509509
611942453583544320
611942256069644288
611937743673757696
611931373184552960
611931106707791873
611931095307653120
611931082204708864
611925233331630081
611925213198966784
611919348668612608
611919282608275457
611913106965467136
611912121190739969
611911863878578176
611566083779117056
611565736448802816
611556965102149634
611329877900292096
611306471679217664
611281112359309312
611279302470955008
611273478998638592
611268365781331970
611264012647411712
611228594510041088
611228427752902656
611187988005949440
611013657598660608
610984081141182464
610955303211913216
610893405569155072
610872870605074433
610860967992381440
610849963019341825
610842394976780288
610782130474332160
610658426624958464
610655372911611905
610621649222656001
610581334663151616
610550117939048448
610523304479166464
610518888116174848
610512121558740992
610508422090371072
610508401424994304
610505329462280192
610496834419605504
610457093833764865
610444480852811776
610441401768108032
610438524144226304
609785635751079937
609146940744466432
609081310645084160
608779439434964994
608761056589156352
608732500580511745
608678875875270656
608678515987193856
608675948435677184
608674034780246016
608443486036221953
608429150794342400
608363900791324672
608282246542327808
608272618551058433
608061635165626369
608033899751432193
608010561834524673
608004524540751872
608002119602298880
608000806298591232
607993106445647872
607990383738388480
607989256758263809
607987435344035841
607956055876726784
607955558314876929
607260729805119488
606961272249139201
606934917558116352
606883693278326784
606874290303070208
606872098485628928
606871192943738880
606617004141780992
606614982197837825
606612000798482433
606526517376651265
606519963231391746
606255490041913344
606189883128868864
606174813447528448
606166178470330368
606148953927655426
606146149628538881
606141797052465152
606139610704404482
606139525123866625
606139506333384704
606139360291864576
606139063444193280
606138889720315904
606138638779293696
606130322921525248
605945446830202881
605945139714850816
605944603183738880
605943904911818752
605943787592904704
605943645305315328
605943075903389696
605942938066034690
605942441812688896
605941862004711425
605941657297522688
605941469203959808
605941287057883138
605938774363635712
605938706021613569
605936768668467200
605935796902699008
605933831883866112
605933098006540289
605932983552327681
605923842159083520
605921750228987907
605920569993732096
605919859382173696
605919101219782656
605918995816931328
605918878523232257
605916347873132546
605916260862263296
605915824046505986
605915723639029760
605915413612920832
605912482683625474
605911722688274432
605909800308727808
605909181284020224
605908602046382080
605906333364133888
605905371882881024
605903256808603648
605902706692071425
605901775384674304
605899803990441984
605899544543387648
605898935220117505
605898653522264064
605898256258768897
605898121214726147
605897866901479424
605897766200442880
605897579021230083
605897550931980288
605897419058900992
605897411941122048
605897314008367104
605897071179132928
605896817415352323
605896675098423297
605896462451367936
605896131042639872
605895813831622657
605895465435938816
605894656690290689
605894406172909568
605894123757772802
605894053490651136
605893380267110400
605892537983758339
605892330600558594
605892216146395137
605892124467290112
605890747406024704
605890600466968577
605890222396604417
605890071330316288
605889336261812225
605886671385591809
605882400388739073
605826480484974593
605804272668676098
605800006612713475
605793132156874757
605780725787336707
605770917071843328
605750887647092736
605532606227083264
605531007517757440
605529232152797185
605529141262163968
605528923535863808
605528554869125120
605528337998475264
605528259485245441
605484696277884928
605477765404426240
605456380045041667
605434438537773056
605078855448039424
605062387406794752
605026011546185728
604754231661182978
604693951803572225
604365731300556801
604077863306797056
604073527323410432
604072947519631360
603999252780449792
603977496334176256
603976867406684160
603976263024254976
603975042175664128
603974822272438272
603974563194478592
603973766197071872
603958473127153665
603593775156461568
603244108321136641
603213740041842688
602908539464495104
602508158066503680
602209952116015104
601822959322341376
601489783655944192
601458464238411777
601449769873997824
601413978607095808
600816087928737792
600801118591954945
600444414247337984
600399129055875072
600088445680128000
600045170210443264
599680806269820928
599305776453132288
599011188232441857
598927818286702592
598675952634200065
598675734052229120
598673543568629761
598654959584825344
598295514614894592
598262501092929536
597949261347557376
597934773810528256
597914769740304384
597865764436119552
597128981490470912
596766638193553409
596426993748422656
596044210932813824
595677865628295169
595384632461238272
595296324888633344
594272574894313473
593887253065175040
593873850103771137
593560591668621313
593115014380146689
593109429274284032
592837824057057280
592823794697433088
592823164784218113
592823027542425600
592822719311433729
592822533977702401
592822358215434241
592387728924377089
592174728816631808
592150139663351808
592075719762702337
591776212671856640
591728825563783169
591725361269846016
591679232088113152
591459244492206080
591442321411047424
591425442592247809
591416437786423296
591399789423505410
591398083063222272
591397115638624256
591396747752046592
591396535155302400
591396127032758272
591395970677538816
591395508637159424
591394474539941888
591393605249409024
591393296963895297
591393151635456001
591391483766247424
591390856629760000
591383059993272320
591382130854273025
591304019701792770
590991706771693568
590955878049656832
590655127255699456
590290472729333760
589503752974913536
589192480114880512
588852771144609793
588819251089268736
588041907877609472
587764747652612096
587723925188018176
587456992945446912
587452343928532992
587445870502682624
587435906593726465
587435604381581312
587432961533808640
587430374290010114
587429649229090816
587428961405112320
587428299938209793
587427800946049024
587427548482502656
587427463023763456
587426993978929152
587426964392148992
587426883781795840
587426873644285952
587426830887419904
587426754848886786
587426633524649984
587426360819261441
587426268460625920
587426178710945792
587426048113016832
587423601894100993
587422510704001025
587421953838821376
587421877792026624
587421110938898432
587415625254961153
587414057260425216
587413129283252224
587411390031355904
587409409862541312
587408888221188097
587408467989819394
587408330496159744
587407533976883201
587404676062023680
587404332116488192
587403924090392579
587403740862267392
587403415552004096
587403040530960387
587402994158665728
587402913921679361
587402870930083842
587402834804543490
587402806803333120
587402646035636224
587402585578942464
587402526498037760
587402498165452800
587402332385611776
587402018085412864
587401977803345920
587401948493561856
587401655215206400
587401218323918848
587401175852421120
587400879847768064
587400783735300096
587400734053806080
587400626797088768
587400410383527936
587400329412489217
587399522151747584
587399095037333504
587398074495926273
587397966647820288
587397940739760128
587397720819769345
587397160628592640
587397034468106240
587396946542735360
587395014357024768
587394434758643712
587393695118270464
587392338491617280
587390568143200256
587360841147617282
587337663281102848
587337513569648641
587337332497367040
587333157185163264
587332436251385856
587332133242318848
587331234956611585
587330887978590212
587330361861935104
587330132647354369
587324148034056192
587007589868634112
586714005282037761
586321750238986241
585844651459870720
585583606074081281
585248856335486976
585150281169694720
585148463102435328
585147811450224641
585143666475474945
585115087230345216
584931283635048449
584897377091264512
584154976756203520
584154874918510594
582984973159768064
582718898585231360
582641840022663168
581136864821714944
581136640975904768
581136472935305217
580908417524498432
580907258764079104
580830207218593792
580569783135027201
580537625989242880
580536418453327872
580536186252455936
580535553361371137
580532989270081537
580532562659016706
580532374259273729
580520575887540224
580517264300089344
580512663182139395
580133168201621504
580119647028011008
580083014270517248
580082643292721152
580082057528803328
579371994220646400
579047985687851008
579003861626548224
579003230971039744
578999641355603968
578999537504669696
578995561929412609
578991190223101952
578718184728989696
578702636427317249
578702456533585920
578702120049725441
578701565239771137
578701333139599361
578701194341658624
578700848500338688
578700688185638913
578694724577411072
578694221126750208
578693946513047552
578692644290699264
578667736194105345
578666677912657920
578664021060112385
578648502311456768
578644402173677568
578644139371151360
578642280610820097
578636403891777536
578635144279404544
578634842427957248
578634597107306496
578634518178889728
578634364918972416
578632285987028992
578629884718673920
578620837667823619
578620335542554624
578620105954725888
578619331115761664
578619239516385280
578616619074633728
578607307455475712
578595391634956288
578581965726601216
578581389559238657
578577391921930240
578575826028986369
578571331815403520
578570107581923328
578568080357351425
578567719261372416
578567362242195456
578567169883045889
578567046473998336
578563009443934208
578562676625911808
578561946594705408
578560031316119552
578558598294474752
578558534612230144
578557377378680833
578557223825203200
578556152239116289
578555960211312640
578554298151395328
578553666484977664
578551884992131072
578549228873519104
578543609491779584
578540572501233664
578540509422993409
578536895606579200
578536588872966144
578399631198941184
578371433471971328
578354239749009408
578351624248123392
578351001284919296
578350866115112960
578350672950628354
578350514938638336
578349904646447104
578349277270794240
578348414372474880
578346831349821442
578346306369798144
578346080762384385
578345893688008704
578345759004753922
578345184099848193
578344301412757504
578342060329078786
578341471767564288
578332545433006080
578331208179826689
578330694629232640
578329543410208768
578329153369284608
578323776141533184
578313731400028160
578311521458995200
578310340645105665
578304024228687872
578224539202502656
578211851017658368
578208847032033281
578205471892328448
578205204790673408
578204713532829696
578203079759138817
578200454208708608
578195615328301056
578186694559547394
578186166765166592
578184968620273664
578184654324260864
578184404079513601
578184128232751104
578183805304864768
578183579512881152
578183210128936960
578182255111057408
578181537226604544
578179751451320320
578178274557173760
578177751963693056
578177567036825600
578177241722454016
578176393575428097
578175832016879616
578175411659493376
578174910570205184
578174070933446656
578173168994512896
578168224954499073
578167748670271488
578164599691702272
578164385224376320
578160078739496960
578139504227155969
578138415595589632
578135674420785153
577990607685070849
577981816881057793
577980644417937408
577948661465796608
577907443658686464
577905884065480704
577904767214616576
577904083958259713
577903350433202177
577900200187985920
577899664357269504
577898577407561728
577895924141146112
577895231334453248
577894966770294784
577881456313135104
577844267541901312
577839413717172224
577838249156071424
577833503913439233
577833132595924992
577831785750339584
577623364283473921
577621891633930241
577620996040982528
577620901203550208
577619782805032960
577618616268394496
577529826791141376
576094367003197440
576087563129114624
576086474350731264
576085470821490689
576069733474177024
576041034548826112
576031783109570560
576029526464937984
576024617917136898
576024249896292353
576023469801918464
576020169253736448
576007581098885120
576006996547088384
576001344953135104
575999253031473152
575997970677534720
575997655119060992
575996848294354944
575995570277335040
575995248771383296
575994022663098369
575993301876092928
575993205994352642
575992683467915264
575991165662543874
575861082868219904
575860805490475009
575452130984636416
575428965159960577
575426108750848000
575420206262001664
575411435276144640
575392156761780224
575386614098079744
575384496549203968
573577738277101568
573577528956203008
573577202521915392
573576175471063040
573575623290961920
573575019197956096
573574034668937216
573573348006846464
572935539122286594
570416969792380929
570413402356453376
570413168872132609
570410534723391488
570409589344067585
570401361394839554
570401056129220608
568935921090830336
568935610984980480
568934932405334016
568908407471648768
566310028458463234
566123206827061248
566122325381513216
566014577788190720
566014163118354432
566013982536773632
566013831357276161
566013771752030209
566013455136616449
566013230116388864
566013174873219072
566012632126070785
566012460461588482
566012453205463040
566011734331125760
566011655604019202
566011352984997889
566011022360596480
566010626065977345
565994590524551168
565957781920817153
565937868380459009
565936816633569280
565936273823522816
565934978194616320
565928338661720064
565914041663909888
565887904962977793
