600709661495406592
599282600058834945
598914662818652161
598536429245837312
598171130982051842
597808428673667073
596721281581481985
596362869907722242
595996336320696320
595756110809825280
595271399771545600
594705457689665536
594184340847730688
593541150629212161
593097410307469312
591648038990426113
590923060192026624
590560704341483520
563759065394728961
563396704058105856
563034300996521984
562671880922873857
562309519984697344
562007514472919042
561962208305750016
561599939503865857
561310894383058945
561222348691349506
560859957243826176
560618446082146304
560524573708283904
560497599740776448
560260160061325312
560176029130444800
560135184184393728
559804540019437570
559772801679106048
559584604319789056
559584568353636353
559572083433168896
559511168293666816
559510697843761152
559410405286498304
559161430700617729
559153600748740608
559102628257624064
559097718027468800
559091348179918849
559087427105476608
559048086228451329
559047996566798336
558848164547944449
558837908967149568
558831478398648321
558828806572482561
558823989854732289
558823302215385090
558816236205645825
558815562311016449
558814491480035330
558809922100404224
558809139594272768
558800620333723649
558791372639985664
558786975239397376
558781646174818304
558781117092737024
558780680876728321
558779136127152128
558753874748534786
558751122253283328
558749561070448641
558703896349011968
558703639858913280
558699062476566528
558685678607679488
558681824738549760
558678069288763393
558670532153847809
558617689321512964
558468520246120450
558459660080910336
558458180263350273
558458016471592960
558457700497911810
558383315627954176
558379314597482497
558370514121412608
558343461363908608
558312058047844353
558118174085111811
558118015410380803
558117646236155904
558108859949416450
558103616691900417
558102564462661632
558101148578902017
558051468389777408
558042067541438464
558036388457623552
558014798311342080
557999351075581952
557994774074900480
557976017441001472
557960774228795392
557946160237658113
557719331526561792
557663489167486977
557624802450882561
557606389791457280
557583365444874240
557559774053945344
557559761689141248
557559724536004609
557559698569043968
557559660879048705
557257522730795008
557250762791591936
557249089209769985
557247992885833728
557246905579626496
557245025797414912
557239191998722048
557236152516616193
557221102033055745
556903949802811392
556896598370701312
556896019036647424
556895558934077440
556895032532144129
556893592879239168
556893078196195328
556873696233529346
556859262312251393
556560830729175040
556541577871384576
556531325583126529
556504491034284032
556496242956451841
556189803402649600
556184769763893248
556179138633949184
556133929510391808
556069642741878784
555922396872331264
555856534073143296
555823670250049537
555816762122309635
555811155713589249
555718570655506434
555571473641779200
555552467232894976
555527565729730560
555488489966288896
555487772123742209
555487524861128704
555463548051025921
555430462236012544
555184113699663872
555182565108097024
555167444533129216
555137324938309632
555099551812440064
555094077717237760
555091950643060737
555077347678773249
554784996322340865
554775701979537409
554753885177253888
554729562303504386
554443938040266752
554406193976725504
554368415884779521
554337019904544768
553728163268677632
553703492485783553
553691034119831552
553642460333629440
553619781241159680
553615155083239425
553381962274967552
553374388746067968
552994756385460224
552887425639264257
552641686648520704
552525011395686400
552202451638439937
552162657952747520
551452985973170176
550350749452890113
550077490081722368
549988307900186625
549625923129991168
548538773026250753
547814007898267648
547451599593811968
547164734609321986
547104073514618880
547089237858713600
546002053978271744
545781264041521152
545639682466250753
545277292574814208
545035666480828416
544552478457356288
543888122707058689
543465324943650816
543238864945442816
543181578365456385
543102939171020800
543094094419865602
542740553280937984
542455242730663937
542378169634803712
542015797170679808
540928660975259649
540566287290597377
539479064134705152
539116701292298242
538391914764976128
537667138610163712
537304752560668673
536942382286008320
535878658573889537
535492788343668737
535130429578158080
534818679074996226
534768058233917440
534405665393881090
533318486294945792
532956097544335360
532593796555345920
532291747183726593
532269093689126912
532256729044496384
531909284800389120
531868940096397312
530810919144525824
530781743842750464
530419374817939457
530056997303898114
529694590551330816
529363205731418113
528229952378765313
527904744346746880
527181393210527744
525693210408931329
525330817535311872
524968470165716992
524606066290470912
524243677116235776
523156537372446720
522794158952419328
522431727377989633
522069333493559296
521706978171564032
520619797034192896
520257404554854400
519895048687607808
519532638869000192
519170225502044160
518083096290144256
517720736979378176
517358300841517056
516995897431838721
516633524846084097
515546392312287233
515184023463682049
514821650303311872
514474065789460481
513372093807734784
513009633816887296
512647299307020288
512284857922093057
511956090267774976
511922517536043009
511590414600531969
511560103460225024
510502456178905088
510472953402621952
510183401911902208
510110569999773696
509824685421248512
509748154325946368
509487003692314625
509385814229258241
509059892145946624
509023369019129857
507951305491365888
507241684090900482
506920463570726913
506853355793043457
505412409838686208
505112166219784192
505038947819343873
504754416591720448
504677634068844544
504422642317664257
504360926376521728
504323489461837824
504013584595439617
503950340580859904
502929779075457025
502901575107354624
502864684211388416
502502013322547200
502138483247288320
501861525217230848
501826092584300544
501779737509777408
501417114339512320
501050896394903552
500707023793569794
500688508206317569
500441497766883328
500429322964840449
500327554494906368
499965833217441793
499602630977413121
499591335163088896
499269091912601601
499224611267952640
498987262311284738
498878211447463936
497789371588673536
497426975372226560
497066043164987392
497065791603216384
497065516775661569
497065285002604544
497064899076296705
497064591658983424
