795707974740103172
705534051789111296
670273755352969216
668958485887893504
636330275501289472
631590168403779584
631589633676156929
629756188754898944
629755991219916800
627973638159908864
625805739064365056
624750167271432192
624264238727458816
624017032514658304
623649231375499265
622835833540706304
622556991672619008
622126180972400641
621762588276322305
621397256344768512
621363228233220096
621090569536679936
621079367381295104
621040039116431360
620971031369396224
620727660977610752
620412455986991104
620299124789809152
619880080781672449
619655295279599616
618859091675361280
618563909994221568
618155964974235648
618128098027012096
617382720507809792
617048685214478337
616665801643331584
616283646111019008
616002530246463488
616002478404825088
616000393919754240
616000200423772160
616000115384266753
615999951361814528
615999758407069696
615999695102459904
615999649946603521
615999639750246400
615999577171210240
615999564391170048
615999554505146368
615999478026244096
615999352339890176
615999343108165636
615999333314465792
615999320035303424
615999058059108353
615999045987905536
615999029839831040
615999015373639680
615998753745567747
615998743679234048
615998699576143872
615998689706930176
615997517461876737
615996526654038017
615996505892237313
615996237213495300
615995876138483715
615995509988265984
615995092877225984
615994812722888704
615994637866536960
615994357355712512
615993436827594753
615993229360496642
615993006668169216
615992893740707840
615992545537953792
615992151848128512
615991788487049216
615991609973342208
615991482558758912
615991302648246272
615991257924370432
615991068379582465
615990656947851264
615990615105474561
615990484406804480
615990050782904320
615989948135530496
615989911515103232
615989421322584064
615989257233022976
615988995290345473
615987895170670592
615982514574766081
615982286580748289
615978790263468033
615954911772192768
615905900646170626
615685368747134976
615633864522731526
615320826468892672
614873823330963456
614516508329250818
614104535846400000
613763446954397696
613470522517626880
613055628743831552
612971953402572800
612639876270297089
611968212444446720
611574618541944832
611574581502050304
610857477094117378
610573675356659712
610513121359179776
610195773137903617
609455890329026560
608420928242991104
607589097780051968
606961249625055232
606163949294206977
605543312661975040
605093915851563008
604349631946838016
603635015046582272
601871158170943489
601496756627582977
601193477020504065
597557418831126528
597556641337249792
597444175345242112
597081769033109504
596763975099887616
596349766289620992
596201684692381696
596040345277730816
595986468838879232
595729870266699778
595608100083601408
595325793732927488
595291134357676032
595271175732760576
594640483843878912
594577537159680000
594533004896116736
594527821789138944
594526839223103489
594295915730468865
594161475628847105
593913867555614722
593523797765935107
593473761703108608
593185445741101058
593172268663996416
593158273034944512
592824007377985536
592781380859383809
592780111847530496
592763647904088064
592709210779058176
592704602073600000
592702231339741185
592513632988110848
592494948131311616
592435126379753473
592433009824935936
592367231813570561
592164901591748608
592163516737409024
592163163870629889
592131340021043200
592116939410903040
592030604096458752
592024304042127360
591856020185452544
591775185465774080
591749520620326913
591748798528913408
591744149671383042
591733079896498176
591716990852562945
591672992389726208
591645855184105472
591645127484973056
591502904890040320
591437487186124800
591410318464679936
591385633907609600
591358598615158784
591356200458944512
591356170507407360
591338708973932544
591331945990074368
591331008697401345
591330042061328387
591329403809845249
591306772171902977
591286966974484481
591265658207281153
591265181474230272
591115637344206849
591036461614399490
591031858118266880
591003447010328577
591003383646932992
590951653538312192
590912798604992512
590910092653953024
590676553849274368
590670205891825664
590668557178052608
590621111890481152
590611719510237184
590598411134455808
590565634414608384
590550009973755904
590538018911428608
590251257698234368
590233240599859201
590185436259037187
590165633729331201
590016011434229760
589972075344855040
589971886571814912
589940080770306048
589936539800457218
589935557872001024
589929249219325952
589928993765269505
589928165541163009
589905430400237569
589881007278411776
589870766562234368
589868572114948096
589865762099105793
589865683447517184
589851536848658432
589851490891632640
589839795829932033
589835921215762434
589830923081756672
589830685390573568
589823922079596544
589819983128961024
589818268338139137
589682020843790337
589625895159083010
589625050938019840
589615661896175617
589594564870025217
589594403116699648
589594332635660288
589592980568182785
589592154793586689
589582525665685504
589582396447592448
589582242747260928
589582153920356352
589579643692326912
589579561316130816
589577244533608448
589575187865083904
589563232035078144
589533917784317952
589529202208026625
589521782706610178
589512043683717120
589511416295477248
589511073440501760
589510753188614145
589510537429405696
589510023279087616
589509973308092416
589509351280250880
589508194470211584
589507809915473920
589506203341860864
589505294998188032
589501451036069888
589499538588569600
589495203230195713
589490703954128896
589489204586917888
589488655162474496
589474432642486273
589473716037296129
589473511741128704
589473170748387328
589459220212293632
589459024363393024
589287449076961282
589286800184606721
589278743530582016
589272613605613568
589271207750471680
589271167673901056
589271065647394817
589260531283824641
589260360315576321
589258724809670657
589257543634931712
589256962832904192
589256520098938880
589254513812373504
589254464017600512
589250639785431040
589250347903778816
589245007158063104
589244947619909633
589238979444088832
589238187316260864
589237763838316544
589237363722702848
589236928777617408
589236453915262976
589235863986446336
589235826451558400
589235285969412096
589235010265174016
589234610912952320
589233962419007489
589233454354567169
589231681128701952
589230202368065538
589226567055740930
589226515973349377
589222733365415936
589222326438236160
589221371164565504
589221048270213120
589220869878059010
589220313512091648
589219773134737408
589218625090768896
589218396098531328
589218092934303744
589213945375760384
589213390326792193
589213038324031488
589212004935540738
589211959658090496
589208753930510338
589208152513515522
589207895364935680
589207484616679424
589207232463511552
589205497670017025
589204778858647552
589203129419243520
589202729244831746
589199852568907776
589198909844525056
589198872481693697
589194616823418881
589194594178310145
589194582069358594
589194544400338944
589194513656066049
589193776075182080
589193269197680641
589193260561666048
589193049261023232
589193039937015809
589192604362756097
589192594640347136
589192420505485314
589192409596039168
589192169191116800
589191557611302912
589191547842732032
589190934346141696
589190913299124224
589190365661384704
589190355624464384
589189605468934145
589189593510973440
589189343845036033
589189323091644416
589189311431475200
589189185887608832
589188978298884096
589188963174195201
589188898489643008
589188741580787712
589188729379495936
589188624442204161
589188614652735489
589188579303100416
589188473896079361
589188201115353088
589188116419751936
589187652890402816
589187434375581696
589187405254529024
589187342096670720
589187309309808642
589186738012041216
589183245066973184
589182374535036929
589178429309759488
589177561130774528
589177192052985856
589174829057638400
589172854165372928
589160563462123521
589155652586508289
589154082088062976
589152597774237696
589152361437794305
589148908065951744
589145072383315969
589141970984939521
589141898746441728
589141391948775425
589141368309551104
589139913116811264
589138570662649856
589133581097635841
589131984837873664
589129686770323456
589119583161724928
589117820811673601
589116134655328256
589114626907906048
589099837716434944
589099212706418689
589098352760913921
589097168591396865
589089728747540480
589085410862567424
589085363915755520
589084669955584000
589080619503628288
589069082911092736
589067391142760448
589064276981129216
589064038111268864
589062013139058690
589046951053643778
589012953476673536
588924716284399617
588923864677154816
588921322710781955
588909002525773825
588906400648024064
588903883574915072
588903298599518209
588902751960084481
588901748200185856
588895436838076417
588891205208969216
588886359374311424
588886311764787201
588884005497376768
588883135120584705
588881591071444993
588872573229735937
588866958935756800
588866344856133633
588857524817768449
588852998807244801
588852520446857216
588851700649172992
588847477404487681
588847276627365888
588847187603259392
588846079598202881
588844395668996096
588839114889240576
588836182189969409
588835800646746112
588825307215335425
588825178919972864
588824587296616449
588823882863280128
588823820628135937
588823096750026753
588822415360139265
588821919715069952
588821896122081280
588821499043188737
588821474254815233
588820766902235136
588820592310165504
588820527726243840
588820240840007680
588820221055471617
588819769681317888
588819743341027330
588818878869831680
588818770786848768
588818137849561088
588818126139064320
588817633073504256
588816838601015297
588816117507891201
588816108108427264
588815668335673345
588815422914301952
588814812139769856
588814667742449665
588814385075781632
588814368239788032
588813915141746688
588813697109200896
588813504762621952
588813254102634496
588807434103205889
588803056512335873
588795109824593920
588793801835032576
588787800012533761
588784172518350848
588779880218660865
588778906519347200
588778150999363585
588777361690132480
588777262431866880
588776952921600000
588776575937609728
588776146415661056
588772247571079168
588770051701940224
588758886510800896
588757237394329600
588748768754831360
588745818531713025
588734940306538496
588731641826148353
588726062491701249
588720307080269824
588715682117779457
588715654972182528
588544674471641089
588544622231572480
588504028587413504
588497970640785408
588496601099841536
588476048813256704
588472528131096576
588455442562424832
588448840627290113
588437495248883712
588437397156667393
588426039996461056
588424999565824000
588423344917086209
588403406693277696
588395965909876737
588394370035912704
588393407698968578
588393089930174464
588392733749813248
588392096219803648
588391384593215489
588383088868114432
588381245748355072
588375271310426113
588373219062648833
588362862722035712
588362779389628416
588358228100063232
588358108222623744
588166695379935233
588166658931437570
588145202373640192
588141725362720768
588140794390929408
588136858523021312
588134414971899904
588126918056095744
588125822218702848
588125722406883328
588101962194796544
588089166749159425
588086487683436544
588086296507125760
588086143238836224
588084273040596992
588075174605402112
588073328348237825
588073310023323648
588073266926895104
588058798658625536
588053669679075328
588053332826185728
588051693851570176
588047474637537280
588047019215888386
588045187089326080
588045088841998338
588038590673920001
588026285882023937
588017331676262400
588016005894557696
588011472934035457
587794188932026368
587792028995489792
587789885173444610
587781562848030720
587780230141444096
587780192061427712
587767279913271296
587766247485374464
587764846294253568
587753653571690496
587753450567442432
587748982606016512
587723153603825665
587709685974769664
587709622208724992
587694875677696002
587689779803766785
587688456542752768
587688017856368640
587686269653614592
587656653903802368
587650892632948736
587646812271456256
587640794892251136
587638942570164224
587638723086397440
587638363085127680
587638139969077248
587636980252479488
587635903809466368
587633617746014209
587631440591851520
587631399311552514
587631374481260546
587435094983385088
587428788775948288
587427093203419137
587414504704577536
587412244813615104
587411872594337792
587399706990346240
587385533094957056
587385476568317953
587359587604373505
587354598546866176
587319646493118467
587315582741032962
587308203299307520
587304723801210881
587301886014787584
587298422345994240
587295096938168320
587102716909858816
587102594637500417
587073450725941248
587069671867682816
587056194662957056
587040986607390721
587023805647691776
587023689570353153
587021110232813568
586977610531389443
586976734169268224
586975565615271937
586972455106809858
586970440997871616
586970089489965056
586963040337166338
586958790769053696
586958458240417792
586957449707397120
586956187523919873
586955682500317185
586954376960327681
586953884326690816
586953498433994752
586952192076070912
586951645675655168
586950912238682113
586949332076666881
586946754471313409
586944181496446977
586941948969136128
586938091862016001
586935800475975680
586935298224824320
586935174572544000
586934843646193664
586932829356830720
586932711002021888
586931238570557441
586931101169360897
586929802214387713
586929030588280833
586927591631687681
586927556902830080
586925770330673152
586920901486063616
586910504272015361
586910251288395776
586907349136183296
586903794266476544
586902257796382720
586899140736495617
586884447552737281
586785466369773568
586696871155863552
586689149828079616
586678109358919680
586673382445359104
586662837340114946
586653817661337600
586647846658539520
586645926594285569
586642548032061440
586631216763240448
586612106620833792
586598054553194497
586591766523969537
586591688082063362
586586770604564480
586586056553734145
586585470450020352
586584209860337666
586582267251662849
586579082197905408
586563177548087297
586549296041852929
586524964133568512
586339523035992065
586332381688107008
586325299425476608
586324365647552512
586295714709405697
586295287997722624
586275887332646912
586264569879879680
586256300532613120
586247469106868224
586244116369055744
586233716848070657
586226297501646848
586206117883023360
586198990061871104
586189508485324800
585984007885598723
585975160584314880
585948508290555904
585942661539897344
585942344479813632
585932745626390528
585922505128280065
585909106856165377
585902823335792641
585871137466265600
585849680589762560
585848553626411009
585817228332793856
585816666082185217
585634872519176192
585613392062369792
585602964984705024
585566909439049728
585534801865793539
585529876641411072
585526577015828480
585526204452773889
585492658023456768
585490208977747968
585472561309331456
585457448607035392
585242233458176000
585233602847342592
585226294939545600
585203682771390465
585202453362114560
585196160987594752
585167338179325952
585167200820015104
585156010916110337
585155956629180418
585155399797596161
585153869266681857
585137567416188929
585136030493310976
585123997643313152
584957538740736001
584907156371058688
584871177346125825
584846600821837824
584811195632222208
584779966681784320
584762458528620544
584743633481400320
584741617745039360
584728768356286464
584571502592266241
584545716623675392
584495311743131648
584483441296613376
584464413618409473
584436006985732096
584413153594740736
584393148383637505
584392488716115969
584156518875996160
584131674008461314
584121817985458176
584119188853133312
584092416321261568
584075636987142145
584075153908170753
584068799059492865
584068600031358976
584068302428741632
584068268786257920
584051017668366336
584050043931332609
584046014677397504
583838108560424962
583796939663093760
583792184861663232
583789339819147264
583761661317644289
583748257915932672
583743219877294080
583738161743863808
583736138285715456
583730979413499904
583730673095028736
583721364718133250
583720807802671105
583716892226916352
583716200179314689
583713758129688577
583713734780063745
583713715385569280
583671613641465856
583670183564181505
583670105164222464
583449446035419136
583444644186480640
583444314224746496
583444231961862144
583444105679757312
583443773688000513
583442504898478080
583442125012004864
583440460233969665
583439825484849153
583424421249036288
583423067231232000
583422582852030464
583422303716962305
583421994915463168
583421565724975104
583420989557624832
583420668718514176
583405352374431744
583404928116383744
583404171677806592
583401081398517761
583390486485979137
583386854512312320
583386406715858944
583385044061970432
583384796778389504
583383531939840000
583382726654451713
583382577035284480
583381757409513472
583381442689933312
583380803062775808
583379571866734592
583374884031504384
583374837348864002
583361141025312769
583360827148738560
583358102067531776
583357200397004800
583351564045197312
583344121865080832
583332872318107648
583329492094951424
583324757099069440
583319303929270272
583318570043449344
583309814370996225
583308119415001088
583302533281533952
583299338064920577
583291638128087040
583284075466620928
583149838973333504
583101316035018753
583097359812292608
583095616797949952
583094391943753728
583093473135321088
583092467672571906
583089505512517632
583086081752465408
583081644401111040
583063285819269120
583058992802373632
583040983723421696
583010168968888320
582970484804943872
582915811913805825
582771736279547904
582770506685796352
582769687705972736
582769645301596160
582768985399123970
582768018175889408
582767340149846016
582767280297099264
582766617588695040
582765506010083328
582764137022771200
582763825952215042
582763762198786049
582763312288411648
582761747439718400
582760358407892992
582760199989006337
582759748488929280
582759257809928192
582757884125007872
582756892738375680
582755285904719872
582753964430471171
582753455711752193
582753179353227264
582751820776280070
582751506807439360
582747186636529665
582744440181129216
582743554331533314
582742849520812032
582742064565075968
582725598243524608
582724557343059968
582719430779539456
582660258989891585
582660151036878848
582644691457286144
582636934448562176
582626469861437441
582624832510042112
582622408034496512
582593507929374720
582555122816790528
582390605151535104
582379712841842690
582379552132841473
582379187597500416
582302310732283904
582298308070100993
582264368919752704
582224322007183361
582223730790678529
582222851681320960
582222085621075970
582219637972037632
582217280399892480
582208269961179136
582203762531385344
581999490644594688
581995998630658048
581992397774585856
581991605298556928
581991072600977408
581984081308569600
581958495332798464
581914888764669955
581879113205608449
581873246397718528
581872555251884033
581871795759915008
581861532541288448
581851603491266560
581620006644899840
581585186099359744
581565839108780033
581565364489752576
581554874627678208
581553947309027328
581553328800149504
581553086390386688
581552819385171968
581546391589130241
581545925195120640
581543699835805697
581532860403744768
581527906272337920
581489995996774400
581489943580573697
581467775907966976
581279086292553728
581263811233095680
581260812326715392
581259999189569536
581164655021817856
581163193281736704
581130729498673153
581128918733746176
581115815145017344
581106051459645441
580903954365562880
580884716502458368
580879805861642240
580878499709263872
580877326742728704
580875536982941696
580871518931918849
580845720304906240
580781622896640000
580746703843692544
580551770679689217
580531137124122624
580526282217283584
580503418873225217
580490644319297537
580481940555493377
580467972034179072
580448691108073473
580442790678650880
580439341610192897
580425888837165056
580422194708119552
580384260428693504
580186516640522240
580157070797709312
580141190642671616
580137590981984256
580126843346391041
580092710406598656
580084451398397953
579884241879633920
579778497263996928
579776647240544256
579776266326278144
579774154414526465
579762880620302337
579713857402241024
579699737202290688
579430727181209601
579377993610457088
579342598969516032
579328132722745344
579079812666384384
578992306449076224
578952326154571777
578951207512772609
578924435614228480
578733706044534784
578727810753138688
578724759506030592
578654641015169024
578633596396650496
578616769541074944
578587318774149123
578587143259340801
578361212175392768
578360683873464320
578360115427864576
578341674524364800
578320048663609344
578299044855824385
578256699825352704
578044416801120256
578044356109545474
577938345474404352
577915145474584576
577878395540783104
577860855020187649
577837659432747008
577689184338452481
577657403820273665
577550475341385728
577539746404003840
577529325315956736
577521100310978560
577261019484950529
577147444191846400
576933419755528192
576933063193538560
576932643758948353
576840183762399232
576803725362139136
576520931989811201
576517414776500224
576516853494730752
576515962423263232
576503216759685120
576476291521642496
576454618235830272
576437794207182849
576128618985750529
575823331774980096
575818385511964672
575750122442653696
575737929840005120
575737898407882752
575727852353548288
575411846615691265
575410198489116672
575378264262205443
575373646773923840
575351255695945728
575322307532476416
575078409413357568
575063167782383617
575038937120419840
575013674143735808
575006925248589825
575005982981427200
574616627699847168
574615513940164609
574614718888857600
574613700943867905
574612916676132864
574450926527762432
574395419498676224
574390621948878848
574386783208665089
574351795792650240
574292600821174273
573985573427249152
573917048058699777
573914435644846080
573912821399838722
573912397015986176
573883598098427905
573656388234166273
573633930131210240
573296026548756483
573209208574758912
573208499993239553
573206223018852352
572932829278969856
572923786254675968
572917427840819200
572897349405552640
572890664620322816
572858783455584259
572801597299953665
572568019110535168
572559574181404672
572530526789058560
572529004873293824
572527692983083008
572482354578501632
572480827491151872
572468764911927298
572089403356524544
571773194660540416
571727903932604416
571405666658570240
571401771492339712
571396134574272512
571395723708665858
571394651518689280
571121196550344704
571057135271813120
571052867529809923
571052352314028033
571051909995302912
571051506813657088
570986974011531264
570728021415436288
570720840339333120
570393678088269824
570255354434621441
570255019183894529
570254715373670400
570254477808312320
570254351723327489
570246514397876224
570049026491416576
570035554676383744
570019986808250368
569662087380606976
569651926561918978
568941511271944193
568922854059741186
568889491412398080
568880901763035136
568872896728342528
568864778522914817
568119786351120384
567770983595917312
567715829181992960
566996776347910144
566662628269768704
566654003627319296
566399100912795648
566373627348525057
566045654405763072
565650824932888576
565327386796109824
565320858030604290
565230880205967360
565183897206415360
564971695497154560
564653569819676672
564134013489520640
563939489735659521
563869060224389121
563852579956736000
563840203773599744
563824424235696130
563814956005470208
563800856298913792
563760949333487616
563497819978223617
563496590854221825
563495458345975808
563495158511976448
563495036260597760
563494275313176576
563494044601286656
563493770021191681
563492990333636608
563492857026068481
563492792383455232
563492594055786497
563492064139026432
563492000477900800
563491982136193024
563491729815257090
563491496624525313
563491402709864448
563491040812752896
563490706287652864
563490688231149569
563490577870647296
563490407888080896
563490133215694850
563489854856519681
563489807691558912
563489718730387457
563489639554486272
563489491805929472
563489466459750400
563489190923366401
563489065421398016
563488903361855488
563488815008862208
563488650931879936
563488629247340544
563488324954755072
563488168456904704
563488077507612672
563488035493269504
563487875375714304
563487472751869953
563487419953979392
563487403893997568
563485859018579969
563478326778417153
563472213769076737
563466836428070912
563435661353418752
563421200433422337
563418394435661825
563417361512796160
563406131305779200
563403465192267776
563402998492037120
563399624065421312
563393873083260929
563383616290316289
563376428566069248
563374257787252737
563369027209134081
563367042187681792
563197208640512002
563190514803937280
563162259321405441
563138684795375616
563126487344095232
562794957170548737
562776666200887297
562653111030792192
562438497408008192
562415107326500865
562094699352055809
562066112544657408
562065079042994178
562058310170341378
562049802876108800
562048815868280832
562046235972890624
562042846711001088
561360455629688834
560617348315758594
560516770704789505
559383611372089345
559381451699798016
559049874172157953
558695109940629504
558672674281369600
558475628953866242
558457278215356416
557609924638031873
556548772189052928
556305839619723264
556178526957621248
555909260572237824
555493761392713729
555407697097420800
554724992844193794
553980297201459201
553757056054751232
553663300798386176
553319066979430400
552590748369960960
552499453513703425
552146726652354560
551118723533127681
550417801324658688
550001956324798464
550000265487605760
549728212943507456
549623620457099264
549609404895485954
548556936224837632
548227134380990465
548166514155601920
547939393684504576
547802221610426368
547231800997588992
547083513938210817
546111631936090112
545355735891058688
545347737684684801
544309166601695234
543173641949941760
542059205491187712
542029510351540224
540950734398029824
539906904173326336
539829977093779456
538132180892123136
538128272031506432
537677094437007360
537646793547186176
535894300320878592
534390084452102144
534029112021495808
533672016398659584
533437592058880000
533302693532422144
533108088253841408
533087474302476288
533061831686754304
533030350302085120
533008199754870785
532970587996438528
532949191626981377
532768883023675392
532704102472364032
532695445332443136
532694409934942208
532669200406306816
532571242851610624
532388276829560832
532333654471503872
532294693665529856
532224720822108160
532215868412157954
531954680637579264
531158583132438528
530881577140506624
530489359615938560
529854096296001536
529344637039693824
528616400646983681
528616144693760000
528241757373599745
527148131545137152
526867993737719808
526867652879196161
526867506418298882
526867244265910272
526775737366237184
526078578673217539
525784930131783680
525767546683658240
525764896181346304
525762786496761856
525761908532473856
525761396122730496
524684266941067264
524617297101475840
524299116319211520
524247442980478977
524247130911674368
524246887625285632
524246639104368640
524244996585578496
524243882821697537
524241659827990528
524241077352423424
524239834437537792
523961353287921664
520727160177172480
520684201113182208
520607349216538624
520383334162366464
516715956345647104
516715526706302976
507579796247699456
507577555222659072
507577515657818112
507577457075949568
507577291669393408
507577232370323457
502509705021755393
502509596078907393
489935334952534016
487676490901770240
484769959340285952
482652839014301696
482652698538684416
482652673666469888
481932520473104384
481932441351749632
481932213663985664
481932039180926976
481155385143721984
481155121888628736
481155062866391040
481151585419276289
480135832485900290
480135473633824772
480135397045841921
479054688072269824
479054520895684609
479054489585197057
477535069968404480
477534840347455488
477534804385468416
476875863556775936
476875096414752768
476874609430495232
476874523375988736
476401478588825603
476400403441913856
476399337510277120
474609889247907841
474609757467070465
474609698348339200
474609606073655296
474609478403231744
474609442059595776
474609240816906240
474608910415196160
474608878819491840
474608799635230720
474608185462906880
473638763973705728
473635506337484800
473635357628461057
473634967105196032
473634905214046208
472450294274465792
472449775250321408
469902247589990400
469902157685465088
468519459531915265
468512926966353920
468512834125434881
468512767175950336
468509889246273536
465988493848506368
465987903831556096
465987590685204480
465987395188322304
465987343061508096
465987042095022080
464798080261709825
464105282172628992
463717578431426560
463455794227589121
463455559551680512
463455534595579904
462374783255334912
462049192190283776
461183320777175040
460870540258213888
459428994694131712
459130562674827264
459130548749742080
459130490880925696
459130479917023232
459130458983239680
459130378238717952
