875027853250666496
715730273913020417
715592663202803712
714927799753019392
714926050124279808
714848571867078656
714552930502905856
714552628429062144
714481803281588224
714118682058711041
713748221722427392
713747845036187654
713439550215852032
713402013631971330
712809021716082688
712808814051926016
712778420564807682
712774507459522560
712747298543931392
712718831429390336
712718763183833088
712718656224952320
712710034992398337
712689364350808064
712685970911420416
711954078285176832
710998735803711488
710855449101250560
710843462099185665
710574495015153664
710519378752614400
710267016364425216
710266458664636417
710221362581770240
710191469919932417
710179481156198405
710141747695779840
709841259079159808
709830726393331712
709792001915539456
709791382244859904
709791108373614592
709790579752890368
709459839362031616
709415174566858752
709115533430431744
708453051346976768
708451194453102592
708448709315403777
708389126446288896
708351422694187008
708351246055309314
708333940348559360
708333743920906241
708333519336923136
708333415389466624
708333291208704000
708332963256078340
708331371584851968
707995084684337152
707994995156848640
707992229806080000
707992164911820800
707991929154183168
707991490790699008
707991209080279040
707752053016104960
707733646304612352
707732979418664963
707732386436349952
707707447582941184
707669764231925762
707660071660969984
707648857547546624
707625796525928448
707625704817471488
707625571551842307
707625523011198977
707625457500299264
707625402206793728
707625359173226496
707625317699948545
707625245826424832
707625163781582849
707625106986573824
707624990804324352
707624741830438912
707611706449469440
707388700187955200
707385195922460672
707384750592237568
707371662627319808
707370796709064705
707370682049400832
707370546120384512
707370480269860864
707370331548155905
707370274497245184
707328847696388096
707320047736217600
707319975380262912
707318955375857664
707275999445057536
707275809451483136
707275769005801473
707252936380776448
707252547879198721
706997137767145472
706984902663667712
706887632458948609
706885809933168640
706225414956412928
706225355917373440
706222243576025088
705938481839677445
705856768195194880
705843984610914305
705567483005014016
705470957993926656
705456751701667840
705456034794475520
705448643399020544
705448536670756865
705212384726556672
705181819474292736
705167558404546560
705128290365734912
705105256770727937
705087697933590528
704774104470007808
704773467153928193
704736124447510528
704355513467695105
704047722559438848
704046018787090433
703292394251251713
703269911355744256
703267079156211712
702912997711224832
702662038858788864
702657824896069633
702584580201533440
702545276494426112
702544513911238656
702253162447527936
702195292947361793
701951560914350080
701912559603970049
701882771032018945
701824523453083648
701821705203773440
701494315504111616
701456427110395904
701455986515521537
701451323154124800
701089005761224704
700826368863436800
700824411318779905
700823929162567680
700790905138053120
700789080380977158
700771745645461504
700741087514591233
700740955847073793
700730895292956675
700459107002634240
700411693566832641
700410335589601280
700111493631578113
700044578372464642
700043926271438848
700015500563128320
699773883914694656
699751931456020480
699751743861620736
699712492142927872
699677671194628096
699670925315149824
699640469798543360
698980824583016448
698973232234233856
698888672091897856
698573277770477568
698573075865059329
698572889570877441
698572689561104385
698327472182398977
698282707504074752
698265390049169409
698265174818426880
698259782956781568
698228490953482241
698227896893247489
698188415309754369
697876447143178240
697873932632748033
697841115882397696
697829674764754945
697829491633074176
697829196991590401
697828418897850368
697828019218440192
697568009427279873
697549042423693312
697547569145077760
697538723412480000
697538472064618496
697533886616596480
697529875414945792
697526300299251712
697524241575489536
697194651502006272
696856722934095873
696840912790380544
696820654218223617
696755183729029120
696751607887757312
696749820044660737
696737383459360768
696357920800272384
696356725197123584
696356487438815232
695712874711257088
695700206671691776
695686577901600769
694988567462842368
694988149093568512
694985880411312128
694985719060672513
694985456232984576
694984924072267776
694983096249102336
694982698033500160
694979331735441408
694978910107234304
694949035770155008
694948242526613508
694932868498259970
694707589519552513
694705994534793216
694705052271800320
694699632530558977
694685047249461248
694674475871129600
694661391920181248
694580932716556288
694550103160295424
694216938663182336
694212141297979392
694211913459200003
693215402571091969
693215300326522880
693115615700062208
692852044135182336
692750485434953729
692537220293640193
692484811043241984
692451193172463616
692410239879090176
692407203391803392
692034838849675264
691676498185486336
690964184805171200
690696833450946560
690604940176166913
690604635174768641
690604340382294016
690361247515176960
690360725160722432
690360571896709120
690346729749757958
690272114289410048
690271985692082176
690271513988104192
690270645985239040
690220637864878080
690211448887205888
689946263773515776
689937129661566976
689912969702998016
689912524209127424
689912270755729409
689910497768923136
689881601170272256
689854330791297024
689854117397721088
689630741672558592
689598964178427904
689598820791939073
689597544339341312
689507511578144772
688122639722778624
687815282715308032
687814952996835328
687795660695846912
687795491719913472
687794745188335617
687794451209568256
687793874362699776
687793636499681282
687793225361428481
687793039608254464
687792736125206528
687792493300203520
687792201196285952
687791418593701888
687791004297084928
687790932457041920
687721207232245760
687720755602128896
687696653818568704
687694899412467712
687068154971828224
686985671118999552
686366528225185794
685642414124437504
682992013390696448
681612294753792001
680392319544197120
680121338892161024
679390046546448384
675405530878205952
674697102144868352
674317594388664320
673956213718040576
672960351432937472
671462865241579520
671140432026460160
671116494927982593
671063666561785857
671063503692816389
671056085801934853
671029988196540417
670739025494347777
670708754036428800
670648440481816576
670633277095571456
670353757696212993
670315684761481216
670270892081942528
670016332180492288
669985896620384257
669922621539004416
669922540593111045
669916766022164480
669884135507259392
669661697179693056
669637051982020609
669577855622221824
669303156073885696
669244714013425664
669216336812224512
668975606235660288
668975568373682177
668964217857249280
668958138524012544
668851320745365504
668843411663798272
668843298551787520
668579751502610432
668564650498260992
668538256263286784
668523129438801920
668492902352289797
668451389509468162
668217440921239552
668157035528089601
668145686068662272
668122981818757120
668092785468162048
667887376908161024
667858693300490240
667833167588364288
667768264324313088
667530148208513024
667489402730385408
667465748655116288
667403976086700032
667130241953853440
667075844909629440
667061144587079680
667036101811396608
666769169161940993
666709694430384128
666677802192605184
666420334648688640
666391467661721601
666316815430082560
665289363161395200
665259267209891842
665244336993382400
665228070073163776
664991546844975105
664962292312772608
664906784432230400
664866593705345024
664609584384835584
664578584502099968
664556823681196032
664548561858658306
664533178934161408
664518081348169728
664487911216148480
664263744290099200
664238244444307456
664216981583753216
664180367654416384
664160018304909313
663900917532459008
663899085745713152
663898781058920448
663886019566014464
663868648696606720
663808344872775680
663778082881302529
663770605628489729
663534038406197248
663531180730413056
663531023070720001
663525011097980929
663524923248259072
663517773486657536
663515585431539712
663514064006438912
663512451950837761
663510123755630592
663504778421407744
663503316479967232
663498974951698432
663494476610957312
663491005870575616
663488199788879872
663483706745618432
663479905393348608
663479457764610048
663478976996704256
663476331393343488
663475327956422657
663473728055980032
663472829745094656
663471802069348352
663471448938287104
663469784823042048
663469632469143552
663468805511745536
663467939333431296
663467880428650496
663467298477355010
663464780812845056
663446878902599680
663446003882692609
663433328570175488
663432473179590656
663430821613731840
663430576561455105
663430238672584704
663430017230069764
663429637083566080
663428867948867584
663428738864943104
663415797163823104
663415766046277632
663413634144452608
663411174159941632
663410945146814464
663410620776116224
663409409284964352
663409204456132609
663405125382221824
663404815590912000
663393242721816576
663389486743556098
663387176894251008
663386546079297536
663385600536395776
663385448086016006
663385224064069634
663377271512666112
663375293000777728
663374798823690240
663373451416080385
663372622420307969
663372181498257408
663187555882373120
663182744197853184
663180385178677248
663180010220486657
663178932145946624
663178337641099264
663177539087568896
663174456345432064
663174272995594240
663172882386694144
663168861831716864
663164529447014400
663164221287301120
663164085639360516
663163845196648450
663161893607993344
663143947754012672
663129716639993856
663128889644838912
663126087526813697
663124444311785472
663123981323513856
663122971926466560
663121567707107328
663121384541818884
663117998794772482
663116906124017664
663113765471150080
663112854279553024
663111353473757184
663111068743434240
663109633641353216
663108139445673984
663107932951744512
663104781146165248
663102943789342720
663098676349288448
663093730799284224
663093169496526848
663092633045106688
663083567795212288
663082208417026048
663079893400354816
663076177414782976
663076112075874304
663072924690092032
663072187486572544
663070828922179584
663070365141176320
663070046969683968
663069005708587008
663068177610346496
663064474996228096
663057611281928194
663053363857088512
663053226183229442
663051531097235456
663048449965748224
663048164220407808
663047721729683456
663046819677532161
663039243028004864
663023107926462464
663022141382651904
663020936979832832
663015989554974720
662842103282569217
662840653953404928
662838709180432384
662837587036385282
662837351333261312
662835704586637312
662835317511065600
662832790119976960
662831440564895744
662830601414639616
662827536125038593
662824413809676288
662824167553634304
662815670824898560
662809403054268416
662803679926288384
662798540612079620
662792835012255744
662791601194823681
662787510083321856
662785667974348800
662781605405003777
662772030735937538
662766756528676864
662756604501192704
662755669515350017
662754374603657216
662751711640092672
662749523874189312
662745892420587520
662743274877161472
662742158953189376
662742019815542786
662741611990806528
662739909057245184
662739601648259072
662739102849110020
662736369089802240
662732312447062016
662726312579108869
662713916531671044
662712803866734592
662711746239442946
662711500180590592
662711449177866240
662711104695496705
662709960984301568
662709268840235008
662709203480350721
662709091756670976
662708981144547328
662708855416057856
662708799539535872
662708690919620609
662708440125452289
662707990777102337
662707802922618880
662707662707015680
662707479172616192
662707428530585600
662706979635204097
662706803218608128
662706794406375424
662706510544310272
662705449964208128
662705266991894528
662704992776642560
662704765600575488
662704689725616128
662704352335794176
662704272149114880
662704251198574592
662704035175133184
662703992095440896
662703860851408896
662703787673436160
662703769461723136
662703517061132288
662703461776015360
662703427516928000
662703348517240832
662703268955451392
662703185945980928
662703050528653312
662702975098290176
662702805103210496
662702562315907072
662702558218088448
662702340827279361
662702087017398273
662701811791302656
662701667440160769
662701667096199168
662701431573516288
662701180032647172
662701055306698752
662700626703286272
662700527734493184
662700489859993600
662700467793756160
662700210880016384
662700121071616000
662700055451668480
662699785602777088
662699772143271936
662699566496509952
662699312539824129
662699139424124928
662699037557067776
662698872083320832
662698600699301888
662698461159034880
662698211862147072
662698210696151040
662698140282126336
662697933008035840
662697891526410240
662697201609519108
662696902069125120
662696778706219008
662696403093688320
662696320562434048
662695569333227520
662695342383611904
662694737913114625
662694501895397376
662693555333263360
662693273266360320
662692884169146368
662692754703540224
662691490682933248
662691272814034944
662690941791158272
662683791526203392
662680680766160896
662677792316788736
662676673897205761
662453609297088513
662450555189489665
662448009045667840
662447786000945152
662447047555969024
662445195502338048
662442395842121728
662435919044055040
662429121323012096
662406607309959168
662382146938519552
662358001160843264
662343098173775872
662333561429602304
662333445993922560
662298326486745088
662268683650076672
662101961181794304
662087391469965313
662078704953102336
662074117517017088
662055461735108608
662050819018067968
662049716822110208
662048614559035392
662045805230948357
662044524781277184
662042926755659776
662041334732079105
662030412579930112
662012486023954432
662001122593247232
661998745907625985
661998289848397824
661992486340956160
661987120249090048
661983137858064384
661982397756342272
661966540921696256
661964897069068288
661964746640330753
661958564093693952
661951371290112000
661730114154041345
661729064156164096
661728339862773760
661723143296319488
661720161477484544
661718778707709953
661718466022342656
661718238036779008
661708862689423360
661707358230343680
661705979407392768
661696450561077249
661694648537104385
661686112562245632
661680531948482560
661678604309262336
661678205737156616
661677965059624960
661677144519536641
661675881564270592
661673209041817600
661671941506371584
661671631987716096
661671465805180928
661665424631660544
661659098602049537
661652088154251264
661626695598764032
661618975277584384
661600437900959744
661593333655994368
661588965036683264
661368783110410240
661368398044073984
661368185921232896
661367588908199940
661365279138512896
661362923822956544
661362571329449984
661361968373039104
661361584694956032
661360876222451712
661360015807148032
661357289958326272
661354229903179776
661353326324289536
661344357845331968
661330470097911808
661324125806325761
661318227998306304
661318081008955392
661311477370884096
661308529077161984
661307772114370560
661290549454835712
661272044391108609
661265193108832256
661244082480549888
661229540950151169
661211222247739392
660969719315345408
660962073904476160
660943208541655040
660935653224394752
660934510712721408
660933360013840384
660931924253261824
660931143819104256
660929085531512832
660928184603414529
660926654802325504
660925325073715200
660922094021029888
660920550970159104
660919232650190848
660918690947465216
660918481035116546
660918348796981248
660917545520664576
660915957775392768
660915775759233024
660915245184131072
660915227236536320
660914105071607809
660912910797934592
660912671974400000
660911622836240384
660910872294899712
660910833376055300
660910534703734784
660910152955109377
660909652486565888
660909089522749440
660909065434996736
660907532018450433
660904893557837824
660903731551055872
660901250381180928
660900625257918465
660899437737177088
660875211659608064
660871482340339712
660833752973635588
660599978134388737
660598456189235200
660595887601618945
660593486672957442
660588399313600514
660584705402671104
660577044594450432
660573252691980288
660569490501926912
660565961339109376
660562042223394816
660558174806654976
660550682299138048
660535578899779584
660525889701048320
660523373529731072
660501525911834624
660482739792015360
660476772404715520
660476752737624064
660476726460329984
660471361521913856
660260281365327873
660231207943188480
660200589834346496
660188344911945729
660175470818803712
660175347309154305
660169768175996929
660144145617453056
660143917686374400
660138970500562944
660135575140241408
660124066473361408
660091804822298625
660088079881900032
660088006011805696
660087508454141952
659897840202715136
659887427633328128
659881246038687744
659867382240821248
659862440587358208
659861950306775040
659861934758494208
659861451411030016
659860816045346817
659860799553302528
659858957888950272
659858332279148545
659858319914340352
659857755683950592
659857741964402688
659857161535655936
659857148243894272
659856651369889794
659856628313751552
659856221512404992
659856206899511296
659855257824923648
659855240661872640
659854715996364801
659854703493181440
659854375267930112
659854360311009280
659854013295296512
659853997696675841
659853661925830656
659853648114003968
659851426449920000
659849219985965056
659844914398625793
659843135258791936
659837702687199232
659830487033053184
659830161257291776
659830113366732800
659829658398011392
659828592784703488
659828235522281476
659827477280223232
659827239597375488
659826312509460481
659826083219439616
659807052911407104
659796812413276160
659785286507872256
659779577066057728
659762363709583361
659736104631861249
659534937821806592
659529688319066112
659526008635154432
659525926112227328
659512017707921408
659505356658184192
659490286939181056
659475536872255488
659460107999166464
659458189365121024
659458132914008064
659443900780687360
659435067123503105
659428059192291328
659426252026048512
659422488313466880
659414335463120897
659403575043362816
659403494823059456
659174998418915328
659158582626136064
659155324658540544
659144841125752832
659111869043470336
659083290771484672
659065971122966528
659057778594463744
659045653318791168
659040710805446656
658796439724683264
658787832035540992
658776132758597632
658755548033093632
658748469088157696
658724806989185024
658721608186531840
658710019450388480
658705031953190912
658696785808887808
658695181131120640
658674932751073280
658406278054547456
658376246691164160
658372506500272128
658330957053726720
658327219324911616
658315867818557440
658281915565260800
658040350942998529
658025225519403008
658010124976427008
657979878034116608
657957265601753089
657919504207360000
657709003569434624
657678870607347712
657670721838051328
657652620966756353
657617661124354048
657587325422010368
657346081269772288
657328275576877056
657315466898096129
657285209562284032
657272663518281728
657255409745457152
657225990003789824
657179922075545601
656970776508153856
656937988136419328
656907685997113344
656901982712557568
656899784683327488
656878605721440257
656647958293688320
656640588398198784
656639782865375232
656622194265473024
656621899657539584
656607050646990849
656595577820463105
656592260885123072
656591997247971328
656560488126386176
656545609030111232
656530307340865536
656524435537563648
656519573642973184
656500442097029120
656275260300390400
656270166544650240
656253321859039232
656243108158435328
656228236859322368
656213473827819520
656204390919868416
656187819673579520
656182600860459008
656161714187055104
656153219454767105
656152665882128384
655842041721544705
655790475203317761
655443211784032258
655407954875715584
655182308253675520
655178335543144448
655175480878874624
655175304898482177
655171906841288704
655169176680595456
655166862783721472
655166540967489536
655163879157166080
655161198728515585
655159114327134208
655158883283931137
655155697227730944
655153280754946048
655151554714951680
655143146523766784
655106319859384320
655102243402727424
655066026632065024
655050731448221697
654793370863210496
654733599455907841
654702852867121153
654643771146022912
654444593149140992
654444542289055744
654416401147400192
654403194152353792
654393563514429441
654383651744976896
654379948140990464
654371148352761856
654355762722967553
654355690840944640
654355647698341888
654342699860930560
654330809004875777
654330796010921984
654024049262071808
653994051448864768
653691014624882688
653629964416192512
653611618815733760
653253804343738368
652906546519666689
652650885734993920
652591306359746560
652519047431458816
652515754751848449
652256522458689536
652256321752829952
652211916228595712
652166317802287105
652151793363714049
652106385451147265
651882317309341697
651865448602951680
651838941302145024
651828266198654976
651561960366993408
651470452045381632
651179673800433664
651085728646955008
650698204229468160
650354681429008384
650113500098883584
650097797224534016
650082493282955264
650068334545797121
650058446260178944
650052608049025024
650037365554069504
650023059554852864
650010888045379584
650006047847903232
650006005552513024
649995794343329792
649750568286576640
649742389762850816
649733023915573248
649704803623268352
649690237023612929
649674718644080640
649659723008995329
649648997947183104
649637686362267648
649621926831259650
649600831960944641
649569503773241346
649356935280504833
649342221594968065
649329039518228480
649313645487263744
649300000984272896
649282932742361088
649276690049339392
649252332413259776
649008396696354816
648995723728449536
648965768558735360
648954018836779008
648920982397128704
648890738709676032
648860472310034432
648634951571648512
648634891303686146
648587730100719617
648543997141450752
647854924756180992
647854693444530176
647539321134682112
647490664691662848
647201109388300289
647169650342543360
647123389149122561
647118019643109376
647095700249903104
647093703333404672
647032884058959872
646858760493772800
646831386813296641
646788158424657921
646782855838756864
646778226723807232
646770872745766916
646747102467522560
646739576090984448
646718389587566592
646466616171999233
646462728794574848
646459589173506048
646457655305760768
646422839072006144
646406332350787584
646398751209357313
646379197502353408
646366032269971456
646307998793490432
646144974472413184
646129403856969728
646123863873486848
646118396480778240
646108675929538560
646101254872018944
646101129328132096
646097808253059072
646097717094035456
646096012541489153
646086593850138624
646086473020674048
646083406850207744
646083241607204865
646072986911379456
646067660111769600
646057740079489024
646049333628899328
646040994299838464
646037545369780224
646033808165212160
646022005913812992
646015771315863556
646013930779750400
646012295672295425
645658866894569472
645272464004542464
644652963978317824
644496103241461761
644292888457670656
644251246510018561
644233380607848448
643148533105688576
643094031426187264
642846538859855872
642426033350705152
641960279387992064
641673533924376576
640919117373902848
640638325179617280
639893060307021824
639581839724642308
639422815993597952
639182908696059904
639154521235558400
639136529844015104
639121245053677568
638887066323947520
638858451515387904
638759045784928256
638533494348476416
638139680060342272
636949214560325632
636897370823790592
636696011629572097
636587528074625024
636562018401587200
635859172110692352
635481717403324416
635134437844381697
634854342592323584
634767534668021760
634175068596113408
634140721176408064
634110900354461696
634077914443685889
634047552732577792
634017328024322049
633436157393551360
632220206044045312
631196110707515392
631172118613377025
630915152280301568
630905352628756480
630876045881675776
630876028332707841
630875996212703232
630875896006610944
630867323948150784
630853509827526656
630836680514101248
630832778272071680
630832756944011265
630832744633757696
630830605412872196
630825826716549120
630824032120647680
630823424290455552
630823179225731073
630820701092515840
630820667781296128
630815600705560577
630814207689166848
630809657414553600
630804884812468224
630800846083588096
630800442981650432
630800434425270272
630800426342879232
630800342356135936
630800324089942016
630799813412388864
630799781435064320
630799714003238912
630799626715598849
630799573301080064
630798656505909248
630798538201563136
630798453417742336
630798294877253634
630798144410775552
630798107211513856
630797784543694848
630797751874269184
630797717715812352
630797682013941760
630797642553950208
630797575021420544
630796466550779904
630796391225278465
630796292914974720
630795860394119168
630795777938358272
630795674716516352
630795664486600704
630795340011061248
630795326799003648
630795234885013505
630794968714448896
630794590862204929
630794357616979969
630793507213475840
630793425055428608
630793190824480768
630793150248779776
630792988520648705
630792214994554880
630792104097157120
630791803604611072
630791387328282624
630791325890183168
630791150392086528
630790513600282625
630790326228103168
630790243998830594
630790200889704448
630789964616171521
630789868000448512
630789747196084224
630789259192995840
630789092989493248
630789025717096448
630788950035017730
630788229935927298
630784522011807744
630784141252890626
630782625867657216
630782217304735744
630780032420425732
630778491676442624
630767878405394432
630766471488999424
630763992693116928
630760729553997824
630759672513851392
630756529239519232
630747570172604417
630745602230325250
630744550282149888
630741641897230337
630738656395792384
630738584547409922
630738531296477184
630734702974910466
630725538030575618
629811574035722240
629790472479715328
629778265821982720
629766818345807872
629762810642214913
629721915817488384
629437790619435008
629346789536202752
629332593863823360
629319290773057536
629313126442233856
629306656459862016
629306198831968256
629304811905650688
629298576590417920
629296269207302144
629293470511796224
629288729128009728
629285640278913024
629275868762779649
628346722549248005
628308059748569088
627879103266361345
627515244298932225
627241268439945217
627236004907216897
627226955880894464
627219794043928576
627219743187931136
627214132605882370
627207758111084545
627204437178585088
627202473967489024
627189469800607744
627189439781965825
627182638491545600
627157020668379136
627153378158600192
627148221396029440
627101586225934337
626803707976355841
626798663059116032
626072592793743360
626067334415802368
626062828609232896
626059942802231296
626046088005300226
626039829105487872
626037980864495616
624652319603359745
624265769954586624
624265244840333312
622059129260019712
621032611629010944
621032309458759680
620371986879897600
620348986482753537
620338208388222976
620327305844359168
620301375105208320
620289803108483072
620004874206326784
620001110523142144
619994517471498245
619992912902819840
619990232226607104
619986131837325312
619981189412052992
619970859587899392
619954976614252544
619927337988190208
619924061028618240
619922180369838081
619914118464573440
619674436493443073
619645298839687168
619637741840564224
619634159892328448
619616112360067072
619607334810030081
619598688348864512
619579526809411585
619575745732435968
619566417742950400
619523762774413312
619276890512056320
619267953431699459
619264865144680448
619252172362924032
619240672927748096
619240427183435783
619237566244458496
619234739698819072
619225748088467457
619208894057979904
619207585741307904
619205099898990598
619202361542770689
619198798594711552
619186264789483520
619183178725507072
619160036795756544
618930778236284928
618470950359531520
617822823604686848
617385170295848960
617356042658156545
617032301558378496
616696202814296064
616654483473367040
616371234872254464
616349587972816896
616310039372926976
615993197311844352
615946725216260096
615652410002792448
615572768956919808
614870871832834048
614840770692972544
613530348090056704
613525483146211329
613523473743228928
613523155227783169
613522544608575488
613521258618064896
613520854962450432
613520641887633408
613520592243785728
613518864240873472
613518790630846465
613518093902438400
613518064332619776
613517427641442304
613517146333712384
613516993908441088
613516894801260545
613516584565342208
613515444448669697
613515225610883072
613514748315840513
613514568703172608
613514477703598080
613514299546308609
613514166272331778
613514137046376448
613512179501789185
613511914153340928
613478067227328512
613394316891795456
612757245680455680
612734336140382208
612726805867315201
612719242677391360
612659161067708416
612647476869206016
612643700930318337
612605982468804608
611973850989854720
611201833072066560
611189779158339584
610884859603521537
610884682180198400
610884322371993600
610884217694654464
610883819059720192
610883690483290112
610883555347054593
610883308596105216
610882308405633024
610881409511727105
610880985069170689
610880255532867586
610879877101826048
610879618518753280
610878614347890688
610878602259906562
610877702921408514
610877310150012928
610877186581655552
610876696447852544
610876188001718272
610875921189486594
610875532130037760
610874905660407808
610874801297735680
610874790484836355
610874143295336449
610874016761516032
610873364236906498
610873001458954241
610872860891062272
610872728099389440
610872325068689409
610871975892897793
610871955143675905
610871351914721281
610871235061411840
610871057508134912
610870624261681152
610870492724072449
610870471341539328
610870297764491266
610869920197406720
610869755642314753
610869633562898433
610865943934279682
610864356121804800
610862239415947265
610862223154655232
610861732274282497
610861720303738880
610860848035274752
610860831883034624
610859635269087235
610859617229344768
610858713671434241
610858699578572800
610857935380578304
610857872327581699
610857463265525760
610856782685163522
610855685299933184
610855471637901312
610851060807131136
610841712865325056
610559142734860288
610557145977765888
610519978345758722
610477147707174913
610160098824974336
610114634285105152
609793653288992769
609522583340384256
609164627595804672
609057713272676352
608369350022721536
607955969499217920
607306063033991168
606955079132774402
606629609401032705
606554835605790721
606138599751360513
605755224385417216
605540614910799872
605510257326985216
604381019483987968
602883103829274624
601503638163357698
600416052942516224
599356739390083072
599269895008714752
598977779883843584
598903538048049152
597495118006865921
597491329963204608
597487564077993985
597483789648941056
597462231878500353
597400749895585792
597136517551685633
597083689386844161
596690833534910465
596660915530928128
596425461858750465
596092331503169537
595737789410484224
595659874777886720
595377500575825921
595282810551672832
594178560895549440
593916982228963328
593908582061461504
593892035469312001
593874139259150336
593530906670829568
593519510398701570
593209509952126977
593188241139830786
593149344196399105
593131818666168320
591700174604341248
591357777219457024
590962818423201793
590947036142313472
590583490795692032
590568347508547588
590205837462802432
588832045251432448
587669282684739585
586941647780364289
586570885546389504
586232532250845184
586226965805309952
585998336726962176
585972274282364928
585963293723865089
585958156108304384
585955857801678848
585945953133137920
585940240390455296
585935389434617856
585931329658720256
585928417708613632
585921346799964160
585909617361682432
585899124966305792
585893360935636992
585889494303281152
585885948212191232
585878938351579136
585876709179691009
585873775876386816
585871325454958592
585867812654034944
585859188993040384
585853486429941761
585834451566891008
585829973069398016
585820164488200193
585811808440594432
585804512599748608
585800637352251393
585178308909867008
585115282919792640
584871105556512768
583384568461307904
583334537754619904
583314594065571840
582645667790639104
581524136826167296
581267706357420032
581176380077056000
580867095027720194
580859618823270400
580837735679684609
580823856266375168
580093284065800192
578965534747672576
578273296996675584
577878780779196417
576490792555950080
575812174234308609
575772181038129152
575727540729327616
573302201449259008
573287122880241665
572884242612420608
572520567909138432
571365251716743168
570901600849387520
569724626542178304
569723363364605954
569700180540436481
569678481728118785
569617715327074304
568884363540058112
568612236190593025
568548085569167360
568172260059713537
568116307536670720
567871307116724224
567387452134793216
566777802817429504
566764389240291328
566756132736102400
566750022633398272
566743362821029890
566742397577469953
566733561215340544
566725628980785153
566718563386687489
566710311218974720
566696746210701313
566680797856677889
566673339985698819
566661947941482496
566642808161697792
566626101942706176
566624188338016256
566612863394263040
566601534084243456
566432099591131137
566417479698632704
566299056842874880
565992693604446208
565674330596859907
565650238078459904
565302828034686977
565234987671515136
564491393293234177
563830356525068288
563061858023006208
562085148431482881
562075093728522240
562067627804459008
562061060552011777
562057693452464131
562053113293864961
562047442976509952
562042223232315392
562030519387688962
562027076350664704
561693301443534849
561678304017522688
561676406770257920
561673620921921536
561667801912733696
561665207358210048
561660226165022721
561655140512329728
561645477138292737
561639945379790848
561631124968185856
561630057945636864
561599903546499072
561222770869010432
560612498148433921
559807696711348225
558703663321866240
557998079664615425
553285030743515137
552294916848484352
551442188442165248
550707039207297026
550368279647121408
548901296401428481
548164608016388096
547814324715008000
546696855979962369
546021567709200385
545269373330411520
545268387002085377
544170210014396416
543858831487299585
543153345100140544
542418539353620481
541395294135410688
541347741654188032
540558282092331008
539966940895133696
539965595345625088
539932572361302018
539099076734640128
538409873953009664
538149358517358592
538059580581101568
538022161571540992
538005949793853440
538004288010588160
538000338310017024
537999591438684161
537990312283492352
537988547311972352
537987829263912960
537983062454177792
537976088991764480
537969455066652673
537966486589939712
537965850678927360
537958015224123393
537939561217679361
537925859248594944
537785372906754049
537728316967354369
537671713023361024
537652133516955649
537638918770802688
537637608038203393
537634802929655809
537633160670879744
537622804296790016
537608694624550914
537587613507407872
536942123342258176
536365902631944192
536361885000413184
535863647331823616
535585107038326785
535491175042408448
535310479430668289
535175121389240320
535137249621708800
535115330037637120
535097737331478528
535096105482981377
535094132947972097
534888600211423232
534883488088862720
534878264406192129
534839730437767168
534834110251139072
534831740162801664
534828403904765953
534767987358576640
534761740009869312
534752932164411392
534745487467765761
534741906190659584
534736583446917121
534724441154932736
534720712351559680
534717967422853120
534716706464096257
534715202101469184
534709132209582081
534707623862358016
534535840223866880
534440291889991681
534419600218152960
534406026154364928
530485938229874688
530404829445640193
530174591096729600
530050490294226944
529345318131752960
