938458931587772417
936342980541087744
936336748191236096
936336280576696320
933754895164784640
933742763853602816
931653781544083456
930120326045765632
929043598296825858
926887021771026432
925844328584380417
925844103195115521
925843863805104128
925843691452841984
925393672962686976
924667372023058433
923942379467431942
912345989549146113
911621210747711489
910254051949867009
897920483164692480
894991388953018368
883102492883537920
851829786599194624
844223794306719745
840745455021518848
840743548488105988
831269714856796160
828785363799912448
828755160612687873
828724958264127488
828694781832392704
828673090502619137
828302193757335552
815603518878846976
815241123278909440
814912921604014080
814911729826033665
814910371383234560
814907963760443392
814878745643188226
814516340677480448
814289846013308932
814153972348923904
813927465655496704
813791569719365632
813066802301284354
812704399134900224
812342036305059840
811979633948172288
811617251333840896
811254638758522880
810892468396822529
810530073161781248
810167698105581568
809968502643847170
809966638510567425
809965991321018368
809964354640740352
809962346449932288
809961591672336385
809960450460975104
809958768238854144
809958504765259776
809957045202026496
809956686052130816
809954488752672768
809952532059529216
809952513076117504
809950007818338304
809949692054355968
809947619048964096
809945861396594688
809945354368143361
809943600914173952
809942583258521600
809940420193095680
809939874895851520
809938487361368064
809936176564076544
809935843968352256
809933779963875329
809931628554362882
809930763412107264
809929248672796672
809926982783930375
809926541304090624
809926294259503104
809925025335832576
809923263803625472
809922578815008768
809921444419432449
809919187049136130
809918812820795393
809916159483113472
809915731185954817
809914922196934656
809912762449203202
809911887710343168
809910872890085376
809907986143514624
809907983761211397
809906091836444672
809904651172716545
809903829676388352
809900994029125633
809900866455162881
809900392297463808
809897844815646720
809896187180544001
809895877770887169
809894557731135489
809893055528660997
809891998735933441
809889735342718976
809888790873575424
809887725264535556
809885837383045121
809885232828739584
809883756639256577
809881992703700992
809880489964240896
809879727079038976
809876903058350087
809876276098039808
809874509075517441
809872752886841344
809872120696160257
809870468178120705
809868167652769792
809867588306083840
809865577351286784
809864954157367296
809862812466085888
809861054046097408
809859540384698368
809857786700066816
809857146632421377
809855263377330176
809853496854016000
809852753279324162
809851485869719552
809849979909054465
809848776005419008
809846451828359168
809846205975068673
809843936361644033
809842107305299968
809842045854613506
809840089543143425
809839655428521985
809837014447222784
809834999285514240
809834771866157057
809831856380243968
809830356035706880
809830219561504768
809827679537078272
809827674227179520
809824866149040128
809823613822107652
809823047620366337
809820803269267456
809820087125475329
809818011456720900
809817645444907008
809815244289798148
809814352861794304
809812730077134848
809810593632940036
809810461873074177
809808202447650820
809807961719771139
809805810834489344
809805318779596800
809804936276021249
809804677223219200
809801658058342400
809800781192949760
809799388314947590
809797505319927808
809796507130101760
809794862639906816
809792908001968128
809791589262495744
809788694920040448
809788326580514816
809786052936421376
809784292608016385
809784109253922816
809781783441117184
809780315141144576
809779512321961985
809776636270940161
809776579236818944
809774477009678336
809773604502171648
809771584344952832
809769254660739076
809768686651318272
809766492736802816
809764724019777536
809764548379078657
809762675030892544
809761648458207232
809761390324043776
809606244042416129
809604088790974464
809603598191620096
809600956291760128
809600841283944452
809598192266473472
809598066760253441
809596050076008448
809594547856670720
809593844090204160
809592335923298304
809590265828769792
809589384437760000
809588260976652289
809586679271067648
809586116915593216
809584135891095552
809582468995153920
809582269493084160
809580627410489344
809578688027226114
809577842996547584
809575289294618624
809575110059364352
809573399328604160
809572707104866308
809570634804187136
809569794328502273
809568370337181696
809566159506984960
809565860545359872
809563899989200898
809562466925604864
809562077157265408
809559323236040704
809557958866649089
809557544293322752
809556012118265857
809553645633159168
809553233266036736
809551440301748228
809551438376554496
809548739442593792
809548368519237632
809547326616465408
809545471660326912
809545470339072000
809543367742947328
809541569040777217
809541248898007046
809538922917281793
809537672557559812
809536031498366976
809533768654524417
809533443034017796
809531119980990465
809530374120439808
809529419635298304
809526918169108484
809526157062373376
809524580872232960
809522067007737856
809521687423254528
809520357250134016
809518599216005120
809517536689668098
809515578474057728
809513053700161536
809513048742490112
809510990278774785
809510068421087233
809508605598769154
809506461281906688
809505833239400449
809504539275644929
809502188921909248
809502181841891328
809500229233942528
809498911677313024
809498408604106752
809496395195490304
809495898539651074
809494005335654400
809491363872079873
809491283777613824
809489248122499072
809487412841906176
809487340355854336
809484873106948096
809483877634940928
809483179962880000
809480850760957952
809479163828641792
809477970553348096
809476014065745924
809475252799598592
809473241244897280
809472120333987840
809470530688610305
809468841915011072
809468457729327104
809466449555243008
809465889972174849
809464689461776384
809462926054752256
809462735624896512
809460785361682434
809459571127369728
809458644203032576
809456503023431680
809456010406621184
809454619663433729
809453165066276864
809451736142376960
809450972414115840
809449591896731649
809448959907340289
809448325229543424
809447127822823425
809446302551404544
809445814313558018
809445182768816129
809442549546921984
809442537995993088
809441279646060544
809438007212249089
809437847803613184
809435616077344768
809435256243752963
809433125428363264
809431024484708353
809430716249493504
809429223383375872
809426582163062784
809425935128731648
809424169364520960
809423133870583809
809421828489936898
809419947369779200
809418614633861122
809417177443028992
809414414101266432
809413857764577281
809411711669338112
809410084954640384
809409699976278016
809408120560685056
809406771152424960
809406112185335808
809404812102090752
809402660331864065
809402082092580865
809399823912861696
809399000411631618
809244664339501057
809242977948356611
809242297162485760
809240266200797188
809239590443827200
809238358585200641
809236931116756992
809235691016245262
809235172843540484
809233422107496456
809233413668478976
809231958769356804
809231398221598722
809229640598507524
809229383781273601
809227873496211456
809226938929872896
809225103951167490
809223738696880129
809222969696407556
809221203617607680
809220953712553984
809218816819531776
809217758558883840
809216551987662848
809214322123689984
809214160882008064
809212564865503233
809210635175268352
809210138011779072
809207993988423680
809205976918347776
809205041508839424
809203967427301377
809201942857744385
809200912636006404
809200457650466816
809198185642082304
809197949385314306
809196476660404224
809194738238812160
809193524071567364
809191509262270464
809188926544084992
809186988205162496
809186349353988096
809184786917060608
809184480615403520
809183331841613824
809181550206189571
809180313264029696
809177167687024641
809176796960882689
809174332610068480
809174025566093312
809172154352803840
809170243138551812
809169369330810884
809168427625615360
809166727825211392
809165214704926727
809162872173527040
809161940517928961
809160211906883585
809158480506552320
809156909555130368
809154700650156032
809154657012613125
809152689368080384
809150174199238656
809149867176132608
809147848642228224
809147156586262529
809145388166942721
809142821550690306
809142438887620612
809142059646992384
809139538748706816
809138288883810305
809137585184534528
809136145208643585
809134319931453444
809133055042605056
809132005468282881
809130037832249344
809127718113701888
809127713978155010
809124693458427904
809124255002673152
809122661750214656
809120984729001985
809120667740344321
809119536943341569
809118865842196484
809117651918290944
809115133515624452
809113999862329344
809112743462764544
809110274108231680
809110221343825921
809108928839688192
809107079256539136
809107055927853056
809104437935566849
809104437184757760
809101541735038977
809100165114200064
809099526963363841
809096764590530560
809096510675750915
809093489271205888
809092000217780225
809091365481156608
809089065832222720
809088709685551104
809087586274836480
809086751901892609
809083236148097024
809083228707586048
809080655242002432
809080404103806976
809077446263848960
809075784933666818
809075749663756288
809073230577336321
809071602193334272
809071140488486913
809068473905254400
809066888051441664
809066812113616896
809065075659120640
809062786882043904
809062249449005056
809060270626799616
809058388575457280
809057126706450432
809055173377163264
809055045933297664
809053281523793921
809051265812615168
809050664370393093
809049826889527298
809048244030472192
809047197421600773
809045926593593344
809044417789173765
809043750198661120
809042650074587137
809040518235717632
809040196029255680
809038752974798848
809036738677063680
809036622452916224
808883101631975425
808882348418891776
808882347034681345
808881385138221057
808880667933179904
808880092319543296
808879076681388034
808878067540234240
808877643537989632
808877062631071744
808876311737499652
808875809373044736
808874390549131264
808873667983798274
808873033838592002
808871778953072641
808871535234711556
808870516140470273
808869636389347328
808869615761846272
808868064951435264
808867251130691584
808867247464841216
808866241872011264
808865727193169920
808865415585820676
808864729334681600
808863853706670081
808863793212260352
808862718761566210
808861723314757633
808861460478697472
808860298140590081
808859704134946816
808859696652255232
808858943330119680
808857943793958912
808857810171793408
808856931066580993
808856680012382208
808855919845142528
808855238715314176
808854918220152833
808853977366462464
808853970923950081
808852560320696321
808852524128227328
808852475730132992
808851142717358080
808850192074240001
808849693052731394
808848751536336896
808848374346682368
808847691010756609
808846613871525888
808846369842667520
808845105096511489
808844475225296896
808843845815455744
808842947764559873
808842897630105601
808842398570807296
808841413488214016
808841336413626368
808840193000304641
808839626706325505
808839063449038848
808837867942330372
808837437678043136
808837418967269376
808836544475828224
808835919709138945
808835095901650944
808835042134859776
808834029705461760
808834027901906944
808832769338081280
808832018519879680
808831826546593793
808830518422896641
808830252155867136
808829250727976961
808828558508429312
808827839822888961
808827240624623616
808826792547119104
808825782273458176
808825727240044544
808825225894916099
808825114519359488
808824213595389952
808823575276875776
808823119335096321
808822418936578049
808821704084570112
808821448156581890
808820565284888577
808819682857910274
808819306557505537
808818429973172224
808818236582227968
808817292717027328
808817176325083137
808815969460244481
808815721824288773
808814902609645568
808813772555124736
808813523296022528
808812768593936384
808811799541927936
808811634848395264
808810434446950401
808809875073548288
808809615576141824
808808501124493313
808808038509531136
808807229109501952
808806665189371904
808806660961632260
808805165146996736
808805126400081920
808804384020824064
808803584028639232
808803073091047428
808802064990146560
808801393742139394
808801081882972160
808800113095311360
808799305318494208
808799046911557632
808797596038918148
808797575503630337
808796415266799616
808796201894248448
808795480155160576
808794520146083840
808794475300528128
808793388623560704
808793006635622405
808792256694128645
808791557860106241
808790957130977280
808790113706708992
808789241924829184
808788856694833152
808787722349506560
808787647212777472
808786274735783936
808785523779272705
808785330983800832
808784074789847041
808783507384311812
808783447712034817
808782501086957568
808781810817712128
808733451448815616
808514930697588736
808514321105952768
808510900084871168
808509706201366528
808506929375019009
808505792336973824
808503348596998145
808502221818232836
808499754669842432
808498827594440704
808496052106067968
808495107586555904
808492526554533888
808492220219355136
808491633486376960
808488751051800577
808487749422612480
808485103873773568
808483008265224193
808481512169635840
808478813608968192
808477894439763972
808475672498814976
808474405059854336
808471650442366976
808470658745270273
808468935351959552
808466855996301312
808465101049229312
808463214380023809
808461962837426176
808459755001966592
808459455256023040
808456166653231104
808454289442144256
808452519613624320
808451528608665600
808448618902470656
808446612456534017
808446359997124608
808444971426652163
808443843486089217
808441457908580352
808439815150727170
808437926480773121
808436541861330944
808434277327269889
808433419373998081
808430373290070016
808428174363213824
808426901895335936
808424467709968384
808423330080555008
808419828654436353
808419675625361409
808417671310090241
808416156096860160
808414401866960897
808412500521795584
808410879712788481
808408854161715201
808407637150797825
808404953668681729
808403962667868160
808401309409886208
808399048218701825
808397911079976961
808394768535392257
808394131898859520
808390862682132481
808390484754370561
808387850551128064
808386709142409216
808383568275800067
808383315560566785
808380050156482560
808379665945653248
808375763372109825
808375519750266880
808373000982642689
808372242329518080
808368979786010624
808368736650543104
808364942143455232
808364699695906816
808361317149143040
808361309725192192
808357898074157056
808357274213371904
808356767834902529
808353993034440704
808353495858311169
808350347542536192
808350219205218307
808346708065271809
808346705175478272
808343171730001925
808342300199895040
808339784024342528
808339400178487296
808336005472354304
808334763689934848
808332229227282432
808330221363589120
808328575896211456
808325060452827136
808324931616460801
808322040667242497
808321278033567744
808317637818191874
808317630373314565
808314105060880388
808312728871960576
808310492297068544
808151979512000513
808151300932247556
808148971063541760
808148389200363520
808145624587767808
808144740621385728
808141725365575681
808141217380896768
808138707970703360
808137570307702789
808134804193628160
808134168446111744
808130651425738752
808130397238390785
808129264834859008
808126891752390656
808126467183874049
808123480092934144
808123347909431296
808120841796022277
808119828087238656
808116562133651460
808116347653734401
808112678682107908
808112656779542530
808109139721416704
808109135522832384
808105994769301508
808105485123616768
808101959244906496
808100712827777024
808098940692426753
808098312708587520
808094952932655109
808094537885290497
808091139358203904
808090525068828676
808087625764507648
808085988589391876
808084221784915969
808081960220430336
808080440812781568
808078094632370176
808076805991235585
808074028338577408
808073146863644672
808069745295654913
808069497106104322
808066100646866945
808065471874482176
808062450042073090
808061826466463748
808059178136768512
808056540041187328
808055279871021057
808052387046899716
808051642025254913
808048106382233603
808047263088070657
808044839636008960
808044459002830849
808044132841050112
808042449889267712
808040933832921088
808039173592596484
808037533913403393
808034898967674880
808034013013299201
808032132073488390
808030366258884608
808028732044808192
808026590504427521
808025207776641024
808023314102882304
808021560208588804
808019415203778560
808017914616041472
808015892365901824
808014010490687488
808012371893612545
808009879889833984
808008721666371584
808007467850432513
808005280411910145
808003689638219776
808001673419517952
807999920066203650
807998150707445760
807996899462615041
807994373262675968
807993626223607809
807991102779310080
807989479764004864
807987331923869696
807986078154194947
807983807647404039
807982929146183682
807980160116985856
807978019704946693
807976646733139968
807973244619919360
807973050746540032
807970224007999488
807969461743603712
807966702571057156
807965971017297920
807962168754892800
807962165089017856
807959522992132096
807958767711227904
807955118217953280
807955000815222785
807951851396145152
807951596164366337
807948833128845312
807948073787883520
807789778745905152
807789027483062272
807786382638903296
807785881155305473
807782572940034048
807782570968711170
807779214967631872
807778959161262088
807775820068556800
807775273794043904
807773059616739330
807771793318678528
807769397855195138
807768133553573888
807766007976697856
807764535960621056
807762361193000960
807760964078764032
807759079410192385
807757578470125568
807756199168983040
807753790074056704
807753170692767748
807750268494512129
807749518737477632
807746745425948674
807746496728809473
807743440909926400
807742969856098305
807739589121232896
807739586461990912
807735922359996416
807734302901489664
807732402122588161
807731271912853504
807728751144538112
807726159748329472
807725227815895040
807722089067282432
807721578461102083
807720954965139458
807718055149268992
807716425012039682
807714532625973252
807713150443421696
807710879500402696
807710061690814464
807707491631042562
807707486212001793
807704090658689024
807703709610287104
807701198484676613
807700441060536320
807697424131170304
807696411148124162
807693022834098176
807693013522776064
807690007192502272
807689364952248320
807686490801238016
807685971747684353
807682209125715968
807681568982663168
807678757087678464
807678294514606084
807675020407345152
807674272726614017
807671496898383872
807669868929617924
807667976925249536
807665593537150976
807664497133490176
807662103054217216
807660727926460416
807657282817363968
807656541931372544
807653516890308609
807653133635690496
807650231902961664
807649236791754752
807646707156746240
807645290253717504
807642936804573184
807640805469024256
807639413597544449
807637151089356801
807635763449958400
807634011136913409
807631989033627648
807630988528402432
807629853767979008
807628714980810754
807624944863576064
807624943026454528
807621549431853057
807621293516406789
807618904940023808
807617898684542981
807614246322311168
807613749121216512
807610739368333312
807608601103761408
807607074528120832
807605441865850880
807603677200609280
807601940448288771
807600044304203776
807598898294521856
807596253076979712
807595502896291840
807592864712720384
807592104935510016
807589208802136065
807587575976329217
807585683586121728
807429157479186432
807428538068508672
807426644407414785
807426380069736450
807424880442560512
807424372864614400
807422231844425728
807422103179894784
807419961505366016
807419217641410562
807417703816458240
807416483781476352
807415558882914304
807413555595247616
807413295623901184
807411110865489920
807410541761269760
807409016594833408
807408784477982720
807406501618995200
807406253379125248
807404493218279426
807404487694581760
807403112973664256
807402347349549056
807400862083612672
807400104198098944
807398338555420672
807397699666538497
807397197801209856
807395570834882560
807395567328460800
807393697788727296
807393539269230592
807392039612649476
807391408814522369
807389897082474497
807389136885862400
807388010341920768
807386876168597504
807386524035719168
807386519577169920
807386519430369280
807386517727494149
807386517719187456
807386515533950976
807378825667612672
807378318668496896
807376056483282944
807376055506006017
807373787461255172
807373524147044352
807371649301577728
807370768510291968
807369510336548864
807367752805707776
807367044622675970
807366115794046976
807364981469671425
807364358699356160
807362717644361729
807361085095477248
807360638104309760
807358567686799360
807358310068473856
807356186534313984
807355811051741184
807354159280324608
807353903721381888
807351643876560896
807351139318591488
807349623891365891
807348623612768257
807347502332710913
807345886120595460
807345095322243072
807343524198891520
807342954973200386
807341078038843392
807340693882634240
807339577509867521
807338683338788865
807336550220570628
807336289477554177
807334284633800704
807334276492566532
807332830804058113
807331889061236736
807330760571154437
807329747416059905
807328746055331840
807327483783770112
807325729662926849
807325365551120384
807323206281494528
807322953201266688
807320940736606208
807320690210770944
807318806498578432
807318799334670336
807316662773026816
807316415208427520
807314903287599104
807314393226739714
807313394311294977
807312430946729985
807311011787276288
807310243134894080
807308865436053504
807307854256500736
807307038137131008
807305585368698883
807304837402599424
807303449415139328
807302958815866880
807301310181687296
807301064236167168
807268596460109824
807070035734839296
807069654359408640
807067644100771840
807067133079330816
807065881389973504
807063743951753217
807062126468694016
807061850626129920
807060223789858820
807058085562945536
807057320169631744
807056574988636160
807054812995002368
807053429411549184
807052035493347328
807051917138554880
807049853813587968
807048040683081728
807047761271128069
807046509044830208
807044996922802176
807043799918714881
807042981572341760
807040213868544001
807039791346884613
807038075402670080
807036685729067008
807035433842573312
807033294651068416
807032407840931843
807032181889658882
807030423683481600
807028262308376576
807028258407583744
807026634167611392
807026381561405440
807024867497431041
807022601138831360
807021584586305536
807019960711204865
807018193080504320
807017183863783424
807015800754278400
807014060638302208
807013782442672128
807012655370276864
807011163074691074
807010011234861056
807009766895710209
807007877697245184
807005863126925313
807005607064637440
807003534168379393
807002276653101056
807000350750281729
807000006074990592
806998128033406977
806996747679662080
806995100643434497
806994006718709760
806992046582071296
806990780137111552
806989696370954240
806987928987639808
806987511868297216
806986763583520769
806984913555771394
806984719707553792
806982986323415040
806981475048558592
806980886990188545
806978494395600896
806977105783324673
806976203471069184
806974498037755904
806973969547005952
806971460099117056
806969705739194369
806968889695408128
806967298959478785
806965620940087296
806964639426899969
806963644890222592
806963613453795328
806962013301776385
806961253696552960
806959996407869441
806958984078958592
806957626336616450
806955593911177216
806954767314546689
806953792398888960
806951439910182912
806950779311554560
806950184815095808
806948425434599424
806947000533008386
806945493049819136
806945027654033408
806943481742708737
806942892979789824
806942374236721152
806940744380456963
806938607952990208
806938436787666944
806937383518224385
806935930116460544
806934702481403904
806934583057010689
806931899700678657
806930952693944320
806930048792035328
806929214104543232
806926529146003456
806926524570095616
806924421315358720
806922049713213440
806921832515375106
806920863761076224
806919482786648064
806918388136235008
806917712836489216
806916552742281216
806914707269582848
806913442456236032
806913435523043328
806911427416125440
806910581634695168
806909255605489664
806907491560857604
806907017172545536
806906205134196738
806905390420082688
806903719501713409
806902367446765568
806901479676276737
806900191571935233
806898434020151296
806897081122258944
806896577444986880
806895077645750272
806893667130736640
806892546458873858
806891294622646272
806889290848468997
806888772197580800
806887020085780480
806885088478760960
806884986943143936
806882992400531456
806881670649487360
806881473617920000
806879815454388224
806878481904795648
806876943593406464
806875784799461376
806874077868814336
806872665680179200
806871410530545665
806869993967255553
806867773649514496
806867642640400384
806865463582093312
806864961045663744
806863199681282048
806861606118367233
806861196473274368
806708338188812288
806706832500805633
806706118256951296
806704814004596736
806703185930973185
806703048533929984
806701374318714880
806700284676362240
806699412219166720
806696801646637056
806696431885099009
806694500194222080
806692984439930881
806692233168748545
806690545695334400
806689088682229760
806688452137848832
806687681195474944
806685486353940480
806684807057047552
806684180763578368
806682043409174528
806680674468069377
806679519356657666
806679146122379264
806677261671874566
806675868240216065
806675119326302208
806673413863575552
806672600168615936
806672487610204171
806671096695111680
806668831733284864
806668824342892544
806667818678763522
806667196420210697
806665304998821888
806664923342372864
806663756046598146
806661529529630722
806660506085892097
806658888992956416
806656375635984387
806655991160963072
806655555993382912
806655494375047168
806653355753881600
806653115197980672
806651589037592576
806649747369029632
806649004893290498
806647275401383936
806645625433522176
806645284361084928
806643416729812993
806642736451428352
806641771023319042
806640144170237955
806638880132833280
806637716033114112
806636867621896197
806634910765162496
806634600210563072
806633095592022016
806632081048666113
806631405618954240
806629380978044930
806627304122306570
806627057002250240
806625653277806592
806623668965142528
806622516919889921
806621144619110400
806619081310949380
806618303582130176
806616245713981443
806614920481673217
806613717018431497
806611450735329280
806610943153229824
806609688242651136
806606922841550848
806606213064642562
806605064827731968
806602944573566976
806602017623904256
806600119231672321
806598062277791744
806596607366090753
806596601598930945
806595345975308288
806593636771254273
806592952130818243
806592136535744512
806590985111306240
806589306802491392
806589299483414533
806587921369300992
806586043239698432
806586031369781248
806584273977442305
806582640040148996
806581553396641794
806580808458891264
806579042262614021
806577230730133504
806576269320192004
806574713120161796
806573257117880320
806571488761544704
806570937483165696
806569715120406528
806567715016208388
806566954681171971
806566149823533057
806564519606702081
806564515559211016
806562435008200704
806560869358456832
806560614751633408
806558403510304769
806556090083241984
806555424581361664
806553824693518336
806552121214730241
806551427082579968
806549692473602048
806548406223118336
806547026292932608
806544768692002816
806544308455309312
806543813724377090
806542996699226112
806540989762572288
806540106278572033
806539480555470848
806538402309046274
806536491178610688
806534972374994944
806534443066331136
806532645337309184
806531421481402368
806530920106827777
806528735805632512
806527391917031424
806527147351429121
806525642363826180
806524130849857536
806522914283671552
806522864308469760
806520982915743744
806519097760608256
806519094275178496
806517330608001025
806515627116662784
806514304337973249
806514117813161984
806512299112615936
806511354404306944
806510035144765441
806508338376622080
806507513638174721
806506011884453888
806504505147801600
806504114020556801
806502484856422400
806500716152057856
806500341160230912
806345574287032320
806344688513024000
806344502180978688
806342736299380736
806342140787879936
806341487776645120
806339319506014208
806338985874296837
806337459382583296
806335437035945984
806335385831874560
806335375241265154
806333998268055552
806332170096771072
806331193956462592
806331146095169536
806329908486082561
806328648076853248
806327830183288832
806327388917366784
806325694057893892
806324718194323456
806324308779925504
806322550888419328
806322419216633857
806320603795963904
806319593463676929
806319587650404352
806318624172634112
806316943879901185
806316127618027520
806314994765877248
806313988552294400
806313052689858561
806311284790755328
806310667234013188
806309714900451328
806307955381567488
806307443047362561
806306000416415744
806304682620633088
806303732975763460
806303040135434241
806301479158108160
806300143783911424
806299774970396676
806298133764378624
806297888213106688
806297651054379008
806296078970667008
806294982319624192
806294693822742528
806293418632769536
806292411085361156
806291721386598401
806290085503188993
806288191527456768
806287379409633281
806285576584523780
806285054087430144
806283545513750532
806282028782092288
806281624275054592
806280682993553409
806278840267915264
806278510088257536
806276994086408198
806275367174631424
806274871642783744
806273792016285696
806273784340742144
806272815288741888
806270519326736384
806269491940380672
806269196543946752
806267497989152769
806266237793738752
806266168608780289
806264036811829248
806263031097331713
806262457232719872
806260956477222912
806259698173444097
806259389929848832
806258300085997569
806256678891094017
806256358618202112
806255458973581312
806254100824330245
806252337044094976
806251576629329920
806250573544779776
806249547307642880
806248624447520772
806247434963783680
806246352300675072
806246048020758528
806244593738153984
806243271282479105
806242519738646528
806241073865617409
806239999461126144
806239548602621952
806238996670070784
806237542538506241
806237304151048193
806235644192313348
806234628872925184
806233463359737856
806232032334512128
806231251271249922
806230188514246656
806228754854977537
806228458498129920
806226477008224257
806224720425340928
806224708186337285
806223186031476737
806221131682369536
806220936332660736
806219486651154432
806217611033935872
806216843149148164
806215665564741632
806214145658028033
806212943943794689
806212527076110336
806211128426643457
806210553756717057
806208858570063873
806207606327046144
806207081351090176
806206278339100672
806205144618647552
806203257085366272
806203152383021056
806201066597548032
806200491290034176
806198981986488321
806197781589270528
806197219720368128
806196313826201605
806194706740875266
806194646179348480
806192695106539520
806191248910548992
806191023726690308
806189796695691266
806188981801066497
806187967068930048
806186966463160321
806185863285735424
806184762213888001
806183761641635840
806182369225015296
806182044699070465
806181430195671040
806180187872329728
806178968583962625
806178160320638976
806177090253049861
806176579491659781
806175208751112193
806174063861309441
806173765654708224
806172431115288580
806170800520830976
806168496484810752
806167274113695744
806165512967323648
805981559119548416
805980163645329408
805976850317066240
805975755238871040
805974622189613056
805973879789338624
805972631996534784
805971352779968513
805971052128075777
805970053665583105
805968957329043461
805967322322268161
805966190749351942
805965567492575232
805964935561887744
805963928085917696
805962417775767552
805960730067476480
805960408888655872
805959397008637952
805958178596745216
805957505172041728
805956702810021888
805955245364932609
805954873875435520
805953859478814720
805952477208125440
805951340107169792
805950346011037696
805949578956730369
805947820637384704
805945929253744640
805944800604254209
805944630026059776
805943610608852993
805941860585865216
805941787915390976
805940775410429952
805939263321870336
805937499520598016
805936631312162816
805936618385313792
805935359402065920
805934358234365952
805933095081930757
805932598371434496
805931461819953152
805930075350794240
805928766614761473
805927460869115904
805927440090562560
805925975921987584
805924413052960768
805923487605026816
805922225002020865
805921200631382017
805920640641404928
805919632796348418
805918962508857346
805918451428691969
805917116742434816
805915434126049281
805914348476657665
805914288191848448
805913169352912897
805911864253227010
805911836797403136
805910353423073280
805908891171164160
805907830066860032
805907132977713152
805906046338367488
805904157018390528
805903363229499392
805902540936253440
805900821070233600
805899273426599941
805898083347243008
805897499718406144
805896357357744128
805895148240510976
805893964687675393
805893414042615808
805892530982285312
805890770972471296
805889308083257344
805888634629029890
805887999363923974
805886493424308226
805884905087504385
805884045011943424
805883720054013953
805882638087155713
805880903583072257
805880208612016128
805879622072233984
805878238815850496
805877118387232769
805876107488718850
805875596463079424
805873906166927361
805872578342649856
805872574194454528
805871566357667840
805870637088641026
805868934801006592
805868378388910081
805867287022600193
805865906605879296
805864644002873345
805864102757363713
805862883821285376
805862128792010752
805861002545889280
805860795976392704
805859107991408640
805857474465120256
805856470763970561
805855710206631937
805854714512470017
805854204292108290
805852946755977216
805851183965409280
805850177563201536
805849686414397441
805848495085260801
805847162219352065
805846401422884865
805844685965160449
805843711343099904
805842969261699072
805842251620483072
805840782540279808
805839635721158657
805839562236952576
805838435797835777
805836587795972100
805835668563836929
805834786115874816
805834572512555009
805833062659538944
805831810433294336
805830558853058560
805830132594339841
805828281803083776
805827025193861120
805826114807599104
805825605526814720
805824094713376769
805822749893677056
805822747356098562
805819729390747648
805819028388200448
805818975527596032
805818468780085248
805816798339891201
805815947072307201
805815703156748288
805814692128165888
805812678098845696
805811419648233473
805810191065346048
805809418113781760
805808273651892224
805806754592423936
805805218055286784
805804759374594048
805803619413016577
805802115285262336
805802112030560257
805800690098569216
805799341353013248
805797830384373764
805796478887362560
805796324180393984
805795169354350592
805794367751462912
805793047321726976
805792867461591040
805791378399707138
805790372760846338
805789164461576196
805789151249530880
805787637659340800
805786093442441216
805785850349031425
805784493147779073
805782981826772992
805782069754335232
805781223679332352
805780977666691072
805779848002203648
805778390666067968
805776780867018756
805775565299007488
805775220665708548
805619507159040000
805616639165206528
805613669161795584
805613056168525824
805612102576652288
805610842838409217
805609334709358592
805607928711540740
805607680421330944
805607159522295808
805605559043059713
805604404607025152
805603150585544704
805602867767836674
805601130898227200
805599367759560704
805598262925414400
805598017369808896
805597130043887617
805595494663811072
805594236825509888
805594159100923904
805592419546923008
805590816714530816
805589554992451584
805589458959659008
805588193764634624
805586737816895488
805585590490120193
805585183974064128
805583684430610432
805581754518093824
805580779271159808
805580243603980288
805579240880140288
805578102449598464
805577132848058368
805576618383130625
805575234774560773
805573596919828480
805572453774794752
805572088627077120
805570859431854082
805569588817784832
805568063303258112
805567667587469313
805566654709121024
805564893109882880
805564293278220288
805563279003316225
805561649113534465
805560481503125504
805559359199645698
805559004583890944
805558246304083976
805557091461201921
805556634428866562
805555837007785984
805555080908996610
805553715306500096
805552462161649664
805551061520027648
805551049973125120
805549191103709185
805548303060467712
805546269234102272
805546092997804036
805544258765803520
805542499611721728
805542496877035520
805541238774661120
805539522536755201
805538651857895425
805538639199555585
805536856595111940
805535602477297665
805534146546241536
805533086897344514
805532740716109824
805531699949998080
805530322238668800
805528406733553665
805527398594834433
805527045270802436
805525782596644864
805524776496300032
805523632508338176
805523519723491328
805522151583469568
805521002826465280
805519089733144580
805518921583525888
805517586280706048
805515972689936384
805515971200946181
805514500208259072
805514412547313664
805512694686248960
805511292198981632
805510293950439425
805509928253358080
805508545252708352
805507668496490496
805506661255442434
805506031673634816
805505251507896321
805503888803659777
805502761878093825
805502631871442944
805501336221577216
805499640204394496
805498718417993728
805498253341052928
805496591369072640
805495183345405953
805493827742138368
805493823388389378
805492314567221248
805491179336978438
805489419906064384
805489154679246848
805488539173584896
805487532649672706
805486773954629632
805486289264971776
805485916647227396
805484261105135616
805483359057117184
805482858324299781
805481595272577024
805480409039564800
805479329417351168
805478721700380677
805477714694115332
805476208326705152
805475202922663936
805474761199468545
805473940583878656
805472541083111424
805471683935092739
805470922639572992
805469662934876160
805468151261630464
805467010356416516
805466752423514117
805465274015215616
805463481931726848
805462474795454466
805462111837179905
805460455632367616
805458696805449728
805457689597841408
805457193738899458
805456179627511809
805454568138149888
805453658875895809
805453653658271744
805452658328879104
805451401182777344
805450866358710274
805450286114504704
805448883346276352
805447893683412997
805447380292304896
805446616861863936
805445000976797696
805443746183704576
805442845737938944
805442364793819136
805441606539157508
805440093280436229
805438814072303616
805437450092941314
805436810184785920
805436196268736512
805434683806904322
805433175740706816
805432925269491712
805431666252587008
805430555743555584
805428894337814528
805427931707310080
805427153823301633
805425874724159488
805424743734243329
805423112565231616
805422771773829120
805421707599245312
805420947016732672
805419692525555712
805418327971663872
805417431552421888
805416816327663616
805414908150091777
805413145334386689
805412900026335232
805412206728847362
805255761244852224
805253012985888768
805251494152994816
805250587466010624
805249326205337600
805248008476643328
805247960988745728
805247195620507648
805245936817569792
805244603934867456
805243289200951296
805243169315098624
805241946465771520
805240315229638657
805239250241392640
805239243631169536
805237749603246083
805236376576937985
805234981849153537
805234231769235456
805233845759053824
805232520170246145
805231203431358464
805229841217912833
805229836906205184
805228706113449985
805226673159503877
805226097176670208
805225302402170880
805223545655672833
805222034976468992
805221785708953600
805220089150763008
805218507508039680
805217001660628993
805217001333518338
805215601752948736
805214228713967617
805213603674656768
805213592433950720
805211968395210752
805210708216582148
805210321120063488
805209692154855424
805208557943660544
805207061436973056
805206437869785088
805205643514757120
805203912626176000
805203249317998592
805202908228808704
805201397427949568
805200012804325380
805198867146928128
805198382646120449
805196980607680512
805195609670094848
805194104602763264
805194098844008448
805192843463716864
805191975234404353
805191332042047488
805189934353158144
805188675806044160
805188164491022340
805186929293688832
805185658818011136
805185541847257090
805184650725433344
805182887901429760
805182820914237440
805181261199319042
805179885195001856
805179503295217664
805177739909144576
805176604834066432
805176344351043585
805174582290350080
805173584071131136
805173214154522625
805172203683794944
805170761556258816
805168679050743808
805167791804399617
805167286717968385
805166280898703361
805165022909448192
805164673490415616
805163646078877696
805162250759761921
805160487700852737
805160134519431170
805158994595680258
805157721087606784
805155597134008324
805154597681696768
805153945190563840
805152688333844480
805151066107023360
805150289837903872
805149552974172161
805148127955189760
805147551531991041
805146283921047554
805144772407074822
805143519425921025
805142006896926720
805141754446049281
805140749474037760
805139854971506689
805138537943367680
805138537230336001
805137728480378880
805136833952841730
805135574139105281
805134577761189892
805134080803225600
805132808423440384
805130932382531584
805129790978195456
805129421694898176
805128780985626624
805127409557209088
805126013936160768
805125777947758593
805125261813575680
805123382215933954
805121990344507392
805120987050246145
805120370281955328
805119217540296704
805118209942814721
805116978881032192
805115833139757057
805115207248920577
805114196958597120
805113177813958656
805111672608321538
805110296205520900
805110167432036352
805109036299468800
805107892483395584
805106808876630017
805105885047586818
805105420247384064
805104373630169088
805102934925180928
805101863192428545
805101742740402176
805100228672180225
805099085455888384
805097464785158144
805096209459408896
805095699167711236
805094278015746049
805094052148498432
805093050473181184
805092942994149376
805091438409248769
805090287248928769
805090029743865856
805088653835902976
805086894145105920
805086893054500866
805085751532810242
805084822918098944
805083892072009728
805083369331625984
805081611024957440
805081475540537344
805080351278243840
805078829131829249
805077696107704320
805076836279611392
805076069858635777
805074422608592897
805073416504086528
805071677856088064
805071544280055808
805070919471341568
805070129960812544
805068877562609665
805067803552256000
805066378420043776
805066300397600768
805064743006470144
805063609504120832
805062847420100608
805062174875983876
805060553664237568
805059915601575937
805059325337149440
805057948808581121
805056667381547009
805055437649432577
805054544845611008
805053538070122496
805052281523699712
805050521543475200
805049143588700160
804888704137527296
804887450380304384
804886703769001984
804885459562283008
804884940605288448
804884050636849152
804882890001629188
804881411375333376
804880925855191040
804879897508380672
804878580970901504
804877433535156224
804876257997504512
804875871765065729
804874362985836544
804872855712395265
804872731183423489
804872237014773760
804870081662615552
804868697055723520
804868242921635840
804867191950688257
804866059220221952
804864462369026048
804863923933560832
804862951924572160
804861152912097280
804859642014760965
804858893889404928
804858002918506496
804857126439026688
804856184142446593
804855491969093632
804854986647752704
804854106309488640
804852879727230976
804851212193529856
804850960359182337
804850204457529348
804848993478082560
804847747383836676
804847064358252544
804846447464214529
804845042036772864
804843155686354944
804843118738731008
804842022205083649
804840672457031680
804839697029726208
804839690725683200
804838580937981956
804837496093835264
804837041749901312
804835610599059462
804835318461591553
804833824005832704
804832590008111105
804831122953793538
804831087973335040
804829438642966529
804827682097811456
804826758843432960
804826252196610049
804824911260844032
804824665512443905
804823654878117888
804822004436176897
804820537973342208
804819478945075202
804819126103511040
804818115473342465
804817189115195392
804815348516134912
804814486154735616
804813419924881408
804811448346148864
804810821264113664
804809812957663232
804808427482599425
804807047640481793
804806877800448000
804805914029150208
804804104480497664
804803603990986752
804802566806761472
804801380896620545
804800225755955200
804799750860054528
804799072708214789
804797232788729860
804795974103109632
804795724235964419
804794713400365060
804793454513491968
804792319232905218
804791778142515200
804790808889163789
804789279096532992
804788721002364928
804787918401376256
804786826234003456
804785482420862976
804784394301042694
804783895795433473
804782967696592896
804781206286061568
804780580667871232
804779800200183808
804778186466848768
804776846684549120
804776067223396352
804775690751066112
804774206349148161
804772824795717632
804772695879680000
804771946613313536
804771809979756544
804770688829685761
804770685042167808
804770684186619905
804770682873741312
804770682533986306
804770681997160448
804770681225416704
804770680990535680
804762585958649856
804761164072808448
804760069623738369
804759114765258752
804758728759242753
804757510787895296
804756480595492864
804756092085538816
804754784179941376
804752686440738816
804752527547920384
804751198448455680
804749495946936320
804749172289269760
804748241027866628
804747015271972865
804746895142830080
804745636822257664
804744379013484545
804742869365956612
804742373951623168
804741698828042240
804740301902512128
804739098208571392
804737963485696000
804737926475161602
804736707732107264
804735453421248512
804734899399884800
804733895858159617
804732887337680896
804731796906766336
804731267765960705
804730039635996672
804728356763795456
804727778667089925
804726511857238016
804725917314584576
804724251475451908
804723311829807104
804722574961811456
804721562721144832
804720726557261825
804719590773293056
804719574679777280
804718462144839680
804717222010699776
804715530749886464
804715524533919744
804714281107423232
804712736001236992
804711750071357440
804710916570939392
804710856340729856
804708896451547136
804708649671204864
804705883309674496
804705475199647744
804704202123595777
804702633298690049
804701753472143361
804701182174330880
804699835337162752
804698326608265216
804696820450521088
804695431779323905
804694555270463488
804694309958254592
804693671547404288
804692285896228864
804691026900357122
804690581465206784
804689817095249920
804688765167996928
804686846127173633
804686586809982977
804527288297652224
804526677632098305
804526178316984321
804525783796645893
804525530980687873
804524770184269824
804524290532052992
804523770966851584
804523769079402497
804523157772234752
804522654753521664
804521757319249920
804521163607199744
804520639574999040
804520141765611520
804520134568251392
804519380755382272
804518988063604737
804518372486615040
804518150599491584
804517981531361280
804517367938162688
804517023803994113
804516969034764288
804516215356084224
804515459513065472
804515212196007936
804514857684963328
804514350966984704
804513702917668865
804513134480359425
804512845274771458
804512441757560832
804511814511894528
804510953727467521
804510477841735680
804510328037982210
804509819709362177
804509358814019584
804508563968245760
804508421244461060
804508097498804225
804507410954121216
804506423178760193
804506041497030657
804505547445768193
804505394253008896
804504640826048512
804504136972664832
804503381549191168
804502908419133440
804502879641935872
804502300710596608
804502061157150720
804501551238836224
804501126242562048
804501115719057410
804500364670205952
804499862876196864
804499251145412608
804499246573559808
804498496774696964
804497993378516992
804497519480864770
804497276039270400
804496584968912896
804496083384758272
804495336190394373
804495229046943744
804494578325843968
804494077202989057
804493460027871233
804493383293173764
804492815661170688
804492060770390016
804491566412873728
804491558087258112
804491052640047104
804490318439677952
804490214727098368
804489796571762688
804489041248915464
804488677061787648
804488427827761157
804487780667625472
804487560378650624
804487523871420420
804486667788840960
804486422522691584
804486122508288000
804485536975032321
804484923096788992
804484511836803072
804484148610088961
804483648699371520
804483391932551173
804482640464281600
804481885586030592
804481760872505346
804481275209928706
804480627827474433
804479984358264832
804479978662404098
804479475098546176
804478866098098177
804478472043298816
804477722059821056
804477716967919616
804477104955998211
804476222776426496
804475949609844736
804475548210757632
804475539687952384
804474693730189312
804473941901328389
804473835047256064
804473433283264513
804473296456732672
804472429364002816
804472201319686144
804471916270669825
804471565467451392
804470918286282758
804470065542426624
804470054104526848
804469552268636162
804469304951508996
804468907331452929
804468292459098112
804467792565116932
804467547345211392
804467287784914944
804466786766909440
804466146628042752
804466138239434752
804465479586840576
804464882351476740
804464399809474561
804464392628826112
804463641982627840
804463120894803968
804462617511284736
804462260471136256
804461858375815168
804461046085877764
804460492240654337
804459998415876096
804459863648718848
804459095533174784
804458227438067715
804457601702436864
804457404360458240
804457122108936192
804456320959127552
804455465837019136
804455464092233728
804454814084165638
804454204714663936
804454128525176833
804453698449670144
804453053558620160
804452384470659072
804451545643384832
804451300582850560
804451087646420992
804450538184179713
804449922410016768
804449464983449600
804449168085368832
804448667281321984
804447808048787456
804447541588795392
804447154198745091
804446653298147329
804446278042128384
804446002933624832
804445618362060801
804444893997400064
804444893607247872
804444008835649537
804443486254669824
804442879515103233
804442127300251648
804442120169947136
804441728799358976
804441367380377601
804440719603732480
804440365541498880
804439859171561472
804439356052303872
804438470596952065
804437467952795648
804435583225438208
804433827259150336
804431809694011393
804429163184656384
804427391716233216
804426022577991682
804424149947056128
804422361273561088
804419655431585794
804155739975647232
804155730932727808
804153098587537408
804153089007747072
804150714440290304
804150275472769024
804148444168384512
804148437113520131
804145923685236738
804144536452743169
804143159957667841
804142991057108992
804142899260702728
804140390563491840
804140383705907204
804137873670815745
804136352086421504
804135356790620165
804133911106297856
804132965886345223
804131700733263872
804130403573465088
804128875819237376
804128057791545344
804127118460387328
804125656716025856
804125421390462977
804123396401459201
804121891325755392
804120875905728516
804118622486536193
804118611791122432
804116975563788289
804116479260131329
804114346943070209
804113829760212993
804111567621079046
804111525417979905
804109001986293762
804108994696646656
804106031622189056
804105910658465792
804104016686891016
804102895830528000
804100869469839360
804100375339012096
804097929774592001
804097919859249159
804095593651965952
804095154865000448
804093328761507840
804092314025152515
804091052730830850
804089880087236608
804088284561506304
804087358262050816
804085337643433984
804085102162694148
804082502180753410
804082072516251653
804079606093533185
804078731174281216
804076535275810816
804075967165714432
804073512239583237
804073071627923456
804070920042270726
804070683517079552
804068155404484608
804067911740641280
804065895148638211
804065263788392448
804064957113528320
804063387068039169
804061935411089408
804061119346339840
804059600215560202
804057597498314753
804056580031451137
804054317879754752
804054061423136768
804052553679900672
804051887129587712
804049532338241536
804048917109280768
804046774453338112
804046764953243648
804044575325224971
804044083765321728
804042306533883904
804040732034088960
804039788483510280
804038596911099904
804037198203023360
804035829735817220
804034179314941954
804033259487297541
804031740478160903
804030794557751297
804028274577965056
804027964413378563
804026199974375424
804024878366130182
804023145044869121
804022856120147968
804020101141905408
804018953504821248
804017401713061888
804017068219760640
804015137627799552
804013797556027392
804011924212121600
804010525218762752
804009528752832512
804008593271980033
804007632159862784
804006508539379713
804005495413542912
804003235317055488
804002547023441920
804000215246209024
803999273067171840
803997453066391553
803996179730206724
803995179170590721
803994293811773441
803992416428720128
803991274990747648
803989467409383424
803989136604561408
803986367915163648
803985870747566080
803983678825263109
803983167707369476
803981593413087233
803980831488413698
803978193053040640
803977886042558464
803975621009403905
803975555469234176
803973104166965248
803972152437440512
803970339038498816
803970268490244096
803968321234280449
803967249379971072
803966561530900486
803964563448299520
803963092975685634
803963085157449728
803794605107986432
803794105058947073
803792838114836482
803792344831197184
803791832266248192
803791168907644928
803790156473991168
803789158519074817
803788645786382336
803787933555761152
803787644484325377
803786549745876993
803786052817342468
803784536752590849
803783876862742528
803782910998413312
803782899367559168
803781610097229824
803781600395853824
803780264631693312
803779835172683781
803778507146924033
803778498078928896
803776607194402816
803776370191069184
803775811874652161
803774607052378112
803773713770512384
803773222445613056
803772204068573184
803771833732448257
803771451463516160
803769953782525952
803769440223498240
803768266103603200
803768008476803072
803766544354463744
803766002718830592
803765241108660224
803764673443151873
803763480499290112
803762898178809856
803762141153071104
803761140400615429
803760128595922944
803758877854470144
803757946127556608
803757942969339904
803756857311399937
803756111396503552
803755345780817920
803754172512423938
803753582969372672
803752586423730176
803752154519388160
803750572637749248
803750390541889537
803749051258851330
803748810623250432
803747048340135936
803747040211574784
803746036091146240
803745779659644928
803744521477505024
803744030895079425
803743766209236992
803742259493670912
803741846597992454
803740249394384896
803740246617767937
803739241096343552
803738577192382464
803737727376224256
803737105486622720
803736719816331264
803735730673643520
803734961001873408
803734469194682368
803733449681080320
803733210840596480
803732189502472196
803731192424136710
803730434030968832
803728927382347777
803728670871420928
803726917526573056
803726907229474820
803725155528740864
803724973349040128
803723467501830145
803723265113870336
803722125894942720
803721881018843136
803721121145221124
803720745293611008
803719231095369729
803718192271081472
803717429515943936
803716845618479104
803715915640668161
803714960509534208
803714914330218497
803713908544512001
803713572039757824
803712568586018816
803712055392014338
803710896354762752
803710549880143872
803709126110871552
803708295248646144
803708116240072704
803707288896815104
803706021554323460
803705777114345472
803704382294544384
803703257994432512
803702494060756992
803701582583963649
803700987022180352
803700617357197314
803699473759215616
803698975794728962
803698092369444865
803697223435362304
803696539000520708
803696335928987648
803695033144791040
803694786263781376
803693522394066945
803693046407647232
803692438422372352
803692180304850944
803691011490709504
803690753838948356
803689155356192768
803688919623606272
803687902433554432
803686978319360000
803685631616569344
803685477199003648
803684379134402564
803683879739658240
803682696069156864
803682621352017921
803680615505727488
803680606152519680
803679098862178304
803677337845899264
803676172680888320
803674572004425728
803672642322448384
803670791288143873
803669158110097409
803444394951135232
803442926760132608
803440275825786880
803438097677611008
803436843677188096
803435231210508288
803432854462099456
803431550612291585
803429794499203072
803427938284793856
803426056669712384
803426047152848896
803423160343363585
803422651549159425
803420228134850561
803419640634478593
803418220937940992
803416862335926276
803416125409214465
803414093952647168
803413966697414656
803411581078016000
803410331607465984
803408309273427972
803406138549092352
803405879731224577
803403532640677888
803402270574608384
803400387424354304
803398583236042752
803397995979014144
803396476806250496
803396119048888320
803394215887650817
803393058008166406
803391946022592516
803390449041997825
803387797486895104
803386670368362496
803385786192265216
803383748180013056
803383391492177922
803380883898114052
803379616303955968
803377609723801601
803377104536698884
803374680044343297
803374226216538112
803372324036681730
803370320535154688
803369553413730305
803366540217372673
803365869967572997
803363510835146753
803363268517654533
803360582992805888
803359370067267584
803357065129365504
803356319050821632
803354075228176385
803351437812101121
803350268356296706
803347656110116865
803347163493371908
803345394205884416
803344743778451457
803342370968399873
803341629675491328
803338943957794816
803338605360021504
803336208390701056
803335430531874816
803332317926268928
803331928254545920
803330056520990720
803328782589394944
803326770376310784
803326620702543878
803323497481117696
803323253284552704
803320490488111106
803320224527347716
803317971598905345
803317209825181698
803314567497547776
803313740003311616
803310539757748224
803310421423824896
803308238536118272
803307147933184000
803305001099689984
803303973218295809
803302613668265984
803301447131680772
803300446798540800
803299593588969472
803297199094398982
803296581436968962
803294808542507008
803293811317280768
803293048700620800
803290133973712896
803289365992476672
803287864234676224
803286349377769472
803284345523961856
803283234939371521
803280054088306688
803278802315018241
803277288750153728
803275942718226432
803274519037112320
803272519155257344
803270746281746436
803269401256423424
803268478949961728
803266385233072128
803266377180151808
803266376341291008
803266376060325888
803266374189613057
803266373266894848
803258581747437568
803258320006119432
803256181829537792
803255310848638976
803252530184589312
803252133382488064
803249522163843072
803245486220185601
803242346427088896
803237944177885184
803082923339431936
803079000046211072
803075994227769344
803075373344890880
803073212401811457
803072694786912256
803070082012180481
803069683402469378
803066910921224193
803066417541160960
803063887499239424
803062889871450116
803061021548101633
803058512657948672
803057623914389504
803055358335975424
803055104853045248
803052568339419136
803051468081209344
803049193682112512
803047695434838018
803047529403203584
803043665853693952
803043652708790273
803041264560209920
803040642515529729
803039376032800768
803037503150297088
803036204572635136
803033847315177472
803033595656933377
803031428204261376
803030173956341761
803029057273298944
803026906887127040
803026294308892672
803024129964134400
803022766710476800
803020510254788616
803020350942494722
803018239269830656
803016991711719424
803014714716471296
803014094148300800
803013200291758080
803011955304833024
803010436727734272
803009691827605504
803008275075727360
803006773607141377
803005905482747904
803004908958023680
803003251092234240
803003238266077184
802999109749600256
802998968657543169
802996594471792641
802995437347241984
802993325414305792
802992828380946432
802990397001728000
802990315971821568
802987131337641984
802987126048649216
802984860449054720
802983535107854336
802981591203115009
802980749909618688
802979229600247808
802977224819294208
802977219274489856
802974300684845056
802974293332283392
802972180317282304
802971939774066688
802969920166330368
802968922781786112
802966023855112193
802965987775627264
802963219623120896
802962878160662532
802960871416856577
802960101283762176
802957938872745988
802957932820238336
802954702165938176
802954693009952768
802951802660462592
802951421725437952
802949290452717568
802949284689756164
802946894313832448
802944858025578500
802944095996022784
802940829027344385
802940727630172161
802938976101429249
802938586526060544
802936323476692992
802935793136398337
802933778998034432
802932778790588416
802931261765517312
802928654254833665
802928645765533698
802925759933267968
802924873798586368
802922705142116352
802922217168310276
802919929682894848
802919585511043075
802918709677477888
802916192675659777
802914911722635264
802912793393557504
802911675649294336
802911536129814528
802909522608226304
802908271988379648
802906595466297344
802905251435126784
802903230430801920
802902224774889473
802900333500530689
802899966570233861
802897944215109632
802897334283751424
802895435241287680
802894265814814720
802891902441943041
802891763518054401
802887887759044608
802884870661963776
802882601115668481
802879432943869952
802876910363475969
802720778932387845
802716612100898816
802713078068576256
802712831447724032
802709812341395456
802709305388625920
802707555269148672
802706686733615104
802704523684880384
802703414056677377
802701260696653824
802700897574907904
802698239824625664
802697981694590976
802695715684229120
802695219468767233
802693198254477312
802691717019369473
802690428998942720
802688675347841024
802687052248739840
802684795805462528
802684643145379840
802683291186958336
802681619643584512
