718836770289221633
605573844741464064
602999889140690944
602652146136264705
602651972190150656
602651747597684736
602651625430253568
602251148385390592
602250870575640576
602250716900536320
602250575300825088
601625579503230976
601625299671916544
601497635724267520
601497386163146752
599809647671783424
599743283510652929
599112981079691265
599112876343697408
599112555533971456
598893565272399873
598210245505093632
598209953506045952
595829774964101122
594717090784804865
593884831303356416
592439872368979968
592438797347880962
542383983607050240
540366428843413504
539615052010381312
537863146892177408
537111972249350144
536419947799662592
536404952219144193
535628442801553408
467282023153823744
467281907600723968
467209275543023616
466875043859791872
466794292800143360
466633383020216320
466398011372109824
466191970353041408
466150603300016128
465782849938141184
459844460486995968
446443992063160322
372758009421627392
372757828902993921
371135614806024192
371134637277335553
370485775776751618
370331781121077248
370314857695813632
370087886445490177
370087854363254784
370020415776620544
369996340610097153
369995473177673728
369995420883091456
369995212291969024
369995121682436096
369990816023867394
369989309790580736
369982248755269633
369980965395128321
369601909117558784
369601884421509120
369601550936600576
369601049566257152
369600631104757760
366730393958887424
362457435337801728
361179022438313985
361082301200871425
358020596380090368
357349678225960961
357300804815839232
357298982797586434
357298310001852416
356876007447339008
356875844540567553
354722283656462338
318459728449658880
303000766661148672
298829423690522624
297604250974969856
296040477881425920
296040367944515585
294929910965870592
294866531794423809
294861695657058304
294861281930911746
291041446176362497
289631081081237504
289480221634199552
289480134141022208
288554391806570496
288201446405578753
288169579581145089
288169490297008128
288168145498279936
288167265633959936
288165686847619072
288165221560889347
288164986746978304
288083606293864449
288082164749328384
288061935709212672
288061629965406209
288060453215666176
288060322990923777
287862833163681792
287862439444361217
287711622934429696
287105101162754048
287104608352993280
286658045440847873
286657626102706178
286657582632951808
286254045008654337
286195376489394176
286063766695735296
286026274042949632
286026197350088704
286023657594171393
285945252664197120
285931239846838272
285922554563141633
285922406634233856
285863800207454208
285850214210883584
285850031725101057
285655362856697856
285655030810411008
285650541638467586
285650108291371008
285292323556962305
285292260210393088
282347575703650305
282006919231705088
281914137947299841
281708737138397184
281656039298973696
281654651814825984
281654307890290688
281653058843328512
281646617898143744
281641497948995586
281640452325789696
281606561061806080
281606430962900992
281280600491560960
281280163101175808
281280045807464448
281279920846540801
281279891306061824
281132566482911233
281132380721385472
277525071713689600
277525020836765696
277524934979375106
277192869872279552
277192856576327681
277192728561995776
277163894408110080
277162857941041152
273682679499747329
269758447959035904
269758268501532673
269758004587536385
268651111307673600
267915709345050624
267915507561291776
267914913043853312
267914580066459649
267914294983815168
259569659890765825
259569338904895488
258080467432124416
258080395210399744
258080316323926017
258059398629441536
257781775948984320
254835921202077696
254835194517942272
254835127929143296
254145465510158336
254144922918215681
254144749097852928
253743592504430592
253730551834501121
253624521507102720
253379027312705536
253236553898405891
253236062804115456
253234377557942272
253234037366349824
253233736693448704
253233557848338432
253087071076495360
253086960879550464
253086424235139072
253086214704476161
253086098627108865
252993535626866688
252993266025365504
252992744274939905
252992588498485248
252988918377627649
252988728971231232
252988708565958656
252913073436893187
252864643951886337
252864155688763392
252863829501935617
252862569268793345
252861927598981121
252861319634636800
252672976963637248
252672774005460992
252672561647865856
252593227780222978
252592730927157248
252591839968911361
252591752446373888
252590531895496704
252583964093607936
252571727689834496
252524942699151360
252524924705579008
252507015472111616
252506887055081473
252253296058834944
252151939251462145
252129145436389376
252129129518993410
252116884202348544
252116684494749696
251988968688721920
251988953190772736
251988931917262848
251988913466511360
251926334631211008
251925720002093056
251925380213112832
251924846286618624
251924708247883777
251924256055775233
251920707116732416
251920619678085121
251920423862800384
251919610096529408
251919404609200128
251919371453218816
251919103114244096
251918406884921344
251918213196169216
251917560369524736
251917201181908992
251917175605051392
251916981119373312
251904126403883008
251903916864856064
251903760983547905
