705529389203632128
704722743296552960
704155335271919616
704154533622972417
704142056453615616
704116634542190593
704006614542462976
697131136997318656
696811680240529408
695466709499691008
695389832361545728
691816734475550725
687647738872201216
686370901336522752
682652470775013377
680070438299549698
678983277525508096
677896112024518656
677223072227655680
677171336935038979
676808953301508097
676446564567633921
676084173275316225
675389884769677312
675359453215137792
674954102871298049
674634621468962816
673978857641279489
673909914142703625
672822701006917632
672127306593267712
671748661227839489
671373138987319296
669923591345930240
669561213492137984
667039821848666112
666307140181606400
666299744491282432
665222881492627456
664574677973504000
664489163736129536
663772693158842372
662675849037115392
662439523851177985
662434308490031105
662408150289551360
662326767147876352
662057074700906496
662026554738872320
661951334837411840
661716759414571010
661705764877266946
661664274738053120
661590026833162240
661234509803708416
660983195479838720
660939533291163650
660637392668332032
660605424035618816
660199710204936192
660127731213058048
659837141523038208
659786110311120897
659488024657444864
659482326900977664
659426457173692416
659125855998771200
659065336587644928
658679608620023808
657587373191114752
657266324402384896
656938019010793472
656862540610318336
656507678638940161
656227013221445632
656143166047940608
655053852010545152
654414677821276160
654331098579738624
654038930715725824
653959135906521088
653676539071070208
653664109221838853
653625944507179008
653623736231309312
653611223771140097
653239598772957184
652542000235810816
652520906938449920
651794367003402240
651435271540506624
651070532448686080
650339552071188481
649977169431654400
649622310421442560
648907693680259072
648588428762726400
648165213884272640
647535230333534208
647450243404066816
646735246495363072
646723206443859969
646005105184141316
644609997058494464
644277450860445699
643824102390767616
642013008428986368
640962756913549313
640917456932892672
640916904756973568
640177605929340928
639928800273297408
639836398942457857
639467959820226560
639106809588875264
638394723204509696
634768793391099904
634485456890167296
633350975684669440
633083276597460992
632342480172650496
632342428389806080
632342124852154368
632288780183953408
632273517585633280
632269242214182912
632264203974283268
632228179726348288
631920513963700224
631535919359602688
631344021554618368
630789714728099841
630576106760900608
629893195199942656
629892956250484736
628795609370132480
627634707677581312
627182504768860160
627164443776978945
626983624303185920
626831012673130496
626821825729662976
626801351092080641
626788745241456640
626510868830793728
626069458667225088
625898530045952000
625898419794526208
625898317277310976
625706232968572928
625337033746022401
625180816742617088
625180508188610560
625180416803123201
625180392643887104
625180355218137088
624974109827399681
624623924278489088
624269825938956288
623971387393204224
623522969415872513
623365694395019264
623365508419620864
623178694538850305
623164862118539264
623164443917074432
622825330403774465
622635475493191680
622635368018382848
622133765792358401
622089863920267264
621911103040139264
621910186492465152
621910072784883712
621909958771105792
621909869205913601
621726035168509953
621335079290146816
621003006213885953
620818556339425280
620818161869303808
620818012086513664
620817815688208384
620817560687149056
620676404204687360
620636904606674944
620281293557731329
620094988349628422
620011494550343680
620011411540828161
619907796545355777
619532347931635713
619201449155649536
618823504352313344
618658892189298688
618500671755522048
618465230192951296
618282791961112577
618282656548020224
618281046614761473
618171186153852928
618121879300149248
618083339635965956
617924396523491328
617924361022930944
617924303665770496
617924137202290688
617924093082365952
617923968939393024
617923924492324864
617923775183482882
617703182798434304
617395851497857024
617354669552046080
617072696191389696
617072577731629056
617072539102150656
617016383683956736
616988581723148290
616836176721219584
616836138053996544
616835897544192000
616835832108834817
616835755021746176
616835666823938049
616835493125185536
616835415819972608
616655244487884800
616473875677884416
616473672753131520
616473582701539328
616473092244680704
616443999331577856
616362741532487680
616326869474906112
616318076741623808
616318019766239232
616295280191746048
616116344908480512
616116267758452737
616116233348362240
616116184652447744
616116111155728386
616115998488268800
615955158405505024
615928348938637312
615742221287960576
615742199850905600
615742071106768896
615742017876836353
615741900356628480
615741869683683328
615665230681669633
615617707338108928
615616913784176640
615616872755560448
615616784897445888
615616628974227456
615616614432575488
615616571122167808
615596214000721920
615563467777515520
615563414820233216
615541907066765312
615541729194708992
615382503889604608
615382351447654400
615382221180895233
615381346874060800
615305488335417348
615305108759277568
615304181230866433
615303579780296704
615303460104187907
615303340402970628
615303287135301632
615303111301672960
615209946817232896
615209819939573761
615195376916676609
615182547136475136
615182362335272961
615181991911096321
615181856963604485
614991772700180480
614971605408612352
614971180160712704
614970904821432320
614915639245869060
614915192439242752
614888922385022976
614888776112812032
614860425230860288
614673471948230656
614673303878283265
614633111863754752
614633042586419200
614632786704465920
614632736720994304
614632539748089858
614548696215212036
614495221271760900
614475888743153664
614415827589206016
614294586794512384
614294522835537920
614294238017159168
614292735558692865
614292508521054208
614292240681209856
614291444971343872
614291401061208064
614291225957437440
614290494009442304
614290290875084800
614290109098164225
614289939182678016
614289724904058882
614289559304601604
614289332313034752
614289267364212736
614289129707212801
614189494946783233
614180776133791744
614161219272839168
614149860044996610
614139658788802561
614129742892146688
614118759272333312
614064611512336384
614063744134418432
614063663100485632
613924279848009728
613923828188622848
613923650211721216
613923586479292416
613923517629796352
613801074194034688
613798833504546816
613797699675099136
613797669836845056
613796298559500288
613795964973895680
613791433858908161
613776169587081217
613768766980145152
613742216939331584
613576791421095936
613575406696857600
613575370256703488
613575344142970885
613575311549050880
613575236718452736
613462388277420032
613457832432828416
613447122772471808
613442452125388800
613406239880380417
613400482216865792
613378762407809024
613212243967127552
613209592600735744
613209454117388288
613209317550919680
613209213536329728
613208829749149697
613208616993079296
613208595715330048
613143096268857344
613142518742396928
613140997262852097
613099678410932224
613086797623652352
613074275843506176
613047414044254208
613047337611493376
613047224440782848
613029629050404864
613029013796208641
613028994254946304
613028944913133568
613028244699414528
613028200969568256
613021339004174337
612979778241499137
612977918428381184
612977880994156544
612977849557889024
612977672700821504
612814061361704960
612802473372200961
612780615755132928
612780137747054592
612780091928522752
612763655122259968
612739449911259136
612730640853676032
612730556111941632
612730475556175872
612729337574350848
612729001107304448
612720609177407488
612717517941837824
612717419572822016
612717325616164864
612717308490821633
612714658181443584
612713724814626816
612712561146904576
612708958860636160
612687198740049920
612671617580138496
612671360486129664
612671283382235136
612671100120494080
612569674828492800
612569179028262912
612569043199864832
612568984194383873
612497501703135232
612486404510121984
612478916054233088
612478910001876992
612478856818077696
612478592321089536
612478346329325568
612478157732483073
612478115302932480
612477999879819264
612477950466764800
612477873610342401
612477774251429888
612477544932098048
612477272075866112
612477130996199424
612476994316406785
612416825406521344
612416769748107264
612416685501345792
612385036432601088
612384967935442945
612384788616384513
612358949724012544
612351692701458432
612351629191286785
612351331425103872
612351248017129473
612336887118729216
612323494760615937
612322039647473665
612321886572298240
612304351130882048
612301092085346304
612298734567690244
612297824475086848
612295126216347648
612295102828916736
612293972430426113
612293755371044864
612293330592923648
612288896081072128
612277029522640896
612276708931039234
612276324464394240
612276184936677376
612275976752402432
612275904698384384
612273775996895232
612131380781125632
612130409283858432
612108779874725889
612107978544562176
612107931543187456
612107787066191872
612107285452582912
612107182738313216
612104406079635456
612104312064311296
612104295865978881
612103746072391680
612103653797683200
612103089357623296
612102933774139392
612102872612782080
612102846180265985
612102732099424256
612102628873388032
612102387646345216
612102266422628352
612055024563150848
612048063767580672
612020174301065216
612018209173192704
612017621194657792
612015853203165184
612009252895326208
612009151200260097
612009035068411904
612008996833112064
612008941376004096
611962357120659456
611958144089128960
611943858809761792
611941459248353280
611927667286384640
611927493365248000
611927288616087553
611898158218543104
611898064928792576
611890918015135744
611890761261453313
611890580482723840
611890528351707136
611890499415203840
611890450568364033
611890385523118080
611890275762343936
611890192287338496
611890170770493445
611889879954276353
611889728778973185
611889687834161153
611780102817320960
611779720951103488
611779023425769472
611778962247651328
611778938763739136
611778904689250304
611778624388141056
611778543555473412
611778411845935104
611747012422164480
611746933892235264
611746745068851200
611746641402441728
611746373306683392
611746015712931840
611745922385514496
611745836981026816
611745804471042048
611745762339192832
611745677161291776
611745563940225024
611745524232794112
611745504687357952
611745478670061568
611715210605236224
611696873670316032
611696590315778048
611696566810877954
611696510607224832
611688504184176640
611688202886348800
611676452820418561
611656533819023360
611648985330114560
611637038752772096
611634360366686209
611623955447713792
611613587094663168
611608632849862656
611603928170393603
611594706527518721
611583573213077504
611549016535347200
611548756392067072
611528429226213376
611527963658489857
611527326812147712
611451394495623168
611451173611008000
611450938251816960
611450279624470528
611450048543506434
611387315676557312
611387305085919232
611378478319964160
611335106226028545
611333839017934850
611321278885142528
611292876442435586
611273644702982144
611259482199339008
611252210102448129
611242875070844928
611217114251177986
611206184394076162
611201694777544704
611171500889018370
611165678997901314
611165218022920194
611126192914104322
611051446352523264
611051243121676288
611050855320563714
611050654753161216
611049747831336960
611049393047736320
611048413048668160
611048283012644864
611048208773419008
611048070038421504
611047858326769665
611047823568535552
611047762944069632
611022703768682496
611022539192532992
611022485874606080
611022254575452160
610986745962872833
610986711364014080
610986687884337153
610986657442058240
610959163879989249
610959047496462337
610955210647859201
610934382455586817
610912788379103232
610912749023985664
610912485076439042
610891833229447168
610870205896617985
610849519891144704
610849288780845056
610849110631936001
610849064381362176
610849017929424896
610848991564009472
610848754665533440
610848658464968704
610848530744213505
610844056973750272
610843603594670080
610829014177939457
610828918518513665
610827858500423680
610816247781961730
610815341266997248
610689352931250176
610689311139180544
610689285067411456
610689206428397568
610688925565190144
610688802927984641
610688743033278464
610688561507995648
610568808093216768
610549614794506241
610522442042249216
610522214945832960
610516364659306496
610508408085594112
610503160566657024
610499280025993217
610492183779504128
610492132567068672
610487082692145152
610453406843469824
610401404499308544
610311981615034370
610311911746310144
610295576794566657
610295497010511874
610269480472612864
610269441683689472
610269403142184960
610269325308489730
610263709680664576
610249770746052608
610174207897399296
610173806515105793
610173580563709952
610173482916130816
610173206456987649
610173014303322112
610172933651066881
610162023679160320
610147018367852544
610146986969313280
610146960557764610
610113597054648320
609823563499986944
609781158465835008
609752568655273986
609611003999813632
609449785364496385
609422395053465600
609390283625664513
609365906804748288
609361876988760064
609361146466840576
609241456239251457
609240919791943680
609240860966793216
609240666367877120
609240636286328833
609240598990577664
609110035830980608
609066894537023488
609057567570944000
609055998565715968
609052602269978624
609051523306274816
609004692325031936
608875602582458369
608875567056748545
608875540909445120
608875438065065985
608875083403132928
608760860366913536
608735383799623680
608726468022169600
608675356732588032
608507646698635264
608507465546670080
608507215146713088
608507018714845184
608421934724952064
608420391250481154
608415045488373762
608412733709492224
608386327227318273
608378096442437632
608344025138110466
608341077079289856
608341048067244032
608299778938519552
608291814924120064
608290954815021056
608180782755020800
608180182973702144
608169479881654272
608169168911745024
608168688374587392
608168598213787649
608168511047757825
608168478021844993
608168401215700993
608121409722646528
608115546995818496
608080585823690752
608079895256694784
608078917463732225
608078556128645121
608078368202833921
608077743335436290
608076075659337728
608075585097625600
608075000289968128
608074715198951424
608074709792518144
608073225696735232
608072914856873985
608072664167514113
608071519927820288
608069193053773824
608068553942515712
608068042715570177
608067985350098944
608067609582387200
608067567308017664
608066792548753411
608066424284823553
608066383277092864
608066355561152514
608066023540047872
608065531950841856
608064817874780160
608064575955714051
608064557442056192
608064544984965120
608064526416756736
608063047853326336
608055767166545921
608051446358134784
608051424132513792
608051237217566721
608048715513888768
608030551216226304
608030486422691840
608015299917455360
608012687998484480
608004333402099712
608004318420025344
608004265655701507
608004162362548224
608004052371144704
608003899333603328
608003490753806336
608003489801764864
608003370603798528
608003193163759616
608002987701567488
608002932101910528
608002881308852224
608002810307735552
608002749607723009
608002656058015744
608002576471060480
608002323042861056
608002287177330689
608002101008961536
608002055031001088
608001929419972608
608001883727273985
608001783357538304
608001756098732032
608001748221829120
608001728944807936
608001614692020224
608001597717671937
608001414745366528
608001394541330433
608001357866352640
608001281106386944
608001216279240704
608001187774787584
608001187502120960
608001129889202176
608001117809602560
608000890910343168
608000722634825728
608000534457425920
608000502408675328
608000423811645440
608000311882452993
608000108534185984
607999975746727936
607999968570273792
607999840967008256
607999643683659777
607999619839033344
607999498724376576
607999462225485824
607999418889936896
607999373167828992
607999358269677569
607999254808756224
607999202136760320
607999128996438018
607999062697082880
607998959143952384
607998955926855681
607998954152656897
607998854147932160
607998597590712320
607998502757531648
607998438794395648
607998400336773120
607998349493465088
607998275254255616
607998178974035968
607998097034117120
607998022383845376
607997998878982144
607997979413217280
607997895086702592
607997827764002816
607997809560649731
607997808352722944
607997804196171776
607997787750305793
607997735728381952
607997687045038080
607997646377086976
607997463639687168
607997428860452864
607997363190263810
607997336397037569
607997318734843904
607997300921614336
607997232923607040
607997007655899137
607996963963805696
607996963582144513
607996895357632512
607996823647612928
607996781566173184
607996699340980225
607996694337220608
607996689803182080
607996632353800192
607996617023553536
607996395086225408
607996357849149440
607996327838883840
607996273224876032
607996040487116800
607996033973391360
607995846408310784
607995844223049728
607995782831050753
607995678346723330
607995625498542081
607995621606162432
607995586474704898
607995469579456513
607995250213150720
607992535974150144
607992521495445504
607990250695057409
607985992633425920
607970392792141824
607744191670554625
607744023499960321
607684182085533697
607683104698859520
607680379336597504
607669027163402240
607655400540807168
607633960139522048
607623110150356993
607611561436266496
607611528993382400
607611431748386816
607585310201937921
607582544251355136
607577797343637505
607431205688975360
607304076469006336
607303432119054338
607303037560889345
607302999602397184
607291876975075328
607290410327638016
607215508450983936
607195104550354944
607193965389963264
607072291403399168
607069082135830528
607053005678985217
607052948636434432
607052888263688192
606965737874452480
606958726096887808
606945404123348992
606899497302638593
606856882565742592
606856848738676736
606854523424931840
606839638276210691
606825159480049665
606814352549675008
606662442144235520
606650683861790722
606650642807988225
606635549026172928
606625638741450753
606625628121538561
606604337813549056
606524961889611778
606499155113078787
606491251425157121
606490863976378370
606222360023162880
606157039237136385
606142091941380096
606133220589989888
606122205181665281
605472070865002496
605448986783182848
605448816762839042
605235462811189249
605235349581742081
605234031647522816
605040945575239680
604779882757758976
604779668261068800
604734515848708096
604678714664706048
604510688933912576
604509948492390403
604509579871789056
604434654850990082
604422226876596224
604367115101962240
604358912591028224
604317301899280384
604297408034418688
604164377957122048
604163380069314560
604059267197329408
603992221134671872
603959392439009281
603957417768976384
603805038113267712
603804790041092097
603804025247506432
603803820494204928
603741637731229696
603739863456722945
603689912701976576
603672689199292416
603627387100798976
603419520418631680
603418852802822145
603418527756853248
603418180476743681
603417244085952512
603417152658505728
603282423711797248
603274382698356736
603265987551502336
603257222328487937
603256905608241152
603253066729525249
603251556616511488
603251505974509568
603251293109387264
602922593952337921
602917815448936448
602915053432614913
602914548153229313
602913534448705536
602912281756704770
602912034284412928
602893032023699456
602506799174930433
602142528830189568
601939171704352768
601938071697772544
601932195343675392
601779455695028224
601438126049890304
601416036039069696
601234605736206336
601233248740450304
601219542749089792
601158093951606784
601078207761108993
601046304152637442
601045909795770368
600895699031490560
600895390309683200
600894658588217344
600796762408767489
600793681327620096
600787224226099200
600783809999581184
600743243010052096
600724522774319104
600667399306682369
600666318619086848
600664851493494784
600664786339135488
600664763362775040
600465931840528384
600464010916401152
600463978205065216
600451066988101632
600382961779892227
600382923242663936
600375929571938304
600375785585659904
600374267767705600
600319518800359424
600305809566797826
600305695230066689
600301556840304641
600295188024532992
600293304656244737
600292865453862912
600292476008566784
600291799727378434
600291228689694722
600291093607882752
600195099952226304
600194905084796928
600194802936717312
600194356222406657
599765512189386752
599765357524492289
599743612755148800
599737656239529986
599624876735893504
599622848483733506
599621389964812288
599588203830480896
599355923988025345
599342514508681216
599278461455204352
599278437648310272
599272107692797952
599257672072843264
599256240145895425
599212684962234369
599107533060476928
599107508343476224
599107379498590208
598993732029943808
598938257649373186
598906655665852416
598862604216324097
598737173332893696
598717173578641408
598638805218762752
598574106989043713
598527899088498688
598381821382930432
598381033193508864
598380919968272384
598380702422343680
598335180735008768
598330800065548288
598324197509607424
598323821402333184
598314953796395008
598302183407230976
598216101231595520
598166513820905473
597997036525359104
597869343221817344
597846440338071552
597843888183750656
597843810266193921
597802995951140864
597802745068826625
597594801354080257
597431189570330625
597068404420268032
596762671493423106
595752130503376896
595355088085889024
595315493944229889
595315403540172800
594991534996459522
594575746523246593
594575736129748992
594575725056774145
594529179481190400
594509635492532224
594196633455308801
593084279204229121
593082990701445120
592949199248887809
592767123279208452
592767043730018304
592508287834140674
592507853765672960
592357534276583424
592166559654645762
591666655274541056
590957285205086208
590957245325651970
590957214837309441
590956182682013696
590922366676389888
590663002908708866
589867175806050305
588659267827150848
588505619964956673
588391445238849536
587409133285937152
586372799310114817
586372661489479680
586371962475126785
586233381333110786
585299266429517826
585281134365245440
585279777507942400
585277158282493953
585274810864799744
585274022968991744
585272681345351680
585271486283284481
585269606840803328
585268735658692608
585265241774129152
585261955083960320
585258914612023296
585250536141627392
584757233902161920
584515080282218496
584514846030368768
584514598025306112
584426579830276096
584426374011625472
584422470695854080
583669477931257856
583427446445252608
583427435586134016
583316024742674433
583135624980385793
582785921524707328
582785717396332545
582393968257683456
582393644507791360
582393427158917120
581976278519017472
581897981831450624
581320248470609920
581096751609851905
580899070903881728
580196636409749504
580193949022695424
580192721350094848
579698639360040960
579104574931234816
579044075598323712
579005275769704449
579003756970266625
578923931907727360
578773421946851328
578717359143153664
578714685307953152
578713822648631297
578670405767942144
578644994526965761
578635872108703745
578634084273901568
578609203167674368
578607386228719616
578384790388236288
578333617841004544
578288804726845440
578269391680245760
577973222613725185
577912467554074624
577866459025580032
577309468926455808
577254178914852864
577248618094063617
577227637552091136
577220121514545152
577218707862130688
576910640289202176
576843977355194368
576809987676082176
576170391376248832
576170237843750912
576169680894763008
576169382306390016
576035148820393985
576034885233561600
576032553548681216
575746238533894145
575743059838656512
575726146286813184
575664736043315201
575664094662950912
575642294906322944
575545657215352833
575543336234323968
575543185478389760
575381749099724801
575365935889969152
575350023535267840
575343955992166400
575334399887065088
575333023517777920
575314483200966656
575307180435333121
575306770710589440
575296799319027714
575280481182187521
575271570052001794
574967217923600384
574631693543305218
574627979721990144
574297357501640704
574253239182327809
573980002179358721
572956265749483520
572814245156413442
570397901903437824
569715733778706432
569715367439790080
569681722733756417
569674099217145857
569649082752307200
568425060173619200
567866177717813248
567851289196888065
567506386687238144
567006723995475970
566860815874027520
566665269309755392
566665255439196161
566652114676379650
566636457670889474
566619775669784576
565577689269301248
562337159630180352
562118558025396224
562087039005233153
562083372323713026
562080434054377473
562078106878353408
562057536472240128
562048885770555392
562039965182226432
562032489204428800
562021211656298496
561995221093732353
561943434588483584
561630060826730497
561597340109139968
561569769518678016
561226406059708416
560931059173314560
555507255907737600
555436877725982720
555414290413273088
555414142639546368
543117612314398721
543117535575420928
543116290999595008
543116010333556736
543043311905157120
542757128490852352
542756937905885184
542756837087391744
542756699824594945
542756428268572673
542756318243594241
542756191051325440
542755859428683776
542755676657696768
542755551403208704
542754914162601984
542754154104377344
542753484622143488
542753145848205312
542752993792122880
542752773612130304
542752691458301952
542752531521101824
542752452701724672
542752023125295105
542751671772655617
542749785057284096
542749536372785152
542749383322644480
542748755263381504
542748597591089153
542748084258611201
542748022078062593
542747908039118848
542747091965968385
542746953029656576
542746764420186112
542746177087619072
542745511803883520
542743196334166016
542743181469556737
542740627255853057
542733110119374849
542727310026485760
542479909017616384
542455791404326912
542444936956624897
542444828621938690
542386309185011712
542386100078002178
542376906440839168
542052697227022336
540914891826008065
540255934757363712
538059753927110657
538044645058412545
538029531332755458
538014417611272195
537999310147690496
537335083389050880
535956821349920769
535916010352549888
535897279807229952
535545809979187201
535529693668048896
535178240361775104
535178161991204864
535176440388784128
535162665036152833
534809583349272577
534795290675400705
534447161455280128
534432320179433473
533329958647517184
533308053508984832
533307330545213440
