670275896016678913
670088426452942848
669331175656165378
665263621555879936
663777659340480512
663517619702534144
662688951665352704
662683117912637440
661973744403935232
661242127368744960
660490196060762112
660190710696546305
659780503252262912
659477181760958464
659410494558748672
659409372607610880
659409114552930304
659137502570110976
659055962561511424
658735568084316160
658443613915906048
658002566341488642
657622960082018304
657363990859927552
656982062910455808
656860083356241921
656506049109884929
656278292304130049
655903724049600514
655548883066449921
655425707573714944
655051853369970688
654734765476589569
654459212836147204
652903489031532544
652544675778162689
652283607642275840
651893547428245504
651800436618321920
651437229881950208
650834470166204416
650711911152140288
650056113488982016
649749016717103104
647463146823639044
646099428391170048
643582526036971522
641734699610689536
630151527324200960
630091163538624512
629677754699550721
629449514529656832
629320071786070017
629084591828025344
628705514159894528
628650339063836672
628354729119080449
628279719461412864
628227910281789440
628043736358912000
627905719262576640
627902469897523200
627637478627741696
627560033304195072
627508251593039873
627502572903923712
627273750287749120
627273476387135489
627258410627543041
627253470593052672
627249228696322048
627236529841135616
627207324139130880
627205237921550337
627201714194493440
626936334335221760
626919840553373696
626919424667328512
626864366734938117
626855631631347712
626851539043381249
626836160304713728
626825937791791104
626820996750643200
626565197646446593
626565178717396992
626545300363190272
626520710677032961
626519880783691776
626517608913891332
626517120822591488
626516488657108992
626514514352058368
626513645204180992
626499818236604416
626484120940625920
626473974159925248
626468732970254336
626218826313662465
626196870902054913
626130670398664706
626130322237861890
626130172710924289
626078428731588610
626058764081233920
625916193501622273
625801836813877248
625780224081416194
625780043638276096
625776670243450880
625763801749557248
625757813604749312
625755822526722048
625745857401360384
625727597322895360
625704482429468673
625703921751687168
625686497295904768
625531214926102529
625515961861414913
625508477516050432
625504641791492096
625478253302706176
625466922382032896
625459334831599616
625451808014630912
625444241301479424
625440499613052929
625436705135439873
625432978299203584
625425412584263686
625417828720594944
625403721107701760
625402749488889856
625395293656383488
625380154454462464
625372521483870208
625368970451783680
625365082793504772
625347889934417920
625155614113554432
625149834878541824
625147683846492160
625123406300577793
625116986746339328
625108320911622144
625093218170880000
625066824066039809
625055487873167360
625048059530092544
625040399934074882
625036721139224576
625035022559346689
625032917048262656
625025282198646784
625018976905486337
625018815265423360
625017705586946048
625011399308218368
625006380345331713
624995425183907840
624992298279960576
624992176456404992
624954083065987072
624802394166050816
624787517104001024
624781598639067136
624780518605787137
624768959980507137
624767624342188032
624766428755812353
624764243687010305
624763325096656896
624756587433885696
624743704562044928
624739029288747009
624728528525750272
624711981140942848
624708189297213440
624707315640315904
624702846865289216
624699769206669312
624690828720521216
624688613561798656
624687965030219776
624687120502890496
624686434591612928
624682127905329152
624679204722880512
624669324465209344
624659056041406464
624658452128866304
624645156352856064
624641844454912000
624640264087339008
624629964701220864
624616866976149504
624614034600431621
624607057908363266
624607029609402368
624602100819857410
624599972617388032
624594967520907265
624579852117479424
624448398943322112
624435910751334401
624428841667162112
624419629042020352
624416931806720000
624412502407819264
624408068189609984
624395088483856384
624391233314557952
624390849657307137
624386239416926208
624384789617995776
624384359869640704
624383575627034624
624380257097748480
624362221838012417
624334692708429824
624318157268779008
624317359063326721
624317334514053120
624317015583383553
624316999884103680
624316790642905091
624316649701683201
624316043691864064
624316011567669249
624315932098215938
624315896916373505
624315810824085504
624315795942699008
624315692376915969
624315404366647297
624313716331249664
624313157666758656
624309934000242688
624309795063881728
624309361871945729
624307654454685697
624303316940394496
624301053115256832
624300631596105728
624300593650249728
624275971420631041
624273075626975233
624265451279757312
624264092526739456
624263800628211712
624242703555915777
624241575128764417
624239888980795392
624239658755469312
624238110008741888
624218184946552833
624217805227847680
624217785598504960
624205310534615045
624201050388434948
624198546149879810
624183446265442305
624063030117036032
624056177052114944
624051804720922624
624047490153603072
624042988365180928
624040879162966016
624040297140322304
624037715625947136
624030296455802880
624000483900784641
623998961569939456
623998588406886400
623992515922804736
623986327961231360
623983984385617920
623982472372486144
623982327933308928
623981915226415104
623980904713588737
623972712684191744
623930962431217664
623923302814236672
623919648212258816
623896161930231808
623895061969813504
623893457111613441
623859929619628032
623700239451422720
623673230566531072
623670784662347776
623660465776893956
623652699398086657
623648941389709312
623648178278137858
623646259572801537
623643558805905409
623641884850786305
623637160483258368
623636331688673280
623633202905772032
623632883270463488
623632194427334656
623631904152158208
623629806773469184
623626674169606144
623620008682221568
623610935148613632
623610525897768960
623597346408890368
623594248420528128
623591518599667712
623586859113820164
623586708873871361
623586658177265664
623571905799270400
623571145892081665
623548298809335808
623548271399583745
623544472127733760
623544300366725120
623534168446668800
623530487466840064
623529700384636928
623529510894333952
623517422125846528
623515961694359552
623338752228732928
623334280731623424
623313669640683520
623312623338000384
623312300087205892
623301424147881984
623299168455389184
623295477627293696
623286307830173696
623284989262626816
623267447689183232
623266905202135040
623257051188211712
623256145713430528
623250502793326593
623242716223160320
623225946653351937
623214967978856448
623214567712272384
623200524364443648
623192877292609536
623184557064323072
623180459233538048
623180123273998336
623172564664201216
623172414780801024
623171042106707968
623167760353267712
623165685687001088
623164848851947520
623164769147564032
623163203678154752
623160997923041280
623159409527517184
623148564257091584
623146012723429376
623144084245315584
623143779432730629
623128162487111680
623124409851727873
623115191123750912
623113834681757696
623112005159944192
623102439911227394
623100091197296645
623020912300822528
622947433140453376
622938598946402304
622925971583315968
622925611527307264
622913578476003328
622906786434027520
622869060745715712
622859158396669952
622855577782226944
622835342756818945
622820748457938944
622807674082607104
622804123709149184
622790923148111872
622785328810627073
622785311601393665
622781646509490176
622594869786116096
622582938996228096
622582095454470144
622567817150226432
622560844186980352
622552018989641728
622547880352452608
622547729315598336
622547005303226368
622546785337147393
622544745546412033
622544255421038593
622543778629324800
622543718826926080
622542691822358528
622542137691762688
622540713125777408
622540597547528192
622539407002722305
622539368553541632
622538613771767808
622538162888310784
622537024042471424
622537014110359553
622536906048278528
622536630407028736
622536304887070720
622534085563432960
622533411379376128
622532545255575552
622532300694130688
622532222596202496
622531827190775808
622531237874282500
622530755239874562
622529807088091136
622528997260292096
622525887741759489
622525837137457153
622522242816053248
622520619783950336
622520258738282496
622518803470004224
622516576659484672
622516152728588288
622513284147605505
622499837007630336
622496111501008896
622484870812438528
622477761047719936
622476678862778369
622474673033318400
622472677727473664
622471222169722880
622458357283033088
622455239376044032
622451209757011969
622450839278391296
622448210582368256
622443495454806016
622437807273955329
622432891746811905
622423163859668992
622423062672076800
622422803581636608
622414003290005505
622410904131350528
622235260722413568
622215210556743681
622172057648762880
622167617638400001
622139939069784065
622134994010423296
622131771673550849
622131231652605952
622127219414974464
622119176958836737
622116907525742592
622113815816196096
622112889067868160
622112526499770368
622105596112715776
622102604005273600
622089694977748993
622079513338384384
622065874120224769
622055237151395840
621869447695855616
621861924779638784
621850569339056128
621841571122515968
621833896401874944
621832848773812224
621831181785378816
621830408317964288
621830217292578817
621829758699962369
621827948488757252
621826695171932161
621826165745934336
621825504664944641
621825324926435328
621825131128553472
621824897497456641
621823293134254080
621821626720464896
621820522758672384
621786479371497472
621784875591274496
621782706813165568
621751273256263680
621751049624358912
621712700171620352
621484510060810240
621475568370843648
621461817789800448
621444511445573633
621433787990175744
621406044883849216
621378577079013376
621348972486000641
621345971285266432
621135211066060800
621130044144943104
621117626731724800
621117421567393793
621110014690787328
621109351588048896
621088867165171712
621013524697866240
620992930644230148
620968537805340672
620711275824181248
620693709772886016
620682170110074880
620680445424898048
620666409140404224
620662826642739200
620633188990193664
620421225811042304
620420924303540224
620394895744745472
620336326466891776
620335284857602048
620300979112521728
619984330442457088
619946565130584064
619919156964495360
619890916849905664
619653639888482304
619571852046827520
619555814827646976
619549215329505280
619537263270064132
619529289210335232
619524369463689217
619523848807907328
619517142887587842
619370855814922245
619303540503097344
619292315840942080
619256122852012032
619253913582108673
619245622231613440
619183964343898112
618923233958563840
618909951990333440
618904395841949696
618903762782978048
618897329358180352
618891136606736384
618883065964658688
618857270911311872
618856596899274752
618856547091939328
618856383681822720
618856302865989632
618856230409359361
618856167490613248
618856025630863360
618855708906397697
618855620788269057
618855534733729792
618855441058107392
618855387798835200
618855226523693056
618855169254682624
618855067492483072
618854925620117504
618854629426728960
618854477077086212
618854252203626496
618854104417333249
618854005272408064
618853899794051072
618853257079848960
618844079657492480
618843988548812801
618833122285584388
618816194750099456
618788186748137472
618650817675919360
618579257644548096
618550163066388480
618527711162728449
618496423483473920
618493031356854273
618468953669652481
618418574521057280
618418465880309760
618181708718940160
618151054971023360
618145823872843776
618143426127618052
618105468217634816
618099353689964544
618087548850573312
617759619729920000
617361016599384064
617356880734633984
617120670204309504
616990856973713408
616746208367742976
616703461082566656
616680616956964864
616675499323064320
616673314426241026
616669014237020160
616643108642516992
616622391251202048
616380058005979136
616372353493131264
616369439882149888
616337291103997952
616336154753773568
616307873639829508
616009684915322880
615960961837481984
615952313195171840
615936082820009984
615632215318265856
615566970063159296
615233274479120384
615201957016276992
614987988766846976
614976996167188480
614547111879639040
614504983099109376
614490493930463232
614192975585738756
614140661974073344
614109560551256065
614104622722998274
614085348893655040
613861021866799104
613860900110348288
613859390320291840
613815086914760704
613784104698417156
613780261218594816
613765196515946496
613729249250283520
613504636931018752
613463550829289472
613418709185531904
613401436425072640
613044511476813824
613023228202631170
613021767951462400
612814474135896069
612742834714619904
612648239007858689
612630854993448960
612413772305559556
612293108273799169
612290218335440896
612066169806192640
612011560274280449
612004624162140160
611943242150481920
611927362360315904
611903147108233216
611701428726312962
611694178360123393
611676722467966976
611667976228487168
611666087470436354
611659679035338752
611649133917573120
611636369710936065
611603003565473793
611600810040954880
611564430476709888
611559243167064064
611555132803715072
611355966055944192
611259494929043456
611239658312241152
611207538290233344
611201051979481088
611179786002526209
610985791100219393
610961606672035840
610936117765009408
610932027970428928
610919781240336385
610888499001204736
610852697269518336
610835083876921344
610831581008105473
610818357290401792
610682224640311296
610682119321300992
610640188511916033
610618791999868928
610608063771312128
610606223893762049
610587834085441537
610524610556112897
610479297891995648
610478280378953728
610463729877016576
610290561833000960
610194711496626176
610194427080871936
610114511232593922
609752160230752258
609739542006923264
609364518444007424
609163425327902720
609157822832594944
609146264307957760
609133282815381504
609124618457067521
609034939892244480
609025530143232000
608771838743707648
608674806649585664
608672275051577344
608438710242164736
608425338146840576
608318290163822592
608314869687779328
608312557493829632
607968606144458753
607953723478786048
607943328013774848
607926958400282624
607707276825096192
607700218935533568
607698659359080448
607679495353475072
607677799109763072
607397046023122944
607311694411358208
607228140826402816
607225973344378880
607218505876828160
607209833427660800
607044551027474432
606978158848438272
606957603596300288
606952472003739648
606900125835739136
606873221770543105
606856052936601600
606638735715766272
606633129294503936
606614444353855489
606600343426732032
606568425150816256
606528960424460288
606525072258568193
606498743496511488
606494290076794880
606494047406981120
606282117060792320
606282043161374720
606270381620490240
606264486224207872
606263849918922752
606185977531400192
606152032257384448
606143096502382592
606142871314403328
606134153717772288
605890875797864450
605890002988318720
605883869179437057
605873392617558016
605859940352192512
605774514492829696
605762575909797888
605752468132102144
605749492306952193
605749449332113408
605743467747143680
605561681394208769
605518326475792384
605469029495533568
605404128945119232
605129279785943040
605063167169806336
604705340513353728
604701395392929792
604439061227397122
604412390344531970
604297282226270208
604122637942456320
603992950578642944
603987571308244992
603946970130972672
603776274385895424
603696800386584576
603600970124242945
603364154510938113
603338343653314560
603238160458338304
602894228012707841
602888100684017664
602643153485606912
602533884157276160
602262774228463617
602161798049976320
602157324841521153
601917519721402369
601871387402182658
601869504298123264
601858221108662272
601856111403139072
601846382622744576
601843376128798720
601843265533423616
601823526350270464
601823465193148416
601810112915714048
601808479217520640
601808249180917760
601779632342310912
601778717929517057
601778102344126464
601776676419149824
601768606913855489
601768491645931520
601767783337066496
601760654777655297
601759743632216064
601630627541037056
601629279722438656
601560851187765248
601544018443382784
601512572479606786
601492827990859777
601462567077220354
601440621669191680
601433278478876672
601416486490492929
601185823724298240
601123773945786368
601105074035658752
601102090870493184
601091617869537280
601083337302671360
601078828765564928
601035412400836609
600845871979171840
600834173289385984
600813623598927872
600782847356481537
600782368870268928
600781639296286721
600774354419388416
600771420562436096
600770468094705665
600770201022369792
600725970866188288
600718209222840320
600717966053879808
600715236853882880
600714956045168640
600714207659720705
600713455927189504
600713182525685761
600712637073227778
600711849785589760
600710927932125185
600710158516408320
600708918218653698
600706605546516480
600706502010142720
600704892559175680
600699608700846081
600696032201080832
600682856034140160
600682678346649603
600682456891543552
600679934231588864
600677365648269315
600535366462930944
600515661631107074
600471672165044224
600454341640605696
600358053993582592
600322499612528642
600062513028333569
600060251560259584
600052706128990208
600039118567968769
600028348715118592
600017942646915072
599967547903979521
599766143398588416
599657102613721088
599650574707990528
599600316749729792
599416212657819648
599375741818548224
599374359375937536
599342128624316416
599326841946509313
599262874066751488
599240360401866752
599013427500093440
598894371363102720
598650736088461312
598577063549739008
598514419899846656
598294211071385600
598292048769232897
598264813265891328
598226629677031424
598217671981699072
598185511866404864
598185451787161600
598183013436887040
598173471286251520
597846674443096064
597779632029478912
597498083186847744
597463910376087552
597446815378583553
597440822494167040
597174252597448704
597100033113133057
596844945186500608
596821643680305152
596795430148550656
596734967910043649
596443617973051392
596437487330971649
596424495100891136
596417832243593217
596387065354289152
596347132379934720
596169383325474816
596167406189314048
596167333028102144
596164697222557697
596105385376755712
596035198787002368
596019480855085056
596016613201022976
596014054965018624
595769234917093380
595768755189379073
595707214205198336
595681382296363009
595654331774476288
595383045789614080
595354436618203136
595290006769381376
595000155650138112
594924990576730114
594727056623079426
594637559365373953
594302160277344256
594283917152096256
593896040102629377
593837506774376448
593468258847698944
593459066581561344
593201196594167808
593158335106420736
592822671563436032
592427599118241792
592363692299132928
591743439416360960
591302393331109889
591293491138977793
591035906628300801
590925904164958208
590679583508267009
590229240332726272
590165125773991937
589479223405842432
588772826049421312
588493842506067968
587374701854334976
586660814565720064
586349931704664065
586305572376457216
585882485298372608
585854996048023552
585318841401516034
585211901719646208
584778395734544384
584484448843988992
583404612503343106
583060206717943808
583048189063786496
582629361125322752
582268738826866690
582025115765882880
581990746883956736
581990626561912832
581990269521801217
581987990890770433
581985857860595712
581985663710584832
581969674939711488
581923838205652992
581867625791225856
581584307002568704
581203909462605824
581140513799061504
580882079061151745
580844966395682816
580778583985037313
580524900022128643
580492296027795456
580412578779762688
580150356124037120
580127494138765313
580064151348760576
580056419681992704
580053506742038528
580053244929392640
580047158100918272
579821348257705984
579782212037423104
579764444097576961
579759160264417280
579749453017399296
579439581797306368
579439247737798656
579439002438094848
579438787396145152
579433110586028032
579390675235401728
579356908139638785
579098465336045568
579089531174944768
579088500852588544
579073599950057472
579023554483613696
579003418091528192
578974935160242176
578957285398966272
578800061791899648
578717049964261376
578694394800267264
578666909362741248
578666000289267712
578637328454844416
578615628476612609
578394993951256576
578394887143342080
578387670721781761
578385227271274496
578380566233374721
578361374075564032
578359341335506945
578346230905843712
578330199835578368
578330166717464576
578317306964504576
578309627600891904
578303600717344768
578278231750488064
578275629902135296
578272981769535488
578271432636903424
578270602491908096
578266472180367360
578256320194682880
578245011436740608
578240088368283648
578225216200962048
578067355277770752
578030326322208768
578028417926475776
578024524609880064
578020469787500544
578016880620912640
578013032640585728
578012413171224576
578012401754243073
578010770681692160
578008866727813121
578005731552669696
578002476290408448
577996786117296128
577994097929105408
577987487257227264
577975210227298305
577924918639128576
577884828441300992
577876533257191424
577874038950785024
577868490800939008
577861855709822976
577831826388992000
577636933804814336
577591171565793280
577570765110845442
577565084865576960
577557962396405760
577555209334886400
577503598113763328
577503428177346560
577499607350968320
577317822482632704
577140577038303232
576573104152940544
576461312034668544
575729224666910720
574398692913848320
573651211741609984
572520665682616320
572105040174833664
571729035165761536
571083182067429376
571047498011185152
569995275684569088
569647951796154370
569190759808806912
568554044962295808
568529835170992128
568131255436337154
566683411595554816
566656639667691520
565927308012167168
565554918497320961
564588951252369408
563837620891811840
563551143662321664
563010613879013376
562296555449757696
562041388842242048
562027819572543489
562018636680790016
561250232156303360
560584444336414721
560579114294607874
560572798956216320
560568348665466882
559779715389456386
558743033336696835
558672149225799680
558377986714787841
557608949055094784
557580425598472193
556844095763521536
556179365373804544
555902422623588353
555515820298625024
554815531983712256
553663526649094146
552940428673028096
552503455752155139
551804218999177216
551088018899992576
550419509308178432
550340111821332480
549698854245769219
548939643576524800
548164416462528513
547803218369970176
547443917742825473
547438373770506240
547178015802019847
546175124211126273
545762437593436160
545310790614392833
545032353970520064
545026175265808385
545006378343886848
545005107926933504
544985550432661504
544952531546558464
544930913910390784
544917991465291776
542509124756316160
542113672924254210
541601545906053120
539941920579919873
539916956225503233
539585811747209216
539200396456361984
538131857226084352
538082354112528384
537646005773008896
537420544543432705
537398498455351296
535563032542183424
534810415587274752
534736083271962624
534037052459712512
534035114657738752
531513928535138304
530878016084140032
530590342093877249
530441976395874304
529747911832510465
529714244132958208
529436448689094657
528324728579051521
528307874548551680
528281940651442177
528237643369177089
528003643845656576
527141776755130368
526864799234146304
526076855753785344
525793579063443456
525372106188791808
524642251515768833
524361231084158977
524264059055509505
522869541697642496
522853292171214848
522506499692572673
522098155697872897
521763695786225664
521710404695646208
520641923208327168
520639189209997312
519920825915281408
519574450946445312
519512572106899458
518180180011921408
518093589977763840
517807394642878464
517792649953042434
516731889000804352
515572873008672768
515557922240081920
515279731667656704
512768933498089472
511582840434085888
510606429208604672
510490787600007168
510218614721748992
509876192061583360
509505820690640897
509400704394350592
509054306532614144
507604635733852160
507569913242738688
507239243995807744
507214857414782976
507197480757252096
506514229646458880
505758432456998912
505046880695230464
504300982365192192
502939000428953600
502584052839616516
502507962930196480
502130661902127105
498979194915651584
498687810291773442
497845668770484225
497779867027800065
497428492532072448
497093099626041344
497060507749064704
494213768281206785
494213112338214912
493596163526770688
493593937869684736
493524424193089536
493521632393060355
493478474074836992
493444522979102720
493425639807275009
493244430842081280
493207910252810240
493192564011311104
493186560511057920
493179768213233664
493178125971247104
493177561443078144
493174452339752961
493123659067035648
493112305039990784
493098080892252162
493093533419438080
493070779269926912
493070289295519746
493063308849995776
492896345909243904
492844387462692864
492821509959081984
492820480944906240
492820363290488832
492812603706466304
492811560369147904
492806937830883328
492796904078454784
492786884007849985
492786646761218048
492776964470497280
492769606210027520
492766431935594496
492759433693241344
492751949242974208
492735891035525120
492729489554538496
492728084580151296
492727851263598593
492717134150004737
492701978141544450
492532180128522241
492502774123204609
492488217669550080
492475409980604416
492469670847344641
492469508938805248
492466061652930560
492463767850999808
492458881629814785
492446897932873728
492437885195657217
492436352773152768
492425970167447552
492424083527577600
492421898068713472
492421848227786752
492404270080094208
492397013690900480
492389859453980672
492377103157829633
492374034399518721
492369991883177984
492361091465228288
492357014081646592
492330796099706880
492323625559527425
492321657973792768
492133942779072512
492119116535185408
492096144261275648
492085733835165696
492077102762848256
492069319698681856
492006756927561728
491715075992866816
491697171184377856
490265015929155584
