799018652632686592
794586685749104640
794227675170684928
793499763819687936
791683870152241152
790951333155057664
790592845006594048
789512259303112704
788793600007995392
788766813182013440
788098301010685952
786990967446351873
785884648475729920
785521820082384896
784434189084954624
783734368120348672
782985802733068288
782631870534000640
781890464303554560
772796496563417089
772434103270449152
772076750381522944
772071756152442880
771771406681903104
771760886172180480
771760874096689152
771026246058676224
764846553714438145
764484169996972032
764121802633121796
763448422590402560
763186210990727168
763179570233171968
762817823005474816
762455825948356609
762351479961247744
762085741803352065
761974560384167936
761709984438628352
761698597322633216
761698550581387264
761698346201325568
761698270632562688
761698206614827009
761698099748143104
761697594808553472
761366006551805952
761263464241246208
761244041832833024
761011926704939008
761011777396088833
761011701189795840
760987122031403008
760906487497494528
760655034652561409
760655022426161152
760655010317209600
760535729990545408
760325348546404352
760325155344162816
760323715972210688
760320638519095296
760250907887931392
759869764999061504
759869579392724993
759868526194597888
759868368211935232
759868114297245696
759867168624300032
759866701408153601
759807059751612416
759801958576246784
759799348569841664
759610424400547840
759609871587082241
759609375287709696
759608231249317888
759608144926420992
759478859909562368
759478853928521728
759478211440812032
759478184240832516
759477791788113920
759477748305793024
759443245013229568
759422567786483713
759422025219788800
759409385177133056
759395901701959680
759395189362270208
759395156151799808
759229291108368385
759196179330588673
759190196181086208
759189152675995648
759188696423731200
759188645794373633
759187126273527808
759184351842009088
759180985749483520
759152116883558400
759152041394524160
759151404866863104
759134972905070592
759106125249728512
759102284559032320
759088442609311744
759088398913015808
759088313982562304
759081638680629249
759081415195570176
759080023894536192
759079706197045248
759079566010830848
759078583880921088
759070102981521408
758823468968185856
758805316788117509
758801577490587648
758799361790717953
758799336016781313
758798890791424001
758798844079374336
758798827050573824
758791558955008000
758791517746008064
758747641693949959
758720964204965889
758710510908944384
758709045213528064
758709014758731776
758490091983560704
758489921581490176
758489704023019520
758474743838146560
758472519217131520
758457997404143616
758446090924482560
758446050973585408
758419881259773952
758415648120725504
758415562892423168
758415466238910464
758415366414487552
758415259736481792
758415061371138053
758415041947324416
758415013526642688
758408114391568385
758408041175801857
758371193686601728
758370998194274304
758362801500852224
758358978598350848
758352544024268800
758352446552801280
758352115269902337
758345583476158464
758339174063673344
758339061471776769
758315883823370241
758139599608647680
758139314840608768
758139094488670209
758138947033636864
758132093842968577
758126255682129921
758126172173545472
758121396325093376
758121380831375360
758059441845436417
758025217214074882
758021047593512960
758020873626333184
758020813937258496
758020784396734464
758020764469596160
758020532658765824
758019193899929600
758018564301344768
758000887172214784
757982855502835712
757776211800039424
757776133173542912
757776028257226752
757775871432196097
757775684412375040
757775448507977728
757775428090155008
757775353901219840
757775241846231040
757718732219252736
757708636483297280
757707438074114048
757707353579855873
757707066475581440
757707005494648832
757688380515684352
757660271032676353
757660260614017024
757655729876545536
757651678954819584
757651619173371904
757640807545380864
757629226631647232
757621675378614272
757621126163931136
757618750258458625
757618651830726657
757618621082247168
757618560587837441
757364830663692288
757338730617188352
757338608864899072
757333202335698944
757302822836637697
757302724937428993
757302702162403328
757302526660059136
757302446674718721
757258422416912384
756944971467337728
756682587825901568
756577376172118016
756552878169350144
756538263398035458
756523061474537472
756344270349414401
756344211088080896
756343950210772992
756343910880808960
756318778565066752
756313902216990720
756312428686684160
756311137801555968
756310934923030528
756303345300545536
756303144619913217
756303112831242240
756292226196525056
756274741229465600
756266449459486720
756266432430608386
756264504011259904
756260459334864896
756260395627589632
756225424774934528
756223685610999808
756223569231683584
756223332777734145
756201757127036928
756188237366829056
756188143670341633
756187703989800960
756185288720867328
755993921520402433
755904269430075392
755899796305555456
755881274137452544
755852868763070464
755819904331231232
755638489815871489
755626779793092609
755626630580666368
755626501605818368
755553275907145729
755544661339406336
755544479554121729
755544201459216384
755544023322927104
755543876086005760
755543695475118080
755530181033336832
755526646677975040
755525961592872960
755521509070741504
755508056465678338
755474028463136768
755470126757982208
755465117383348225
755464984142897152
755464571649785856
755464022137253888
755463747758460928
755463374033432577
755452020849455104
755219554666549248
755204757011116032
755202783830118400
755195279490502656
755180992885776384
755179454767390720
755179332910276608
755139690857058304
755137228544679936
755131423980257280
755098952710524928
754360045987434498
754091790953611266
754091409016172544
754055118027264000
753757115966193664
753745010009321472
753729054109339649
753726511878844416
753642669616697344
753450954767216640
753450737116389376
753450681990680577
753356484709277696
753275780013051904
753275719141122048
753275590640185348
753274493011791872
753274425575743488
753274304498765824
753267494660431872
753265337022283776
753265296304066560
753265198782226432
753265176447586304
753265162677723136
753260130678870016
753259730542309376
753100442289180672
753099872732078084
753099215325294592
753098682187255808
753097994849939457
753097555836297218
753068390244241408
753044910190817280
753044552265658368
753044210815754240
753043660862816256
753043235707162625
753042804906090496
753042064196136960
753041704043810816
753040986322898944
753040781531836421
753039757282795521
753038548786348032
753038364446785536
753038248449114112
753032072499982337
753031331811123200
753023267313770496
753023257532596224
753023200834060289
753021706269229056
753021692398690304
753014853921570816
753012837879021569
753012615346057217
753008439538900993
753008070339522560
753006560490717185
753006538877440000
753001933783310337
752947959134720000
752945984498339840
752934943647420416
752900929624473600
752900895562620928
752900873647370240
752900804009271296
752900791954923520
752819857826078724
752734485322407937
752734388715003905
752700534000201728
752700500215083009
752700388210413568
752700021590503425
752677018454495232
752615065883332608
752609392659357696
752570670953828352
752570037362307072
752569972660924416
752553834304548864
752553796715159552
752551130719150080
752550281854889984
752550015403384832
752549881529507840
752549702814437376
752549514108473345
752535673190567936
752525274244198400
752503694051012608
751888855985381376
751836684015116288
751822047827795968
751808234025996289
751793172473221120
751521042305212417
751513753984700416
751480043730198528
751448006155653120
751242568462065664
751225393030410240
751222907557208065
751221868363866114
751218376119242752
751215625016451073
751214035136180224
751211753061486592
751211179964444672
751207526398439424
751204499474096128
751200395033128960
751149792391106560
751114638943592449
750822441526501376
750791163385229316
750791156443672576
750791059123220480
750790931868028928
750790842080632832
750789745890893824
750768903245078528
750732459734503424
750499919631224832
750410182228709376
750402285432246272
750374188481785856
749999414085709825
749409704284000256
749409651221901312
749355826356195328
749355414991441920
749355201618784256
749355176465534976
749345704775004160
749316337428598785
749316124144128004
749315999778762752
749298556536709120
749286099843899393
749286010232594432
749274437946531840
749247460128591872
749090259904831488
749000511114719232
748957419087077376
748942853812793344
748934493382189057
748676618562867201
748651986426310656
748622397620649985
748597684475310081
748295795510648834
748281485602349056
748281433060343808
748275680643735552
748274526618714112
748274488077213696
748274337715621889
748265488661176321
748265436941164546
748265382197157889
748262229410144257
748259790581702656
748259545420488704
748214476764131328
748184328706760704
747933887293075457
747905673841651712
747901671791988736
747845802215673856
747587592565063680
747580649091923969
747558243262554112
747524062184804352
747509094806806529
747467311250972672
747158886348525568
747158785853030400
747158745717706752
747158528226254848
747157954437099520
747139994842599424
747139979650818048
747139968913412096
747139929054994434
747139911061372928
746925036536160257
746924479658373121
746924279543980032
746924243812646912
746923828966678530
746923801271631873
746923633960882176
746923598674223104
746923575530033152
746923512049213440
746923469850349568
746923380884934656
746902422631518208
746891056755597312
746890970067664896
746890931253567488
746882488325136385
746863560320376833
746855127806468096
746850815365652480
746836250938712064
746802871757201408
746451576219271168
746410692622725124
746151826425262080
746100754113404929
746015835689365505
745768200537669632
745760789626159104
745746468426788864
745738121581473792
745737998726107136
745736988414750721
745704189108453377
745675095591395329
745420213512871936
745381595519950848
745314616742289408
744949595243872257
744590622921654272
744390696564469760
744383026763694080
744373220854267904
744210791260258304
743971768109432832
743971197554069504
743969686920925184
743969615236104192
743944831425097730
743943201891901441
743915999020212224
743914363568848896
743901428767326208
743878286715944960
743873222307766272
743857065660055554
743850731703152640
743840578396291072
743838513733337088
743838502169649152
743836547116523520
743836446541287424
743836346389716995
743836319906861056
743836298461339648
743835685811957760
742873643915476993
742872129931083778
742825238333792256
742497141688393729
742410259579310080
741372240625729537
741340547416133633
741331896840249344
741073555593547776
740738320825602048
740715806758047744
740701729935613952
740681035306803201
740669220900376576
740657251652915200
740642002060988416
740615460438212610
739940639203155968
738556783271108610
738545265540354050
738539927198011392
738527061422149632
738517563252953088
738496937029050368
738485597266796546
738481375167188994
738468881564504064
738142551941644288
737338133881061376
736965059528687617
736306472775094272
736245212184346624
735287332065026049
735220544962854912
735216963580878848
734901695130435584
734901631494426626
733708054231932933
733416064629891074
733410733807964164
733401762233618432
733358458460766208
733356913002434560
733340965839081472
732710238516744192
732692757106434048
732626692456337408
732626256982745089
731986498447253504
731619018365243393
731618876136398848
731617837458956289
730907492780138496
730817699643691008
730817654525546496
730817434504945664
730817403538415618
730794777768124417
730794449840668674
730794222714912768
730572163065909249
730561545566978048
730557412495630336
730531878722109440
730523594896211969
730516946563653632
730508881172910080
730508681037516800
730508634438787073
730508413751283712
730508391135600640
730508364501770241
730507998276149253
730503354011410433
730485909305462784
730485834076426240
730485760286031872
730455215342682113
730450795196342273
730436221898350593
730431291439505408
730427584035487744
631979420601815040
606955870019141633
603703779955990528
603678350956208128
603660408277327872
600338293520076800
599685729682239489
595423018081476608
595369731785240576
592717059420717056
591313561240137728
588869644317892608
588845657126928384
588845281820606464
