718119805706829824
715946434483367936
715234068326010880
714857648210857984
714523186923065344
713088061530185728
712681276365348865
712404906380922880
710514878436352000
710158768000991233
709794078594994176
709416564383096832
708463065524600832
708328791274160128
703343666186706944
702924591606341632
702631922363535360
701857128793796608
700756661204443136
700403855054368769
698254808457805824
685568164852137984
685534739051196416
685529790196092930
685529631324270592
685245565572091904
685237224552710148
685235970648731648
685197204504576001
685191721223860224
685187889655889920
685174191813869568
685151967333728261
685130580867047424
684882966498131969
684868821681868800
684829451507634180
684829293810159621
684789526435381252
684789063207931904
684786110845812736
684774405948456960
684768516071911425
684511657280827392
684481314658086912
684456912772042754
684455223004364800
684451222020046850
684441824048447489
684435609746812929
684416326681686018
684164979415760897
684152093045817345
684134873469202432
684132284723662848
684091213436350464
684080631551275012
684077005336346624
683769851685384193
683721850115997697
683721622906384385
683694376669691904
683518288090001408
683451999061327873
683399253801082880
683396109490753537
683393329313280001
683389795561635840
683313455026298880
683313300432621569
683313267108884484
683022481964175361
682705330644504576
682700481156653056
682666628287315968
682628542354436096
682362274531684352
682324055446257664
682311659797516288
682311623449677826
682255688605798400
682252394034429953
682251735574822912
682248237949030400
682246852532514816
681974585886162944
681962217852518400
681958433285890048
681897592028934145
681887649846661121
681876324726751237
681851985902067712
681851971125538816
681638473271394304
681618649266831361
681585776677748736
681567756701929472
681556487437717504
681546406805385216
681542007102267392
681538035062861825
681466342017511424
681466300229615617
681248222526832640
681216210952847361
681210162783326208
681201595506384896
681191593706061824
681191344627429376
680905291890692097
680898750789861376
680863178469683200
680849186821033984
680839509030924288
680806540790501376
680777415858196480
680777218402942976
680777049074741248
680625061993312256
680624749156929536
680624497209282560
680624367261323264
680522927771615241
680516225051561984
680508360085508096
680477956536414208
680463538167648256
680460016357388290
680447355234185216
680447257708249088
680433394916790272
680201526699257858
680201470101315584
680189001475735552
680188899285725184
680174102154481664
680174019279253504
680151210918162432
680123317597044737
680098391918010368
680088220613394432
680085606181908480
680080804781907968
680080686494183425
680051440878891008
679813794499960832
679811225472077825
679809879918440448
679809772435206144
679779790891552768
679755616278200321
679744164674666496
679733013366833155
679732339036020736
679723535292444673
679708581529260033
679703020410638336
679693180518969344
679691941362151424
679492222467883009
679489849120919552
679488965032935424
679488889053143040
679483710291361792
679462682789974016
679443694748090369
679441827611607040
679426396163215360
679402934522781696
679370241529483264
679361364645646336
679349976745582592
679344436929765377
679334663668809729
679332165130264576
679329640620625921
679328997948420097
679328931762278402
679328870206726144
679328351853637632
679328061716692992
679327390611447808
679321270693920768
679118671533514752
679077469614305280
679073919618301952
679053867372314624
679024852171386880
679021681277554688
678998230579830784
678995228309655552
678955100178677760
678954635407704064
678954055419449344
678953894672756737
678715262573514752
678713057086980096
678664059143634945
678619926475747328
678346498518687745
678318979425828864
678316707346292736
678316099486818304
678288871214436352
678268520724041728
678262301598715906
678239949955690496
678239213930881026
678024498008862722
678005595706818561
677971665268187136
677956800554102784
677941808522002432
677933563845701634
677926367099490305
677911510920900608
677897029100568576
677613059762966528
677612866686554112
677609274902642688
677578449339445248
677573863404929024
677572551657263105
677535784241668100
677533357106995201
677531464880254976
677526550615601152
677525143518879745
677521917683875840
677358916930433025
677310456164433920
677284698251526144
677284450842071040
677279153373212673
677270856951812097
677270116111749121
677270105370320896
677267133735313408
677266880223166464
677266808295018496
677265263117537284
677261527523594240
677259568083283968
677259307579117568
677251888350437377
677244387844358145
677244091407728640
677238369307516930
677238105397714946
677234683101454336
677234651405094918
677231581371703296
677231023898435585
677230987819024384
677216043006341121
677215389227577345
677214173504368642
677212439310651392
677211708914606082
677210888756142080
677210353181290496
677207902470463488
677204266742861826
677198749907701760
677191745852043264
677187309003927552
677185567126331392
677185209641664512
677185011980849153
677184790676840448
677184609642266624
677184352770461696
677182571361488904
677181619829018624
677181045251416064
677174937166217219
677170644363182080
677166048030928897
677165957358448640
677161263533858816
677160460635004928
677156362489454597
677148607825518592
677145977938157568
677145471375249408
677145403465273346
677145102440075266
677135112048402433
677134337679089664
677131529206808578
677131367617048576
677129557103759361
677129363595374592
677128960782819328
677127372957736960
677127009181503488
677126831108202496
677124105779281921
677124017107570690
677123955379978240
677123871259017216
677123765566738432
677123621744062468
677123395230801921
677083210925383680
676978913315332097
676978554018598913
676978234920185857
676973944142983169
676973894050390017
676968354515714050
676968327160406017
676968235837825029
676966016837132288
676965070983831552
676964477296840706
676964194353303552
676963566772232194
676963248814604293
676962185864724481
676961926967095296
676960988340596736
676960634869833728
676959708280934402
676959001817559041
676958467375132672
676958419702648833
676957983708942336
676957796341055488
676956356717494278
676955945482772481
676955911722819585
676955673100447745
676955194324819968
676955186577997824
676954878355316737
676953991859843074
676953626380775424
676953542985388032
676953436810817537
676953307173244929
676952346656702466
676952288079036416
676951958473805824
676951079389630466
676950123591671813
676949680266330112
676949654924341250
676949590055247874
676949566453891074
676948184485244928
676947773200146433
676941738553028609
676940367900602369
676939148490600449
676939124306264066
676938952343986176
676938215404773377
676937873648668672
676933813084270593
676928888354787329
676928804703571968
676928353572691968
676923459339857920
676922711004680192
676922234670178304
676921521340874753
676878293052821505
676855052221472770
676838867052417028
676814114333843457
676813725089832960
676548901655179264
676497942035976192
676497176009248768
676474981434433536
676470425161977858
676470198711529472
676466320125386752
676454651412267009
676446769421635584
676438216996741121
676435210792247296
676159725935939588
675901924823203840
675901888294952960
675901721663639552
675901694245498880
675756030370775040
675413745137491969
675409140823531521
675390971111219200
675376054941429761
675374615720419329
675363849579687936
675355294910779393
675145668319707136
675145577080967169
675144763822206978
675144748278091776
675144358237241345
675031121541898241
675023457227116544
675006538789068800
674976769062084608
674976731573428225
674788241384546305
674787534149435393
674787521172275201
674739602385694720
674734255705079808
674731812791324672
674728111271972864
674706981014343680
674706865478115333
674706745185423360
674706616332234753
674706448509763584
674706280439791616
674706144787570688
674705608117981184
674705487976353796
674705331423977472
674705203455741954
674705080067727362
674704957652795392
674697933023875072
674679878906683392
674663128865591296
674619554937499648
674619507613163520
674349187174178817
674341185427628033
674277516345925632
674271308109258752
674269435302174720
674258278499688450
674249146707156992
674248868125655041
674062871769325569
673972695730548736
673958940221169668
673948544806559744
673933947026481152
673910139745910784
673906246433546240
673905667019771904
672920482698698753
672890684521623556
672838505530167296
672822745604988928
672817466209386498
672816975098302465
672554680044535808
672551915553611776
672501147777826818
672489323544109060
672487312165642242
672463487042461696
672143289194119169
672124578773209088
672098520376168448
672096183855267840
671858746306527235
671829855168786432
671811386616512512
671809574043807746
671795956308815872
671787720155529219
671776430976581633
671772591393251332
671716172589432832
671712685394927616
671525489958367233
671466463899820032
671440319322435584
671435622574333952
671424680566353920
671356451479228416
671341959689191424
670688448534192133
670687639423614978
670686811337945088
669975152285847552
669934923969466369
669571058597539840
669561534931070976
669518884492484608
669264086107086848
669259177966051328
669257236649263107
669232810956226561
669174441813909506
669174275975311360
669174183658725376
668919498238390272
668890173594316802
668866885572653056
668848390940307456
668836097280053248
668823896062345216
668823722711769088
667824835062468611
667764475668271104
667729306072780802
667504743061831680
667382889911296001
667371657850454017
667127327097118720
666756747743387650
666755683560374272
666688565481357312
666308530551427073
665621228896415745
665320801264992257
665264624938319873
665262123115679744
664968974296350725
664960222411235328
664578698910175232
664503521962627072
664177840691224576
664169272244092928
664158437320716288
664154970699141120
664114671067107329
664110308781367296
663778211520606208
663695013671489536
663468567233323011
663091071446945792
662779398911713280
662719451826032641
662719365343670272
662690177601548288
662406392200962049
662404119366270976
662329775730647040
661936574767173632
661628699410870273
661628655026634752
661556356516675584
661335925729976320
661251995106328576
661195548062564352
661195075825831936
660102355522887680
660092014868824064
660091904860643328
660091712929406977
659869579280326656
659826003682975744
659825620109688834
659825476412796928
659813956022878209
659801955850678272
659795963972816896
659795896993980416
659795845123063808
659795807323975680
659761709658214401
659596857476149248
659544691961151488
659544658415116288
659544604484743168
659544542761365504
659041254290931712
659040671441948672
657598641599713281
657554550937821186
656928409423998976
656545414221422592
656116984468369408
655127740748697601
654756161971814400
653945636526665728
653676666581946368
652550371731181569
652136524683718656
652132804759674884
651468604278489088
651438026707484673
651137500455432192
651035820049199104
651035771391111168
651035740336488448
649961195299033088
649616039362228224
649593512200118273
649235592123969536
648867849809842177
648571408528707584
647545031876833280
647530206341799936
647512177784528896
647180125654679552
647117882900520960
647117622602006529
647114133721206784
646748783037038593
646748509354487812
646352485750321152
646352422185648129
646050966068940800
645994369602994176
645979838080270336
645979722434879489
644971192399589376
644931161521815554
644879326974988289
644879119461822465
644606280049537025
644589582848233472
644583728619126784
644581159519830016
644570816823361537
644515928328245248
644198653893193729
643833723465670656
643503257197805570
642867616109985792
642867530361622528
642412367771385856
642379878952738817
642365311233204224
642350711016177664
642341995357323264
642341711168040960
642341570931503104
642101775441506305
642100505213276161
642100459331809280
642034642258919424
641290931635810305
639894477306368002
639105641315893248
636568866986917888
633789291190185984
631561366386667520
629390850947047426
628364545648541698
620345034496323585
620298668080365568
620298275858440192
620294732258787328
620005434229788672
619959913926668288
619914901612425217
619896207003906048
619612709915496448
619579045932498944
619237785484963840
618962758034309120
606262407539781633
604059643208335360
603687615674654722
603606679503171584
603586500203290624
603432536925085697
603375465634496512
603375116324442112
603375078949003264
603347387717844992
603341404413112320
603334995634102272
603208889182519297
602925849063522305
602912118816415744
602893838944849921
602885820870045696
600822006876020737
