750479479810560001
742432638279909376
741390129311277056
739607768370425856
739577581075189760
739245385785462784
738890527186255872
738792405084692480
738528150292926465
738173302779187200
737773539684552704
737433420851228674
737078575342473218
736708641194119168
736331160142417920
736308921195843584
735998986348339200
735236814773047297
734541862980227073
733809541192781824
732359997171077120
731272842029977600
730525401978638340
730455385753034753
729830833528446976
729460887241818112
728728563701141504
728018886482857984
727289617431457792
726931718037475334
725482168051482624
724742294407135233
724395007810101249
723647587690098688
722930355452452864
722579287229014018
721480808746377218
721133510828912641
720035178475888640
717453012843806720
715264453894385664
700832739247915009
700757575810359301
700741946008952834
700470292141973504
700395089135325184
700356715699503104
700107865441308673
700036105161191424
700006430468780033
699745193470337024
699722568379404288
699721852902477824
699721511997837312
699670921297002497
699653309620027392
699653147849928704
699653115096608768
699652984725090304
699652444872028160
699652211589025792
699651182432616448
699650971073261568
699650735097585664
699650232238223362
699650100998483968
699650048838139904
699650028176936960
699649561799688192
699649520129298432
699649468010856448
699649280571604992
699648997179326468
699647939379998720
699052876077748224
698952675119931393
698910860564156416
698904641623298049
698612750524751872
698586225972768768
698579241399484416
698577947838418944
698295858043850753
698291950550515712
698291489651105792
698211955996233730
698193928638504960
698193855850479616
698193651537567744
698193232459509762
698192494429732864
698192414159147008
698191704805904385
698190519902539776
698189699681128449
698189321187110912
698188928671576064
698188607102676992
697837502497828864
697837285891399681
697835742865698816
697834353267593216
697834175601074176
697833070028681217
697832588434538496
697832329964695552
697832225576910848
697832083465510912
697831469889097728
697831275080462336
697831207908691968
697831035732496384
697830828575817728
697830532705447936
697829994987294720
697829855551827968
697828546736041984
697827406682288128
697827242995380224
697826974648041472
697826850286899200
697826341324894208
697575583429980160
697571152625926144
697507511910334464
697485346926260225
697485030914813952
697484589900496897
697483681703702529
697483066525093888
697483031330689024
697482703944306688
697468970744479744
697468492224704512
697468439082831872
697468273932173312
697209625486069760
697205586841063425
697163379404906496
697134895148068864
697134006404419584
697133660693090304
697133135025143808
697133111591755776
697133002292224000
697132746154479616
697132452410601472
697130062303223809
696849993303363585
696849736347680768
696848934560354304
696848543957409792
696848318706503681
696841109775855616
696840853625524225
696840555238535168
696840300644270080
696837350941265921
696832717204262914
696831008608538625
696825598799286273
696825418762956800
696825257567518720
696824998686650368
696824829572308992
696824253212020736
696823601538813953
696823012704649216
696822754604023808
696822557895307264
696822298318221312
696822096253603844
696821850710478849
696821775078789121
696821727343415296
696821413307510784
696821340402110464
696820636442763264
696820411405697024
696820119842848768
696820065459568640
696819854414782464
696819799444180992
696819307687206912
696819186853552130
696819141492125699
696818873862004737
696818845273628672
696818112994279424
696817776803995648
696816355882893312
696816075598499841
696815945826762752
696777026917654528
696774566949990404
696774478232100864
696755715927461888
696741796278173696
696740426267627520
696471016680214529
696470968382849024
696470928826376192
696470717341171713
696430170568130560
696405575521869824
696388189599051776
696107025755836416
696106974224646144
696106829852508161
696103897769705472
696075551497293828
696036899153031168
696036467584344064
696036273723564032
696034956699566080
696034812079964160
696034556919427073
696034044333559808
696033471672643584
696033415712215040
696033183385563136
696033041064415232
696032951281135616
696032920742424581
696031482553327616
696028201592573952
696026552694255616
696022666524819456
695776914133295104
695776889596542977
695776866100117504
695776523458990080
695769880620994561
695769820583702528
695768289574694912
695766328540434433
695766033458548736
695765980752969728
695765898536185856
695765768554676224
695764882214354945
695764800282886145
695764113624989700
695762766364213248
695759941424906240
695743906902740992
695741546847547392
695728705595969540
695727434839171072
695722254672355329
695722217972207616
695713649441300480
695701079183355906
695701022287593472
695700726987657216
695700683471761408
695699993013809153
695699804748316674
695699781709004801
695697344625422336
695689798808285184
695689601000689664
695689239535624194
695688895548133378
695661752856346624
695441864216817665
695411908971606017
695408112493133824
695403775398252544
695400379815604225
695369397389520896
695369231861288962
695369149850062849
695353118750474240
695352920963837952
695352827019833344
695352701496897536
695352243004919808
695352211711221760
695352129590939649
695351944521461760
695351219406024705
695347695800578048
695338121668329473
695319367588786176
695318954651222016
695318523191492608
695318287316430849
695318121477861376
695317927797485569
695317718904406016
695317562649739264
695317216326078465
695316892567777280
695316665622331395
695316411711815680
695316142873669632
695315475631243264
695314799912038400
695312557691707393
695310484749230085
695309410604703746
695308426579046401
695306965291892736
695301284312670208
695301246509412352
695301138736754688
695300960537608192
695296167488323584
695295689807376388
695295446437068800
695295417513222144
695295135614005248
695294904361070592
695294793526554624
695294687758852096
695289478596853760
695285053975232512
695047664056938496
695047611590451200
695047573418020864
695046113041059840
695045915581657088
695045237027176448
695045113228099584
695045039945199616
695044864640090112
695044600705093634
695044473235992576
695039420437630976
695019372251774976
695013937088073728
695013656640122880
695013625514168320
695013560213045248
695006268742733824
695006014664409088
695005880580870144
695005760070111232
694975573202866176
694960743712575488
694959060018450432
694958214186606592
694958003804438531
694955070190792704
694953928606117888
694953775618887680
694953715665543168
694953612204572672
694953546416943104
694953507376377857
694953481401020416
694953154161422336
694953068123680768
694952948078497793
694952879757524992
694952732101246978
694952551104405505
694952507349438464
694952369042227200
694951271493578752
694951199997452288
694950945734569984
694949610935099392
694948647314665472
694948472315707392
694948285249814528
694947699871735808
694947395881168896
694945316781469696
694945224116695041
694944896524783616
694944883564376064
694944690567663616
694944260227932160
694943014469259264
694942927961743361
694940448993902592
694937857006264322
694932810985963521
694932749208039424
694932698717028352
694932562699882496
694926162603053056
694925777456861185
694925518873858048
694925174898950144
694925042119905280
694924895956774912
694922760032800768
694756853708824577
694756216451387392
694756069130633216
694755954395484160
694751266665136128
694719055912050688
694685957753147392
694672785155584000
694672735155322880
694656825484902400
694655520506929152
694649786134167552
694648500441579520
694646664674447360
694646519102738432
694638007777783808
694626652517576705
694626412255277056
694619857103380480
694611433896722432
694596683657641985
694583435826888704
694583409864081409
694583286979428353
694565206446374912
694551814838988800
694548874397032448
694339633451253760
694331994273157120
694322755336929280
694298372656660480
694298258730975233
694298006930063360
694297890399715328
694297781553336320
694294412277465093
694293893534212096
694293876740214784
694293817256574977
694249039097905152
694229018715955200
694227942440857603
694226246360653824
694218135482687489
693977306264633344
693871649263869952
693842468463218688
693539385120202752
693496096270618625
693495975638233088
693495853286187008
693495827877113856
693495728908451841
693495616819695616
693495492722823168
693495447457894400
693495255929266176
693272279317282816
693230956703019008
693230932791136257
693230108761395200
693230069708230656
693230049768509441
693230015123574784
693229992851812352
693229928028856320
693229913164255232
693229851742842880
693227859050045440
693214872406863872
693214843545882624
693211832182439936
693179094293348352
693178131184627712
693162027850661888
693161915015569408
693148189034094592
693134456014540800
693133575017771008
693132840494444546
693132503549280256
693131748574519296
693131666043248640
693131589551726592
693131189360537600
693130807993446400
693130577600352256
693130331721826304
693130174204784641
693130102071123968
693130037688537088
693129950224723969
693129791302533120
693129706787332096
693120323286269952
693119857986916353
693116652381024257
692914833273024512
692874917188997121
692872853906071552
692866137659301888
692861000068915201
692860879935647746
692860751208288256
692860543254683648
692860484240801792
692855271190765568
692855103607296000
692855011596902401
692854715495809024
692854681597444096
692854556527456257
692854108563243008
692854100862464001
692853880447586308
692853847560065024
692853706421719040
692853356620984320
692834650020909056
692834617460523008
692834584224878596
692834380801150976
692829641921302529
692829542835048448
692829466666487808
692798902844588032
692791149736497152
692760778202415104
692749700592603137
692725419489923072
692518785664819203
692514657760710656
692514409634226176
692513698968117250
692466731030290433
692458861672992769
692438058663174144
692434547443511296
692430964832636928
692427380384608256
692423858821926912
692419661233811456
692412887885721600
692412384233680896
692412271071514624
692407287143501824
692407177797971969
692407129894834176
692401076750962689
692401037051830272
692394934687698944
692394875518472192
692385997007421440
692377094718754816
692377057112760320
692375993525366786
692150178502053888
692107025891758080
692100387872985089
692095771877859329
692095691338838016
692061374445322240
692059832723968001
692059510765006849
692059433266876416
692059251880005632
692059136989605888
692059082367246336
692058191698350080
692056252440969216
692054842848600064
692052592122134528
691833023885615104
691801638277873664
691788330233655296
691775228075184128
691666236577419264
691459769102536705
691459737557204992
691457746365865984
691378038756356096
691334752972972032
691334475645497344
691101705753079809
691032829749260288
690987507366924288
690701141206695936
690696444672507904
690696385016889344
690696306356948992
690640345470623744
690638915913420800
690637492093976577
690400246078296064
690397127760048128
690395831543922693
690394523357282305
690394510979928066
690394498283741184
690394489991630849
690394441895538691
690380198576033793
690374440232828930
690354094133776384
690347892297592834
690347711753818113
690347573064945664
690347049204740098
690334256443166720
690334018479386624
690333431721422849
690312385232384000
690292016995930112
690222203825053696
690220310574936064
690218973351182337
690214947955933184
690213013949779968
690212215383687168
689976457179893760
689976115927080962
689975803950567424
689931443133263874
689931360748736512
689919931278725121
689865628883128320
689865603436253185
689865511253839873
689865408652775424
689865358069489664
689861173534031872
689861121914712064
689860066845978626
689859422277922816
689858305473191936
689857525047435265
689856984397406208
689854052214046720
689853971582742530
689853547437944832
689853291593732098
689853015998668800
689852789451718656
689852568659308544
689852103322238976
689852023194259458
689851182257319936
689850996797771776
689619649990766593
689528609925509120
688891254222917632
688176478089904133
688171301450592256
688170819105652736
688170409569550336
688170316040814593
688170126584107010
688144198373998593
688095443004207104
688094086696316928
688092258059468800
688043573216980993
687801885307342850
687797454952005632
687797237531869184
687797066135810048
687796725835104256
687795761212329984
687795438481637377
687795364506697728
687795339202396160
687795180754239488
687795106456289280
687454530099920896
687446450255474688
687077075279306753
686982184746496001
686979540954923008
686979203896492032
686978740274872320
686978453598420992
686978346299736064
686978226208391169
686972475096207360
686720393231507456
686714390389899264
685935196613378048
685935019601219584
685934774343487488
685854908537417728
685586566757003265
685585205541736449
685585139028525057
685584827907608576
685553318706319360
685553244286750720
685553223319474176
685553175395348480
685553046948986880
685553016494149632
685552806443405312
685537224817905664
685537049298903040
685287328449822720
685277221519409152
685222201163943936
685197851794653184
685195215775203328
685187010697367552
685186624804749314
685180731568476160
685155127477403648
685154954613424128
685153378419097600
684878808713838592
684857913198784512
684848480385249280
684847385634156544
684847295821578240
684847048600862720
684846951406305284
684846822540480512
684845246790762496
684845157775048705
684844600813432832
684844423314718720
684844121823956992
684843989871165440
684843860267147265
684843760321048576
684843594981638144
684539991620497409
684504016819109888
684477912624443392
684468135101988865
684452256322686977
684452182133874689
684438724067774465
684436346153271296
684430887539224576
684430128437280768
684425400571711488
684199915354898433
684196192557780992
684151779194351617
684150667842211840
684150385880072193
684149544909574144
684149371026325504
684148505867231232
684148430428454912
684148121387937792
682680097149554688
682366006799511553
681520599676538880
679814103846764546
679374918216056832
679094125472403456
679093995377676289
679036480149323776
679035539081682944
679035318788448256
679034824170987520
677943350943547392
677943107325833216
677661417705742337
677537770819026944
677537666523512832
677529712365723648
677528949077880833
677303804765691904
677247513435467776
677212673545637888
677190920794562560
677175384408899584
677174746727841792
676809807018328064
676508686261469184
676508470808481792
676508381654351872
676453556803600384
676453297130049536
676453028988215297
676452975997415424
676451543869079552
675387232505630720
675387108496830464
675383597549785089
675383520210976768
675381586854940672
675374987780349952
675374909028077568
675370516278939648
675370453653839872
675368131720708096
675367841604878336
675366583435268096
675366488442671105
675123867602526208
675121925841137665
675012491928141824
675011288930451457
675011045086203904
675010781474217985
675010434336841730
675009873315102720
675009378756329472
674996058749988864
674717521669328896
674717446066933760
674711380885446656
674027337252409345
673947774077894657
673916088279699456
672581369239871488
672495593218949120
672441961844871168
671509129337401344
671464044444983296
671463996705349632
671179292676661249
671165498307014656
671163480045707264
671146676510310402
669954550271516672
669315067892989953
669314330064650240
669314096584503297
669289551798648832
667433245647179776
667414504418840576
666783369577951232
666365867060367360
664971019870867456
664522132504711168
664515334225813504
664262056384704512
661347192666394625
660582749485445120
660577433142304769
660486968741089280
660215120480473088
660194548430143488
660164101830651904
660163814252351488
660163320561819648
660159171199762432
659541976606470145
659511121779388417
659510289474281472
659503596707299329
659491686318403584
659440937043496960
659420204758249473
659151392842493956
659146312596631553
659145862556200960
659145417481809921
659112810996043776
659070078462201856
658810513933991936
658765492878872577
658765375287394304
658765258366935040
658764629359792128
658764558350180352
658763952139034624
658762869756919808
658760254822350848
658760254801383424
658760047623692289
658759492532723712
658756916080832512
658756445064818689
658756062833602560
658755569671536640
658754527596687360
658090387039387648
657978171015348224
657613959655129088
657596058868953088
657595632702455808
657592881784291328
657592632235851776
657349455419584512
657341574083293184
657316310515224576
657285980123074561
657256073615687680
657240116390326272
657225919015194624
657224501919268864
657044428020826112
656999136147845120
656878559449878528
656639076108382208
656558192151805952
656340305529057280
656280499694862336
656141471351877632
656141295409205248
654786151920726016
653973350365073409
653732145693786112
653709649070309376
653699899238707201
653698819591266304
653698616528232448
653698260469616640
652913133401473024
652620964220399617
652550020445564928
636317519620345856
636316705665347584
630899198141988865
630899130219433984
629054043483062272
629053757414748160
629053665534345216
629053358121222149
629052870730461184
625708878378856449
625708651961921536
623168567098261504
623166907407974400
623166760695394304
621737801168523265
621737598252249088
621110787780653056
621109638100946944
621109542915432449
621108541584076800
621107662055288832
621107536616263680
621106356230098944
621104773232594944
621104684170768385
621103671858704384
621102175570169860
621096222594502657
621096115165753344
621095942142320640
621090417736441856
621088878552702976
621088804879794176
621087183458340865
621087104622170112
621077058450407424
621076639779176448
621069209494106112
620988980855599108
620659088284749825
620636757348909056
620636548208308224
620037527571816448
620023020950663168
620006174260269056
619991181821390849
619977115811721216
619966208947781633
619958864193019905
619958598282555392
619957039977009153
619949749345521664
619945955803049984
619945891856670720
619945836382826497
619945812588560389
619943623153430528
619943510607704064
619943412389654528
619927331965026304
619927313182928896
619926552935972864
619923550254710784
619923541626978304
619915044193611776
619912751578640384
619912449228042241
619906599356772352
619906476958617601
619895848197976065
619895835518631936
619895817113997312
619895810939949056
619895777779843073
619895533281214465
619882099323985920
619588249770594304
619574616495775745
619547918744195072
