737792857977688064
735157280631619584
734797370836320256
733809604094787585
733360431184613376
733011827701997568
732697218583527424
732367279028092930
730792339694866432
730065534457413632
729353979973537793
728253533733146626
727891145691369472
727192806926770176
727181335404658689
726214550601764864
725464688402767876
724634533274988544
724634488312086528
724634406669918208
720303438165385217
717849521926062080
714972341965447169
704116430388596736
704024733298196480
703787481657798656
703693508494778368
703693440433807360
703656702533509120
703624474894036992
703607433847918592
703419890800013312
703419795119550465
703379689658683393
703379608087846912
703354931449696256
703277971637817344
703276652571197440
703272256839942144
703081416125362177
703027365186662400
703022951747026948
703016210200276992
702941406608826368
702941363009028096
702934940606795781
702656798940004352
702656765461069824
702645852288843776
702583627708702720
702583504110923776
702580139616501764
702556535616966656
702381882072309761
702293555520282624
702275199190732800
702256895227088897
702256362332430336
702183662435987456
702150671638749184
702150298219884544
701935793057562624
701845389578665984
701840784169906176
701825482128371712
701819207118249984
701781418066587649
701781227221553152
701625819949477888
701625647328686080
701625591640911873
701582577279176705
701581072140611584
701461483750686720
701461125674577920
701461058595135490
701461029398532096
701460712992821248
701460661092528128
701460610374995968
701460508193398788
701459853156360192
701227608638238720
701225959911886850
701225874243211264
701217261512577024
701144191460515841
701128652717600768
701128630580056065
701098414654623744
701062247095795712
701061945768615938
700893332864544768
700893265910837248
700852687210835968
700823943448408064
700796033886859264
700795895676153856
700794536176390144
700793657784315904
700788406377254912
700765445880565760
700761285923725312
700760909426233344
700751847770882048
700737157506281473
700737142155120642
700732216079323136
700715610863325185
700708330629533696
700546083357720577
700543493639266307
700543465721954309
700543441214709764
700510469757366272
700474509426491392
700474487284740096
700468360539037696
700461502508085248
700458734628147200
700433995511640064
700431810539319296
700422078386688000
700413513118842880
700405584756015104
700385318776602624
700358532776882176
700358305508519936
700358133885997056
700357996241498112
700354106615926784
700215562769559552
700214524113088512
700209872386691073
700200415594295296
700158510936395778
700145926191472640
700139853627858944
700131504655982592
700131475161616385
700114040350052353
700097118833225728
700097004400062464
700096980878381056
700088285872295936
700085913775243264
700062838581100544
700060957230280704
700060537304981504
700029144751411200
700029078498205697
700028883983159296
700018575101206528
699997120758067200
699843822100975616
699843805340520448
699843789523853312
699843740643405824
699843637803249665
699829105622130688
699766498848436224
699742023167844352
699730390613778432
699730333151793156
699730307574988800
699730295763775488
699730156324163584
699718555068030976
699698440226222080
699697624983580672
699664924981637120
699663381658079236
699663326461063169
699663253304012800
699656701859856386
699656669333049344
699650354242170880
699646389001674752
699645316933382144
699645267335737345
699603701502078976
699481648354762752
699419631199645697
699380226959155200
699379432415363073
699344296571310080
699344176161251328
699344112936333312
699342306101448704
699315258788331520
699286862335074304
699271442773385216
699087168124268544
699055263341375488
698976071434121216
698930095201759232
698929882441486336
698701717760643072
698654250167980032
698593648921849856
698588524031844352
698588061198725120
698588029275893760
698587860551610368
698586954925912064
698343296284827649
698333930206855169
698322434772979713
698315987880321025
698314237005864960
698306040224309248
698303617317490688
698298807277064192
698276132651552773
698245840503111681
698241610077773825
698229722468081664
698210450652033025
698196272549744640
698186316647784448
698186075227828224
698185864577290240
698185823842242560
698177325364424704
698159886970986496
698036101747834881
698030014357331968
698015859000762368
698011260139405312
698010091501391872
698009462544596992
698005409282465792
698005341879955456
697980797383344129
697980130694574080
697946655794958338
697946580318466048
697946533027680257
697946508021276672
697946463309967360
697932981013360640
697932850591506434
697932814621147136
697929857263489024
697833933887569920
697833914849603584
697832066147180544
697818886654152704
697818814575091712
697818587461873664
697817700190425088
697817530467876866
697817374645325824
697816766370549760
697623073214738437
697602095461969920
697527610184585216
697527438780137473
697516926919020544
697447917481668608
697447730084388864
697447522696974336
697447325090775041
697443278967304193
697376663160492033
697245860648751104
697244089343877120
697203957618208768
696882420562284545
696878627552522240
696839674652987399
696839314412609536
696831165941026816
696770933038559232
696730359564603392
696450938635055104
696440428753629184
696161751490891776
696161689830490113
696034883693490176
695797754916839424
695788583790063621
695788031005962240
695773343950225408
695773196692414464
695771942637465600
695754320655032320
695724216902139905
695672326193414144
695668750322782209
695668729049272320
695668648896131072
695512416210149377
695512251600470016
695505172009582592
695504975087022080
695503070357159937
695484628707094528
695470830348689408
695424428176384000
695296222148431872
695291431460536320
695290677257596928
695076766516285440
695041235287846912
694969785864425473
694969731539869696
694947240872312832
694910176852193280
694722217842593792
694716023824523264
694696908435030017
694696867846684672
694696842341122048
694654568337010690
694654315013615616
694654291273871360
694640834013073408
694617002590101504
694616704320581632
694550922043756544
694549799702499329
694405812932993024
694405772038553600
694352952107016192
694352687228268544
694351334217117696
694349587822223360
694349473628094464
694348875516108802
694348595059781632
694343759106953216
694343258688737281
694336717449375744
694336388683034624
694336284731449344
694327196232486912
694324767923417089
694320383537709056
694318313178968064
694305768938418176
694282019912560640
694276249712070656
694273890273488896
694260813494784000
694208479196647425
694208447802249216
694205460497305600
694201226456469504
694158623400968194
694045420712886272
693881311698690050
693872373439725568
693872303109636096
693871042377330688
693664926141800449
693664497970466816
693624666087272448
693600548017147904
693522771020656640
693522680591446016
693522537871839232
693300558992506880
693253874048565250
693192558445531136
693167536758611968
692944141433483264
692898263595233281
692898201024614400
692898093700747264
692591076096417792
692408121889787904
692188150228242432
692168552741277697
692165166562177024
692165057527021570
692164747672821760
692163831204835328
692157999314501632
692090020962836480
691785362545512449
691785314847842304
691785177920577536
691778914079903744
691439680173150210
691420403818835969
690961046601863168
690718892159676416
689959275171549184
689959054190514182
689958907024936960
689878589181792256
689506039822098433
689475419716759557
689474827590045701
688956439688155136
688781951851835392
688082846326456320
687799818903683072
687774984316403712
687773277729640448
687717892754767873
687689084177797120
678417771173175296
678417748440064000
678417245761093633
672542569599909888
668847827708067840
655468428052987904
655103329320628224
654692349985976320
654380215242616833
654002384293658624
