769235014504493057
760247374295932928
744545540340350976
740952610962690048
739908401040261120
735904850983063552
735878337017483265
733341472800411648
730800095159943168
730484203272343553
728295279120687104
728267603869769728
727911737333145600
727568588559646720
726089692702109696
725003155176443905
724756957110767616
724638487614353410
723664067043291139
723633084092936192
723631727550189568
723552472720011265
723551001253277696
723191077755199489
722933846254063616
722933315720773633
722825539220676608
722532458948722693
722513602112933888
722498930303311874
722486047091785728
722483122894282752
722482255235420160
722462280059752448
722446128403197952
722221282314420224
722103999952859136
722099890889732096
721730196190007296
721020593273843713
720654708805804032
720385255723544576
719925571598168065
719650876437082113
719619321912164352
719587008683749376
719308428796006400
718506113268785154
718497514681335808
718483277938491392
718116596800036864
717478560840069121
717435459966644224
717422310219624449
717030876014518272
715962057221414916
715959976053841921
715295092060229633
715293170758656000
715252381491933184
714883182215036928
714559760742285312
714539876863987712
713443427296395265
713417494971584513
712783777638932483
712677814147809280
712441186154184705
712411451709784064
712317242747162624
711957759336390656
711720465140559872
710496174332108800
709908889727184898
709461587141132288
707316929011134464
705855838313811968
705110331459174400
704755652762075136
704517653390426112
704177173108658177
704176764864466944
704172159724163072
704170333440331779
704168688396607488
704165039930888193
704164338643283968
704137844797779968
704133897454428160
704048504847491072
701819602817273856
699366120650723328
697098336063492097
696391732670255104
694612334732398592
693840878889074688
691304502289256448
690596309179326464
690596168108113920
690595231339655168
690311868452241408
690264007844835329
690217419931971584
689988761866915840
689957984550674432
689957875909836808
689856244966785024
689856059758895104
689540365301391361
689540301908631552
689493453269368832
689197382521630720
689197122344718336
689160397417517058
689130463236091904
688873553442115584
688797996641722368
688535620478611456
688511114578014208
688480862766116864
688450765799604224
688177678877245440
688149270495539201
688117928340803590
688102598117752833
688102532132950016
688072237237153792
688050464340840451
688009933065814017
687761950915166210
687761878957752320
687761199090409472
687745118544084992
687712941051899906
687701747444219905
687679371231031296
687676893529690112
687675467369852933
687674080879718400
687671064361435136
687666884913659904
687663079526535168
687661388165066752
687652333077938176
687443745973743617
687421807914291200
687399334069964800
687348286563287040
687344860521627648
687317925900898306
687316384045346816
687313430139678721
687097285960794112
687060312814530562
687034231277490177
687021505339760640
687016992998440960
686986570646163456
686971637518839808
686970238676537345
686730691074109440
686701214021455872
686671790668525569
686631289911283712
686631233397235712
686627358539825152
686627210090840065
686626247745515520
686592632953257984
686585611956785152
686433082140803072
686401244806578176
686400390829453312
686400003489701893
686398255048069120
686396491183730690
686389155278880768
686348388757970946
686336769546035200
686291464809099264
686257473804615681
686253788710203393
686246247313850372
686025360371105792
685929120295854080
685923617830350848
685908559649873920
685906434643615744
685902679994953728
685898958074281985
685868700814053376
685635780723650560
685616574175166464
685596614564577280
685565789991141376
685555119794962432
685548976142090240
685535615190831105
685523867083747328
685505780808691712
685282163823001603
685212485712920580
685194471168819200
685179616516943872
685163642682085376
685143373955510272
685139070511484928
684911351383261184
684905686942089217
684903930606661635
684901769604804608
684899461538037760
684897762345787392
684895751239892992
684892950069825536
684889844892307456
684887876643848192
684886225677750272
684882664130662400
684864246711107585
684863916539682817
684842655193300994
684831873051136000
684816030246424576
684765541286842368
684502995090800640
684493775394062336
684450925910466560
684434586453970944
684423370448830464
684131697328132096
684102433966960640
684072206574292992
683739649139855360
683709530333552640
683362142767026176
683331961834713089
683030043921104896
682999860631568388
682666274846044162
682636477562490880
682580062445678592
682303936313741312
682294324982378496
682274635396714496
682244575193268224
682095302275301376
681956411140521984
681927214779113473
681906798488502272
681897404379971585
681882093018718209
681663683932622848
681573188782825473
681564233281089536
681534684510040064
681202929869561856
681157716874637312
680855604974387200
680825484981047296
680795223526514689
680478226221805569
680463102933123072
680439779838660608
680434896326754305
680116318016651264
680070138800947200
680059674251628544
679752028780769280
679710429082337282
679707678650707968
679428155002589184
679390501619949568
679363122537226240
679345379331014657
679094896469348353
679065849307766785
679028439865679873
678983332848271361
678666259811012609
678622250392662020
678605844729094144
678303825162166272
678258671562842112
677987778244829187
677956386341302272
677925980862734336
677896348746645504
677640111023104000
677608924044922880
677594885097046017
677578828500197376
677550718073503745
677544770663673856
677350427596218368
677347407907053568
677345033352183809
677344068972601344
677341627174666241
677339539237564416
677338482155524098
677337243732738048
677336794493358081
677333247886426112
677326802532982784
677325011737178112
677323804935192577
677321060400758784
677319694953545728
677307357529964545
677305105616519172
677302899513294848
677262392351297536
677186227947245568
677156063423008769
676945051591835648
676884370360143872
676838749695696896
676826987910987776
676579953840754688
676521510027132928
676498810680422400
676472822726680576
676448958487486464
676129485394063360
676098594982662144
676084231400005633
675767103148810240
675721822218752000
675419642014261248
675110096947531776
675084209816498176
675057287732592641
674674528019083264
674287530460626944
673996967505104896
673969049265569792
673940563733778432
673921432221421568
673532395086209024
673185102004748289
672853122079854592
672592220768239616
672490529951629312
672296741350207488
672132338805968896
672114894267813888
672107205311643648
671448858791034880
671372226919325696
671153132651438080
670297885817200641
669668396229750785
669591088433201153
669218128719511552
668867613267595264
668458994248249345
668111673178193920
667055366585217024
666693610847363073
665922734589743106
665276504155164673
664937559118757888
664569920932327424
664080255980716032
662707344199946240
662268766617624576
661181278100688897
660143614757052416
659536618420748289
658765638073081856
657600423067385856
654353368593268736
650035175674376192
649633481559924736
648906968053125120
648902624670953473
648848581583990785
648581448530657280
648486173715886080
639121201802051584
636961512611930112
634054853778534400
633436287291166720
632267830617075712
630791688533884928
626510859213238272
623918819942076416
623524135407202306
623206937354616836
622858478206369792
622822850844426240
622436427712737281
622165263396409344
622132944094822400
622126648641482752
622099996649783297
622091118474203136
622068890344919040
622041346354753536
622028147194630144
607985405267312640
591328319758434308
591327889385136130
591327655267446785
569719372136247296
557929892319608833
557929843028152320
