925142407573671936
827323574180466689
726895553372545024
726539190918205440
726503575099072512
726162787739684864
725754055776079876
725435975111872513
725427350192721920
725388706589220865
725112320809005056
725055057746616322
725033258237325312
724740428436639744
724689569925341184
724680451990818817
724387580309983234
724365675859308544
724036631615787008
723969450597335041
723627531786559488
723566094833717248
723212144259395585
722847037692076032
722545436733538304
722476382735831040
721753679028551680
721397799691034626
721386507332820994
721127738174750721
721020327489183744
720332154132045825
719993549408735233
719950092485005312
719948757576450048
719943512880340992
719943488553353216
719943451203084288
719902953859981313
719585858215497729
719223474959462400
718904690746859521
718211810260680704
717415289701281792
716686749762621440
715948694109954048
715599600908808193
715282579448958976
714875502817718272
714526033005817857
713969816587993088
713436100832825344
712337211555876864
710895695989833729
710533693278801920
709788043683561472
709076594292199424
708729291354144769
707627027608637440
706932469790941185
705846755166818305
705508523484942336
702548908870758400
691697070390927360
691349774734262272
690972291564380160
690683054285713408
690348990735355904
690267286603567104
689958862334590976
689940145227698176
689939893502529536
689553014470799360
689545272205029376
689504970618470400
688843476557889536
688843459545796608
688843422929530880
688782905846304769
688480922245566465
688463394647638016
688463376306061313
688463348858404864
688463325257011201
688462602783961088
688166725548834816
688072589541949440
688071469868265472
688052932026052608
687776331505872898
687750279744196608
687743855173619712
687718025366126592
687461825785413633
687439500016918528
687413210899591168
687408020045852672
687407801753309185
687407693380890625
687407552129331201
687407129746096129
687407024376786945
687406754481717248
687406582813057024
687406348762480642
687405089691152385
687404951090368512
687382666333691906
687364163870433280
687361012316663811
687288081641160704
687116890699726848
687098826449010689
687030207820075008
687022612665389056
686994531170926592
686972008140156929
686962746638745601
686717670939443200
686712231753457664
686686280038518784
686314839988293632
686282358085976064
686280615797235712
685869375010672641
685641457961549825
685633150156849152
685601458536886272
685579481294094336
685541575548518400
685539242211028993
685536504504954880
685236164471607297
685193809886588929
685193603547815937
684914155543896064
684902465032990720
684902439816835073
684902424738320384
684902384099672065
684902365028200448
684902334086828032
684902282983440384
684892343590203392
684892263902613505
684887113976918017
684886170120130560
684883806906613760
684878999231840256
684877889620189185
684877842446856193
684857058374488066
684852169791545344
684852098060529664
684830040526225408
684804230356467712
684738145707896833
684631896748326912
684602771421577216
684602704560181248
684569002404753409
684556987502182401
684071826440359936
683727751132483584
683355932663791616
683037887479156736
682081025577451520
682057963838636032
681920129282605056
681906567428481024
681559807459905536
680855874764574720
679752154194694144
679431315616227331
679394699149336576
679114214376529920
678999557313683456
678994001882574848
678345230244970497
678085263587807232
678026448045674496
677994886931476481
677920082568187904
677735555833155584
677699882820366336
677697263007698944
677684787113398272
677627261084950528
677545189146103808
677545144766238721
677519793264697345
677277283477008384
677249084126863360
677242620503072768
677240767094628352
677240662534791168
677237267707109376
677236980586016769
677234821547098112
677232634070736896
677220365140107264
677216252654432256
677215230678736898
677205086502854656
676977024473370624
676908701236781056
676906832368111617
676853838096154624
676822006730530816
676773153608216576
676756795772289024
676756738666864641
676634448922877952
676541036496195584
676535648912842752
676481548019851264
676480840147206144
676480612996222976
676480521501741056
676215020418543616
675414513928155136
674389798161743872
673957867569868800
673310455327158273
672913430961983488
672550990722109440
672499501093924864
672188598641266688
672133802601263105
672118284712550401
671824861937795073
671464002405339142
671357980915294208
669602168249278464
663788607405092865
663788590233620480
663788577214476288
663788555932577792
663788536072552449
648934966047281152
646861132301361152
644285687617990656
643473063653146626
642526137696980992
639236718999171072
638462974575964160
637296951290142721
635843954710212608
634462222408814592
631857756438290432
631623007807635456
631133082523824128
507995630493761536
507995488646623232
507995451334066177
507995384229412864
507926850660999168
507926779571757057
501556873385226240
501556864573014016
501556744901111809
491703642185940993
491703500749815808
491703448023617536
491703343501176833
491703272080539648
491703108620152832
491696776076722177
491696422597570562
491696272470843392
491696171216171008
491696106464481281
491696067868491779
491695947642961920
487745248756375552
487642540242243585
461553989364875265
459012862967418880
458301582119952384
457234869903314944
457203837787308032
457201999977537536
456493492097650688
456135523770191872
456115776055832576
454674613444689920
454328030899343360
454019951850835969
453657414969982976
453264839016591360
452151340517437440
451421992827117569
451048128620142592
450691548263366656
449666958649065473
448925540062199808
447158049438855168
444257047350378497
440562074121277441
438447837357940736
436233291172040704
435882633172492290
429745334697205760
429417458953224192
429031220014354432
429003677714493440
428638524867235840
428261299244367872
428218606581583872
427955496583065600
427869533315952640
427499462869532672
427498694607245313
427246006380404736
426866305052864512
426775795197943808
426769588693381120
426767809834536960
426509991084711936
426509733281812480
426488554705784832
426488343803621376
426430918715138048
426406088284459008
426170819786444801
426167053678952448
426098057105510400
426040169410465794
425825078870171649
425711202207928320
425684610836471808
425429708377837568
425429004892377089
425415389497925632
425408839052038144
425408579764367360
425389397970669568
425373328035962880
425369121627193344
425358739172900864
425351619492851712
425348996354170880
425333965986074624
425325828717543424
425319475940843520
425125979917275136
425111520859541504
425111243272097792
425088506516348928
425088263578079232
425079274098266112
425054451557097472
425054421089656832
425037402210455552
425024457581670400
425023827832082432
425016210661441537
425015813758652416
425011122253479936
425006822685028352
425006654841577472
424996290225655808
424995978660175872
424986722745593856
424978711792726016
424978521648148481
424969445702762496
424967818505773059
424967517740609536
424751003464781825
424750895788601345
424737907950116866
424736825886769153
424736764461187072
424695966793338880
424689792723341313
424689705070772224
424689682811584512
424689618835877889
424689611030294529
424688318190596096
424688057694945280
424688008747438080
424687773405020160
424687669734412289
424651864722788352
424645625028677632
424645559576567808
424645408837496832
424645347982331905
424645317884014592
424645162157891584
424645140070678528
424645112077905921
424627407727763456
424627317466333185
424627267336036352
424444399993372673
424381308781858818
424377206391844865
424376512310034432
424373605850308608
424373050893549569
424368079091429376
424361346830848000
424332288554696704
424278502079082496
424275409853636609
424252794803986432
424252386178117632
424247107914977280
424246381373427712
424238877436428288
424234891769679872
424233224416411648
424229152909058048
424227731149037570
424226944930955265
424010372404613121
423981062843146240
423963278369255425
423959771415183361
423948193647173632
423945575596171264
423939937809858560
423917503291478017
423912944431165440
423876085760024576
423679500665122816
423625338652880897
423623694137561088
423592123456159745
423543043031973888
423505659082989568
423501987062116352
423488936594243584
423481310468784128
423480585168764928
423479783838588928
423276835950977025
423263704335929344
423225541827653632
423223335749554176
423206248511574016
423191870890442752
423143449970216960
423143413282635776
423141027596091392
423140941210202112
422962299444264960
422960737384812544
422955952749301760
422953391887642624
422953276422635520
422952079552823296
422938263620304896
422938198143008771
422936744074289152
422935908166664192
422935205087703040
422934948673110016
422934758352375808
422933305307443200
422931802529878016
422928844627001344
422928184212852736
422926130794868736
422925764766760960
422925078695653376
422923980656627714
422922802400735232
422921866630549505
422921572966363136
422899029110837248
422865620716113920
422851562273112064
422832781501034496
422814982414168064
422814966484201472
422802817154162689
422784797333663744
422783716004347904
422575218377248769
422420235258322944
422186743240998913
422152862659903488
422130668332539905
422079231493799936
421831622220972032
421793049878859776
421769593716101120
421724334588039168
421711539393929216
421710071253331968
421706814418206721
421702644420194304
421682313806635010
421681819529261056
421663377081909248
421663334614577152
421523613380919297
421491767439921153
421491690138910720
421488304136011776
421487520317046784
421483456745308161
421461513715875840
421460576469266432
421459637326839808
421455632118874112
421442864015364096
421440204910493696
421436449083244544
421435583395676160
421395113529442305
421390954743201792
421390944739819521
421390944433627136
421390737897709568
421379044157190144
421366638638661632
421359667168555008
421350614413897728
421347798341001216
421347780829777920
421346340686147584
421343021741785088
421340995519668224
421336523242348544
421334794983587841
421334422227406851
421334356787875841
421332645759303680
421329975325638657
421293054856032256
421271488445300737
421095333679345664
421087337259728896
421079389649272832
421078623664500736
421078566890385408
421038197037359104
421038152900681728
421037732329422848
421019734717792257
421000234161160192
420997078421348352
420991878184435712
420988760109899776
420988591532429312
420976300661436416
420976083983687682
420976043546411008
420975360743071744
420975348386656256
420968768601604096
420957613703299073
420957004858138624
420956535997890560
420926722180403200
420805226980204544
420805205757034496
420733446676545536
420730849349603328
420725013898358784
420724873862725633
420717141218713600
420704892656037889
420693432151973888
420682206286057472
420679017768173568
420677855660744704
420670752556601344
420669245648031744
420669221128134656
420661591865319424
420661554250792961
420660761925402624
420659662577745920
420654148481470464
420653225810067456
420637502396170240
420632278428315648
420631226417152000
420631216879337474
420628584210767872
420618714430844928
420618613851426817
420609268401045505
420601120982331392
420564720165613568
420555685890641920
420555249100005378
420548105160126464
420545062788141056
420377877604216832
420369034874748928
420358814387675136
420356722235281408
420356211054510080
420355963401809920
420355588695265281
420352210779000832
420352123319369728
420351616429342720
420347930558464000
420316900548022272
420316831316840449
420298107595661313
420292938363461632
420268332277706753
420264236032339968
420256166598287360
420255439272419329
420242848236056576
420242789272530945
420222849488805888
420208556005425152
420184581610827777
420178804284596224
420011737773912064
419997935577751552
419946525288980480
419936429653766144
419898976662351872
419604673981476864
419603750894837761
419603269216788480
419601477242343424
419599885411688449
419599062908665856
419551992961179649
419544682654228480
419536738504024065
419273463396720641
419260804873998337
419239282444738560
419225539472138240
419218370701963264
419192848320172032
419190202817474561
419173702178066432
419162809818025984
418915843850764288
418903727739641856
418889762540224512
418868590914183170
418807064358420480
418803092004425728
418471473703956482
418187124870225920
418101004819632129
418069409828069376
417750913181552640
417745010625241088
417707922081075200
417409039786459136
417365226221088768
417032587144486912
416731757384171520
416729593538564096
416725495523586048
416662367720599552
416627708618346496
416365287638720512
416356582616596481
416313375908306944
416290026235133953
416262607025078272
416257630105894912
416074386685177856
415880638109986817
415729882367148032
415611452427227136
415542508290990081
415287959206637568
415271779007877120
415202840614039552
415198293958729728
415192984850685952
415192454459949056
414999216126042112
414897316039233536
414852444032491520
414795491788865536
414172181208125440
414137129623490560
413889380005462017
413853820457074688
413847563402354688
413757194216030208
413516100102397953
413460758295347200
413395515343384576
413395468757258242
413383964095942656
413380169962098689
413373128543174656
413365134321405952
413165898758127616
413135000205156353
413117044406497280
413103644993523712
413086213013536768
412994501846646784
412797239296139265
412781428028346368
412757473754222592
412273378360172544
412000461126770688
411910917161353216
411655354682834944
411620022638096384
411575745152950272
411195390092783616
411184946431426560
411184853879902208
410991201135779841
410991185067384832
410961846858809344
410957701884035072
410949515798388737
410949489139408896
410949215658184704
410931384161558529
410860829454512129
410640841557147648
410628924175966208
410604919108804608
410109934731161600
409373227471732736
409096219730796544
409077421024235520
408741407818383360
408442082991550465
408294820101120000
407936566103769089
407920494952722432
407569966569750528
406829175668883456
406465485253791744
406121741346291712
405813025275256833
405477854869073920
405433944125894656
405038318716350464
405035017983631360
404022645936517120
404022507159556096
404001492392095744
403632683214848000
403318294301515776
403215264440803328
403188396597579776
402889401690112000
402577764638679040
402576739580141568
401474900340113409
400732786241200128
400351432412393472
400034048791179264
399590718361989120
399211902015774720
398955656188669953
398711042077097984
398710758986760192
398690640495919104
398690497201704960
398690481913491457
398690447536979969
398690201486520320
398688843840626688
398688583181426688
398688286312783872
398675809616932864
398618657187958785
398606854185844736
398592197039108097
398583248160587776
398582815736221696
398561618683904000
398560102329757696
398491832226570240
398491794712698880
398314452040568832
398314422856593408
398314308658290688
398314281051377664
398314184657862656
398314125232996353
398314105867890688
398314071373914112
398314047386705920
398313959394398209
398311866847735809
398245248645607427
398210607457259520
398194355350941696
398191786080096256
398191723157131264
398191655670800385
398166575184117760
398089915990564865
397920986081034240
397869385098231808
397865368649469952
397863768043970560
397859120881364992
397840143756713984
397829386218401792
397827921378676736
397825985204486144
397809285973180416
397807238007750656
397802827373768704
397802790547779584
397802616337342464
397799478909870080
397784601323528192
397747665737633792
397747535030525952
397561943265144832
397528978518331392
397525516838002689
397485345618817025
397474676727087105
397438871639568384
397421183223607296
397421026805428225
396397180509880321
396023972543733760
396008542521413632
395261631896121344
394900342338379777
390565498926407680
384030682466361344
382911319605014528
382901402626187264
382606667307032576
378187279225081856
374925727369797632
370578076608258049
367763939654119424
367349861911658496
354821267058212864
353663473961553920
353662052482555904
353616617386672128
351826892447428608
351742343684169730
