794243594479505408
771087205632618496
743231620388392960
738173299327307777
737418328696885248
737071036538183680
736708642687352832
736316061264580608
735636575128784897
735124618105606144
734904249126146048
734541859314368512
734179493028454401
733447151863369728
733069658534912001
732729922750402561
732359997410181120
731922102790594562
731272847423836161
731197192443179008
730895332335321089
730415645855076352
729808171229970432
729385386032701440
728373742666174464
728004032774680576
727279007226535937
726121101055631360
725459681997643776
725322191965925377
724670995911585792
715614677200297984
715569378448683008
715252290341318656
715206994785775616
714889891230797824
714844603224993792
714527505885958144
714482226700771329
714165133132455936
714119833982349312
713885762626854912
713848057234784256
713848025249030145
713802733845753856
713757477326573568
713712180206514176
713395075603017728
713077993854279680
713032674399510528
712760908997525504
712715628134604800
712632582777614337
712375823068585986
712307941110460416
712005964040278016
711945512287473664
711673724588527616
711628481172406273
711583199067922433
711356637819179008
711311386530295808
711274915249283072
710874671420456961
709884393150554112
709537116590485504
707743754778640384
705942869236981760
705878813750636545
705557420253155328
705460276762546176
705298851859595265
705212293986983936
705119432280928256
705103823644143617
705081490128769024
704859386779344896
704850910787207168
704773879940513792
704469799649222657
704413137059983361
704373430267711488
704038447762178049
703702937206325249
703658397246164992
703394888092557312
703305903471112192
703053534682460160
703013193254195200
702850947282804736
702679915435393028
702590702824198144
702331418588815360
702300070658453504
702216040122605570
702195004731584512
701965335776235520
701925213273849856
701869062414970881
701863468085985280
701601652210421760
701531977875267584
701452360120274945
701244833289994240
701188293514268672
701132825198665728
701086232005050368
700904942840643585
700880176540823552
700833451763630081
700807422869245952
700775838803845120
700763326926581760
700755330498588672
700739258336739329
700739049749745665
700736083282145280
700729050382278658
700728754071441408
700722299922571264
700719164361539585
700714523150290946
700712270070829056
700709484973273088
700706503649423360
700703089758613505
700700130610024448
700562982535720960
700530293531279360
700452641038446592
700410275946598400
700402826711842817
700401290212438016
700398518855405568
700392513186721794
700387917328285696
700386563390369793
700378306672201728
700374751991242753
700130491031113728
700119979111243777
700114751469170688
700077711922860033
700031697379729409
699800458995437568
699768590774444032
699767357808377856
699698812579745792
699691595914989570
699445547753603072
699412898427195393
699299557222420480
699260435342577664
699042976928890880
698998219062304769
698953750094880768
698710870210138112
698658382127861760
698605887506632704
698350052901687296
698300274155204608
698236430208913408
697989447866933248
697948748383555584
697884327837761537
697616409132560384
697539103357804544
697481514196467713
697246217764413440
697113208600031232
696877418678628352
696487148887740420
696397532209938432
696151449311416320
696091076730290177
696038487649161217
695803068269465601
695778058020659201
695759117479075840
695704510002388992
695665126712553474
695429718439366656
695395824780464129
695340559993470978
695071367167762432
694977550775259136
694671492852744192
694611567355138048
694339506892189696
694248992843038720
693946930058014720
693887307724623872
693584543769440257
693524408091029504
693277251547213824
693167926237491200
692889973830193153
692527561536983040
692490308945367042
692435128467984386
692164918011887616
692071802948841473
691811787772162050
691693116403781636
691666920664268801
690724106933669888
690265091980197889
689993662541996033
689898654119792641
689616837827399680
689175534249447424
688827902809378816
688511121544749056
688426233848184832
688177829280747520
687821490155204608
687651900896903168
687456101453795328
687112238348386304
686732154332565504
686004711758012416
685591524302704640
685243121219710977
684879099513290752
684470818026303488
682652527062482945
682622358998269952
681566983817527296
681157663225294848
680836662012715008
680447984014770176
680206366397431808
680136815454498816
679469764599652352
678011369719881728
677709165502971904
676845074144092160
675455416482947075
675042042477592576
673968457445052416
672566508262846465
671838902567636993
669940679385022465
668885633918631936
667480494263504896
666371250097250304
665266296066473984
664220506195759104
662362138350977024
661314433575071744
647469876718624768
647213946529710080
646365048705691648
637343359246434304
637293489034674176
637279058427006976
596442930811957249
593807509598511104
593518918683078656
593466347079741441
