763098251503472640
757923657821855744
746032545784078336
711917872381956098
710932520313999360
704319781705490432
704167510413856769
703869472403234816
703869455407955968
699669269999722496
699656582435627008
699022746630692864
698157488827269121
697859367991975937
697153550678294528
696348999884939264
696000839408861184
694927490217852928
694927414724534272
693883569337401345
693883312432123904
693630412212539392
693628801293639680
692916888234496000
692905679900774400
692905633360797696
692840352093310976
692836657318375424
692836409577574401
692779454603644928
692733073914515456
692724807750848512
692495855396503553
692367836577140736
692355812216455169
692355791593041920
692355763331821572
692207654622617600
692115035716481024
691763227076771841
691748953579245568
691719755187748864
691683249802846209
691648319483953153
691640273500291073
691638481634869248
691637750089519105
691628835247263744
690961235345543168
690960714513649664
690708263487205376
690633696077049856
690331527327002624
690268151838306304
690253931394527233
690213269185916929
690212450067701763
690211467476496385
689974868851429377
689910806918647808
689075930258608128
688935533435842560
688911212592107523
688153350865457152
688134971773485070
687782313615323136
687781775154778112
687781510007664646
687660518069395456
687646304680284160
687640008623296516
686725728709296129
686396757778018309
686395742479593473
684786310612160512
684772215036981249
684444759545495553
684170492572467200
684109716339998720
683018675889164288
682769546063785985
682231931984035840
681536484743065600
681156966308122624
679413364603412481
679364610244419584
679358864849051649
678997119588573184
678971606086098945
677966160487297025
677571554608222208
677568517374263296
677274732794806276
677198479547097088
677008447376908288
676863087291572225
676520099004551168
676444069803986945
675829459753283584
675761666991243265
675380832815685632
675121969323446272
674954481390456832
674947454324768768
674625993315909633
674624401913049088
674333460203466752
674009435505840128
673679680139063297
672852269855997952
672846528961097729
672511495863992321
672509690044022784
672120993326960640
672120922107715584
672093020213366784
671797978814947328
671730407147044864
671730369981489153
671462277674061824
671394829205676032
669954621910212609
669590171222953984
669274331663507457
668929185746968576
668873641539584000
668869581310660613
668124302957522944
667793628136345600
667768675777269760
667730385489539072
667400643624230912
667098530323030016
666319964333211649
666310937226276865
666292123839258624
666287251337314304
665901052428877824
665531288296665088
665290886088126464
665204808987578368
664846807403528192
664483488867872769
664113000207421442
663776898946899968
663776091685953536
663773568174440448
663446042793385984
663321104811958272
663100970050654208
662829934277193728
662829716710236160
662783317138399232
662775064908193794
662758626856206337
662680148844650497
662358055288352768
662086495751114752
662048400687235072
662043046889046016
662035667262664705
662029295045349376
661975744613130241
661975586420707329
661974570371579904
661962644174204928
661937265522946048
661659905888272385
661659793397047296
661637484510449665
661605739144810496
661253825248948224
661196376429084672
660834204528218112
660518377392336896
660456240212914176
660169026610462720
660148647204532224
660095717273300992
659823112998035456
659817599702802432
659817490944536576
659763065454534656
659762963474194432
659735062586388480
659556925915402240
659556840091615232
659515547609120768
659479282767499264
659443853464879104
659431410546049024
659377189125685249
659367500442763264
659107939525877760
659051257676480513
659049011442274305
659042432252825600
659027018999332864
659021149431578624
659019937487409152
658871107605262336
658814250631061504
658801315582119941
658714834612039680
658692300621524992
658685901770362880
658282679067000832
658042600285278208
658042117143400449
658042094154416130
658041983961731072
658000891639828480
657926693433180160
657813058346061824
657812999734824960
657655296475680769
657618195302318080
657557319610339328
657349276620619776
657293980523073536
657293898503487488
657293882183454720
657293829909843969
657293819386290176
657293808149790720
657292474696658945
657291913511350272
657291903138795520
657291849007149057
657291836428414976
657291822721466368
657291807215095808
657290233780695040
657290201576804352
657290190193455104
657290081883975680
657289522397380608
657289513106931712
657289075779436544
657287816427114496
657287806096510976
657287331448139776
657286844858527744
657286832082649088
657286629925613568
657286600775172096
657285907280621568
657276988239904768
657240076062101504
657231782564106240
657228239543209984
657225512142540800
656995476118474752
656959031576129536
656949491765940224
656939888118382592
656935946231771140
656926294467198976
656920909157023744
656910806190174208
656910715547090944
656910151337684992
656563124653441024
656561516053942273
656558553839370241
656521161212305408
656474377836503040
656463963283202052
656463921998598145
656298313998843904
656209167863193601
656191713745182720
656177269459709952
656160664348708865
656160114865520640
656157587012980736
656108688491585536
656107437854990336
655817058307829760
655536306253144064
655533972869521408
655533259162521600
655466676260073472
655466593242251265
655465969356296192
655462396782333952
655461849329180672
655461266400628736
655460844877324288
655460633513717760
655439876482015233
655438873896570880
655438695621894144
655430727396233216
655126405878009856
655104894274154496
655096123082731520
655087334535200768
655068046734835712
655059433014337536
655058766942085120
655057162771832836
655050873572347904
655050494658924544
655038115271323648
655026288676196352
655023726686289924
654763542432776193
654738833020338176
654736536160698368
654723507947876356
654722455894757376
654696905595711489
654696314471493632
654682677233102855
654664623061229568
654664601322131456
654663319748345860
654663284927283200
654663112772026369
654660638757679104
654484964667457536
654484607992221696
654483544849428480
654368139178737664
653996927420231680
653665939133566976
653632911808172032
653254714562252800
653005627950694400
652893259824525312
652558665820471296
652546330146025472
652531497405034497
652478952775262208
652292293890670592
652256643137314816
652238900836958208
652237050071093249
652205172345733120
652167278864150528
651859999455469568
651849633644154880
651804019673853952
651467310184689664
651448108640026624
651447853978681344
651442951827013632
651178393732452352
651140448480727041
651139239334166528
651129916822425600
651113566007750656
651101037126926336
651100932369981441
651096988734386176
651093151113809920
651037284670799872
650083211935019008
650022556595015681
650016545289015296
650003399824556032
649717329559875584
649712645709410304
649712607792922624
649264275005960192
648976109313347584
648632307121790976
648568040196472833
647464700234457088
646823650411216897
646324672443875328
646058673266126848
646026010979254272
645659259653373952
645655845066424320
645652845757362176
645380689811144704
645380637227155456
645379845581602817
645378356779872256
645280469257351168
644903657255907328
644598688246050818
644598678825603074
644565389213478912
644283450028097536
644283427831857152
644281290334846976
644281080334393344
644251347039096832
644250927927455744
644249763517370368
643948747282624512
643945795406954496
643944673929756672
643942640522817536
643920105152376832
643865894540713984
643836067616026624
643835181615460352
643835016628305920
643829762528542720
643558704432967680
643553547146141696
643542956985573377
643536065618386946
643516006888022016
643496298818207744
643496164403363840
643496131113185282
643481153362653184
643459331011268608
643459201969332224
643457680774852608
642748077397274624
642415666310438912
642063441448972288
641618374896812032
641602118470664192
641387014001065984
640733220263301120
640499316029792256
640353662200619009
640353601014104064
640241606944272384
640237277290082304
640225905340715008
640205868018085888
640200499275386880
640194008657039360
640147291953864704
640014233032331264
640009986828038144
639997788814753792
639989755598516224
639989738162778112
639986663087849472
639984571350654976
639984154864652288
639832959672012801
639611596206153728
639501380449869824
639483418477248512
639423188825456640
639138438151737344
636569840497639424
634489241129611264
633829486396620800
633678420933767169
631920796663984128
631919354045669377
626740441728221184
626739361988657152
626736369843486720
626736329712345088
626736263190740992
