579406500478787584
578731004254416896
578291504914903040
578021640661024768
578021634830962688
578021624080949248
577914588869615616
577579714900017152
577579641566806016
577560833112350721
577559176571940864
577281123258011649
577219399310028800
577217901020778496
577217830761951232
577217809853317120
577217761396596736
577191117302554625
577186719474188289
577186364526964736
577185667953741824
577154549212819456
577112126692724736
577112086813245440
576966245762883584
576961307011911680
576932717771681792
576932710888914945
576932660599136256
576932540470022144
576932506345152512
576804116971798529
576773105214951424
576765387687202816
576755530343002112
576755429730070528
576739056454864896
576729151849275393
576726852250796032
576721993506107392
576721836806922240
576721792024375296
576721769593188352
576567679324147712
576563233080913921
576563165972033536
576563101593690112
576563060011352064
576563039513763840
576481931010899969
576473392410394624
576473165104308224
576473097324388352
576472975379140608
576472974284464129
576406411518836736
576406333873922048
576406314936606720
576387516460331009
576387478145351680
576387402211713024
576212183119470592
576212044648697856
576211992341581825
576197998033707008
576197939216928768
576143140157014016
576143094732726272
576131766387367936
575979895257444352
575819128075870210
575815837958938625
575806387663564800
575790637662007297
575737132913815553
575736975526731776
575613704949071872
575399836809232384
575398461576642560
575372815899041792
575372065450012672
575250155525402626
575115410368000000
575114972981821441
575114046061559808
575113961340821504
575084048453877760
575083142891053057
575082308979527682
575074255525650432
575050795713961984
574700437896577025
574673738416918528
574672994951413760
574598441462034433
574580273301602304
574577573201641473
574448471564021760
574421429745221633
574396325342638080
574396168194691072
574345560607563776
574324183238311937
574319860265672704
574319709178454016
574319643667644416
573820754015436803
573819869004742656
573314676467081216
573311810813747201
572908094243643392
572908069480472576
572907914714857472
572907853356376065
572907847291441153
572839943220957184
572839768893091840
572839623573020672
572839481549725696
572838096804446209
572837800527196161
572785353708445697
572603249766875138
572511622696185856
572511357163212801
572217419193823232
572103373987692544
572097135497375744
572055492127793152
572055398120882177
572055376113360896
572055346572861440
572055279401091072
571488721641586688
571487828296769536
571487436817223680
571487399894769664
571487382287089665
571487353811959808
571133980386451456
571133858210570241
571133797955198976
570766733516128257
570765935356846081
570765672453693440
570765472930660352
569360552818032640
568481711501271041
568230563884212224
568230319935115264
568212659855888384
