931346906382417920
659834915849007104
659053027794382848
657587885709725696
657228702611181568
656952006624448512
656531021991534592
656138026624512001
655068980705492993
654643436595707904
654340224982511616
654088064310996992
654087998003240960
654087857879937024
653975411852836864
653975250468663296
653621618774638592
653238667629072385
652876293856362496
652540113382084608
651788680030322688
651424638669451265
651056084254257156
649615359553605633
649251641196085248
647175250136842240
647101857454665728
646802256382177281
646377642531295232
644175629965901825
643830100572532736
643460271273472000
641357133997412352
639843224773750784
639136827736068097
638387530564419584
636932265667198978
636581360560312320
634775461151817728
633714327061688323
632249233979015168
631891194730024960
631132244107628544
630785245252456449
628596274476904449
628596013960269830
628230630556332032
627157084824408065
626426715900809216
625699442667057153
624602454462586881
624250333514981376
623893761588772864
623523890736697344
610239697940516868
610239457376235520
610238250817585152
610171795065466880
609904817734066176
609869194784583681
609868447422513153
609868222322593792
609799815673868288
609411171427483650
608832992333721601
608832702075269120
608765494863273984
608369478167068672
608369250894495745
608368796508798977
608028740807852032
608022945982775296
608022853754212352
608022799651848192
607975726797737984
607584997239693312
607584893380513793
607584833846538241
607584356501229568
607338417446338560
607241807353790465
607232148697808896
607232058767736833
607209322322526208
607208774483505152
607208256835100672
607207911375413248
606969560776851457
606921523191025665
606921338587119617
606919982858051584
606909351387910144
606898630587392000
606892954733674496
606889154413068290
606889123056648194
606886213610438656
606883374607831040
606863494647005184
606850225916002304
606641211638718464
606640718048849920
606640646867288064
606640419989024769
606640365152567297
606640297108508672
606640257589755904
606640210768744449
606640152291770369
606640100898930688
606639824905375744
606635752374587392
606634576212066304
606483661874163712
606466169034391553
606463513259831297
606252960176160768
606246032381509632
605970777897336833
605922035181625347
605884734724403200
605828918659022848
605828278671151106
605828256722354178
605752308664832000
605751309980053504
605538823108476928
605516488074797056
605509984533684224
605492933224054784
605491364382437377
605491272250355712
605491206907269121
605381285234810880
605380871168925696
605208364201578496
605208301383450624
605208179144720384
605111704062730241
605111499871395841
605101393591025665
605099886481182720
605098137519304704
605096457616662528
605077426025152512
605063360829386754
605063073322401792
605062865503027200
605062626612244480
604880379569315842
604879031549329408
604878899244187648
604846381258317824
604846352992837633
604799866104123392
604799655201914880
604799533739044864
604793732500713472
604759691948748800
604750881188397057
604750685503135745
604750633648967680
604649454663290880
604648543522029568
604648397887406080
604637002634555392
604636961018626048
604630237847121920
604629507191021569
604510314735005696
604508746568617984
604507628379734016
604478342922792960
604478323842875392
604453508662890496
604453307101396992
604404039778844672
604383148462342145
604365247701454849
604356462152978432
604356351737909250
604342449855676416
604334684441563137
604294210859225088
604287938688651265
604283043713536000
604278642282221568
604278069646512129
604277923017789441
604146630657343488
604146033522659328
604145973774831616
604145930040795139
604145706501185536
604120569286692864
604120372062130177
604105995145478145
604101898875060224
604092694244237314
604090376304091136
604086699212283904
604078377272774656
604073565902782464
604072757559709697
604060926220853248
604060409985945600
604039734957101056
604033105985298433
603993069453590528
603949115748306944
603936507456528384
603935736644112385
603935716511510528
603720414146080768
603693627425083394
603679137509863425
603679107520528385
603675715423379456
603675674021232640
603672535247560704
603672372315557891
603672347829211136
603669022962556931
603668808050581505
603667902496137217
603667890827599872
603629937812176896
603625631318814720
603616617772220416
603603657716854785
603602083321880576
603601471645560833
603601395065999360
603465446776446976
603458277226094592
603454508740452352
603418715430858753
603418667779424256
603417246375911424
603413637848432641
603410409706491905
603406911128539136
603402198878326784
603397324199493633
603394140626227201
603391525200867328
603389698111705088
603388296656343040
603384040888999936
603382476031950850
603378345699577857
603369606611271680
603366206159134720
603359698411266048
603353263321276416
603307520711614464
603299897715105793
603299797068554240
603296174934753280
603241912099872768
603241717282775044
603241675759218688
602996053630132224
602894630791806976
602893745416237058
602606825989607425
602520439521464322
602477084318007297
602255280638926848
602176119656337408
602158057343328256
601953195749847040
601892791321366528
601892737441402880
601875448730144768
601831384785690624
601791634150330368
601784826006372352
601606133523025920
601595339259379712
601563177571094528
601563146738737152
601557268316827648
601541302321356802
601532484480794624
601469857155182592
601461948916469760
601460401390256130
601460360848113664
601453931827335169
601448420386033664
601448267524669441
601447659484774400
601431457643507712
601417504527908864
601401902849499136
601390125243858944
601387834512117761
601386972360347649
601265936406941696
601249683927793664
601249590109548544
601191450584477696
601181252251754496
601170242124029952
601164656359526400
601157773003509763
601145296077365248
601143410951462912
601143375899688960
600906888826355712
600868543001821184
600864874126708736
600864854723833857
600843480647237633
600786125519724545
600777671119925248
600763964566478850
600754633481408512
600749652548329472
600740428971782145
600734865168998400
600733412123549696
600733095696936961
600732912976171008
600732762006560768
600732152288911361
600731130225172480
600730818638696448
600729029361213440
600728259739914240
600704314420637696
600698367040163840
600697254433923073
600539310895403008
600539273763295232
600539173716557825
600515910303129601
600513404336513024
600473154264391681
600438217024905216
600414947999285248
600411804985008128
600394922794078208
600148284053716992
600048263832567808
599992039061630976
599992033248317440
599794415255748608
599794370968096768
599794330660831232
599793989194125314
599761556436426753
599744543848673280
599744535124541440
599744526190678016
599744516447293440
599744509694488577
599744496067186688
599744488559378432
599744483266207745
599744476555321344
599744469311721472
599744459387973632
599744452538728448
599744441297973248
599722507063599106
599722446443294720
599672004409569280
599671977452797952
599671842605936640
599671773097951232
599415812487782400
599410517644476416
599397016444268545
599396892812840962
599298139552645121
599291671507902464
599291637085310976
599008678080053248
598990784826859520
598634432912871424
598560611270848513
598340162054066176
598277499466944512
598185646570737664
598171156726714368
598171090997743616
597923344583790592
597914772730843136
597759160382554112
596888334087102464
596842828073865216
596725181415952384
596479621132111874
596364675849138176
596118973223030784
596115641767165952
595691446608470017
595675683084447744
595675269039595520
595652670712602626
595360534393827328
595343543691907072
595343486523559936
595313712547762177
595291298430464001
595291263609372672
595291253937295360
595291215106445312
595291198044024832
595272101679865856
591368041365168128
591235688013660160
591044321228369921
591011987686981632
591011973531217920
591011915414970368
590710848315850752
590710548758732801
590662284713840641
590662266997108737
590640791724421120
590224735822290945
588834966051692545
588399336494669824
588386847031631872
588218732700442625
588123243372015616
588043212536832001
588010233349414912
587663615982878720
587491816955453440
587491738735869952
587491733815955456
587465046441201665
587464851657723906
586367147577753600
586366989477646337
586294460641841154
586293588893552642
586293065415032832
586221393953607680
586220702761689089
585949240683290624
585888980844949504
585888844303564800
584875812358197248
584875158491439104
584874812121554945
584874655502114816
584612873084645376
584502793144180736
584502773938434048
584477101530554368
584469212778766336
584462866578669570
584456335829241856
584452980566392834
584452143806951424
584452073787228160
584452026286747648
584445760118235136
584441169796407296
584437490351640577
584430945874214912
584427954182098944
584427031066120193
583682836231774208
582935609943162880
581928989129715713
581527788764659712
580492626505383936
577859162010324993
577859074781380609
577858734652723200
577858722178842624
577858710191665152
577858343563202561
577586244638486528
577552624741969920
576421658640166912
575854858068041729
575792983620108288
575448171964297216
575442986768728064
575436112694480896
575425542012469250
575423874059403265
575397974865485825
575366021936214016
575339107775344640
575318249946025984
575318237140795392
575302636112642048
575298295855214592
575163062623203329
575162514020769792
575147547896901632
575146983351963649
575146973424058368
575138601329012736
575032197142417408
575000161920937984
574992415418769409
574955612691382272
574955472769449984
574022365295808512
573544102366609410
573235017645744128
572874837904920576
572874526352007168
572825010366242817
569663463217192960
569586968771735552
543489507824115713
542444532273397760
542424340810067968
542424309751218176
542424286976163840
542424231917543424
542424168080240641
542423750390476802
542381068003725313
542381004850089985
542372689352990720
542372639172333568
542372034873815040
542371141398958080
