885631581225836544
847205902654427138
827640976571191300
814559117087907841
812063674005221376
809199537285799936
801218111663915008
800477793230475265
800367851852865536
799983824851599360
799690812745543681
799382240979456000
799051832886706176
798687092851310592
797206442403053568
796833770271866880
796543205533745152
796467375860314114
796172790055350274
796138821536665601
796064256856915968
795818873878675456
795789257256423424
795789043552448514
795744760799629312
795744476027293696
795714208939868160
795689175156592640
795451003751591936
795396941148463104
795043036539527169
794977181025718272
794976013188902912
794975549869330432
794691378525642752
794642527211102208
794347190789566465
794321038716895232
794264454439518208
794259920291962880
794258272605896704
793608049265152000
793606342770556928
793591290713604096
793569899583049728
793551481844723712
793528285896388608
793516158527733760
793485654508175360
793252494864371712
793224515014713344
793193091855298560
793167367035465728
792475840655216640
791810840018219008
791713088026316800
791097034946154497
791029198701735936
789501114127265792
789224246257913857
789224088099106816
787039683641389056
784815515948625920
784528752390701056
784480303121182720
784171671812878336
783471779222134786
783418581488762880
774301617311002625
774018416172728320
772811609479581696
772464316712824832
772101997143072772
771774169365164032
771485162538463232
771074444827779073
770678638282878977
770341982837374976
769927052933730304
769670982566944768
769625043340894208
769344391567646720
769272536848699392
768850405245628416
768504491826044928
768192614864527360
768135514478092288
767770440022360064
767471549343342593
767395546772320256
767132693322608640
767103999107489792
767045120247992320
766750306348601344
766422730933624832
766006281245106176
765936636102320128
765722842398883840
765643459017322496
765597305240227840
765265141327814656
765258255429885952
765258191357612032
765216561661554688
765171270535131138
764914554245554177
764851130601832448
764808863363182593
764735459830304768
764735227717496832
764735006568648704
764672915908329472
764612606749310976
764545918683140096
764331434836234240
764330712669446145
764259250302443522
764253924727529472
764205197212028929
764204277266919424
764144994949095424
764134212446228480
764133874343346176
764126498416693249
764109885071994880
763972249233698817
763971236758036481
763971053152415745
763969689005326336
763903142459092992
763882601715081216
763831905624002560
763822264387121152
763790978398294016
763780949515526145
763765513688326144
763507487899197440
763462654279188481
763462518362759168
763462483864584192
763447140018294784
763398659635544064
763394605492469760
763394519538688000
763269856351223808
763269844460376064
763269813661675520
763269781868810240
763269771387285505
763269761606127616
763269752529694720
763166867359879168
763146125847195648
763128482461208576
763126801371570180
763126204937285633
763092027017867264
763078408402198528
763049596134252544
762823367669846018
762789349222076417
762784191717179393
762761903697297408
762761810822901760
762761255211851776
762761157669105664
762724412323803137
762695082088759296
762694541040160768
762478674272673792
762442914752364545
762363382032805888
762360336888369153
762360056335572996
762157170368483328
762119744434470912
762119591241789441
762119582077235200
762114938097635328
761978606826364928
761739092920930304
761696414694936576
761688169905479680
761667640473464832
761609471919403008
761577667976007680
761427492796104706
761369587040526336
761341002204508165
761294278769291264
761269883120324609
761218428178878464
761009431761027072
760990575919140865
760947035671502848
760903575010705409
760710595603759104
760645445366362112
760628437077794818
760617167683399681
760288767051694081
760188423705497600
760155818117300225
759879722293600260
759539609822826496
759131867966615552
759101286692245505
759048388406980610
758836099108118528
758772744464969729
758454268697325568
758453371774783488
758367092441686016
758121625115987968
758098837504307200
758010433533915136
757647895956852736
757260774729322496
756923158054055936
756922620738621440
756922410356514816
756882299208085504
756640044442464256
756550168195977216
756549826750377984
756549718931570689
756549529529266176
756541655310823424
756343430553280513
756330169262968833
756315192896679936
756301749476921344
756301325281832960
756298485088018433
756296974832467968
756295147177009156
756235529717514240
756216946958344193
756215613060636672
756187014580490240
756184052546220034
756184035131465728
755906325159161861
755494068747112452
755078013260267521
752567749361045504
750064754576662528
750064543015972864
749981197472702465
749702528032321536
748947422785654784
748598700365082624
747527724239970304
747493641338269696
745311390378795008
744956540692504576
744731615570493440
744575566246871040
743956516688920576
743952880374276096
743952680910000128
743952496331227136
742430010196234241
740622839200387072
739976155214798849
739882027999076352
739881139913953281
739880992895180800
739880872631894021
737404735687254017
737312719943041024
735211333814128640
734809252141760512
734536627679203328
733346191639908352
733342638665957376
733342293030133760
733338001716088832
732671797238333440
732088955936477184
729332584828674049
725753261635059712
722831550908276736
722831475284938752
718240187780894721
718239900181622784
717750727750254593
716792444793131010
716344939336978432
716343505061175297
713115788954218498
710643918791008257
710586106107052032
710163731615977472
710163541584691200
709854952202473472
709788062985822209
709788004311633920
709787607564210177
709779852967026688
709700391483473924
709700344595349505
709699989056819201
709605468767801344
709603832024551425
709602686178500609
709598552050180096
709596406487486464
709595845021143040
709594932768473088
709594804166918144
709594718418505733
709594683110916096
709594654333751296
709593846598873088
709560101359648769
709554634105303040
709542728539877376
709490497660661760
