668112463070674945
667387897809645568
666662901810360320
665946957525876736
665226111572283393
664125906835795968
662341825898803200
661352751486472192
659131201014251520
658818039157133313
657725198506979328
654047214130479104
651094623956267008
649652576347013121
648912669785784320
646384411601076224
644590849477771266
643484241217515520
621407073285177344
621009403437826050
620359512554213377
620329300365959170
620291589089300482
619985802475409408
619966946285522944
619952818464489473
619914087493799936
619745479849422848
619744101370478592
619739299559256064
619728105347768320
619723010052747265
619369533921341440
619264807791804416
618843390784835584
618479702806626304
618461517290188804
618177661140013056
618140603411361793
618132383447973888
618121340256563200
617739755262849024
617021929904418816
616686150233796608
616670777157365760
616669071208251393
616380878558629889
616321017674399744
615955382914035712
615671219321335808
614839252103204865
614602826665230336
614583990616350721
614161650019536896
614130988298309632
613813960815435776
613773121200373760
613490384006590464
611699998393135104
611654677990518784
611337601379729408
611292291697762305
610960638207115265
610957412661641216
610613082641989632
610584446295744512
610541246948360193
609525693282516993
609492552299839489
609144426078695424
609100450768420864
608800864254320643
608419439940354048
608076104419516418
606989009970065410
606282171540754432
605500477782884353
604452228942864385
603743126445006848
601190374804168704
599382381246582784
598654219206266880
596842093248557057
596117303294435328
595392534056079360
594305399202840578
593914982779064320
593910317899325440
593540988322222080
593218299627839488
591044008094224385
589231953024389120
588507132389036034
587782407811510272
586332895888850944
585608105339166720
583796159329632258
583433765126418432
581588878185791488
580897159056265216
573604540433371136
573243523383742465
573166820301012992
