799686884708335616
794362971161931776
783399241762779136
783153525387698176
783153445624696833
783152781330788353
783152150004178945
783151907606896641
783151770092437504
783005836620685312
782989485193605120
782628563065331712
782628537006030848
782628482736017408
782369511106158592
782302898365485056
782302871605825536
782302816064811008
782007148548984832
781976927913517061
781961315422056448
781906432803254272
781901431926296576
781894642677592064
781644748197130240
781565232946700288
781560384045977601
781560300348674048
781560167624159233
781559880150691840
781558556113838080
781292125992484866
781291994316410880
781288104959369221
781282351938736130
781270545748852736
781208387728007168
781176660179595264
781156589277286400
781148594845855745
781148486238543872
780985720315977730
780981629959475200
780964001022746625
780963952121356288
780963894344822784
780963859901272064
780942426009591808
780942400453607425
780940697461403648
780940514287767552
780929139473653761
780929071563714561
780928406057648128
780928323929018372
780927452340072448
780916372922519552
780916345621712896
780916123713712128
780908865458241536
780822498359123968
780821827627077634
780816212565463040
780660754462576640
780557610667876352
780500381730164736
780500118839578624
780500075462012928
780499973666246658
780499877776150528
780481804473995265
780481505432702976
780074406320168961
779832802418229248
779686772045471744
779513276061265920
779485515355713536
779450166935814144
779446802227408897
779397927793983488
779184696190132224
779184495744327680
779184359022530560
779184252151738368
779183921615351812
779183748419956736
779183626323763200
779166980305674240
779032534093004800
778745634543153153
778646095459069952
778645439272714241
778398401239003136
778313861564772352
778035963800977409
777944075525722112
777296104425533440
776828062667112449
776613697233887232
776571417462579201
776521456003842048
776261367313477632
776122886205480960
775861710301167616
775810634520879104
775725824360099840
775499243947692032
775378519652114432
774369297728573440
774367454084554752
774046986592845824
774011898513596416
773717479986122752
773717425695039488
773717242504544257
773643039227072512
773348662919376897
773348183862681600
773204255033335809
771860282847141888
771830082226622465
771829833999405056
771778060139888640
771495475270692864
771494656169299969
771414960379355136
771414521466413056
771037430308671488
771037160325550082
770794249847615489
770680897741795328
770680173154869249
770426039453573120
770410719179333632
770366814316396544
770365620588130304
770300936065576960
769986072810061824
769944917078478848
769682382865608705
769682261222404096
769682135863013377
769682058306138112
769682006422671361
769681807117660160
769681503513042944
769590248061882369
769322796476313600
769322537595514880
769322279251513344
769322138352234497
769313473482240001
769218911229186048
769188658549100544
769188542085935104
769043423416446976
769043360837410816
769042971698270210
769042830731935744
769042777766260736
769017125897904130
768606338637295616
767164333772210176
765283022467989507
754707302331002884
754381192514850816
753982451551178752
753620131381587968
753281325428113410
753001370777628672
752532977221906433
752170598017544192
751808251201593344
751566697845428224
751468803238748162
751170951220375553
750811478450663424
750390288393261056
749981203961290752
749711254348980224
749633877098926080
749322840638304256
749271524020936705
748973558919946240
748925002251063296
748672735228874752
748621104542015488
748409007350513664
748377112231419904
748377022322343936
748371851605348353
748356853185150977
748356758876233728
748348875015020544
748339833030864897
748339658312978432
748328460376936448
748328413828550657
748327467379634178
748326720302813184
748326638836867072
748321770902425600
748314229917130752
748313627032068097
748313563899408385
748309281158500352
748299381372182529
748297946362327040
748297676848922624
748297359038152706
748290459198316545
748280195660931073
748278637271519232
748270308872749056
748251239289257986
748249418730659841
748249299142606848
748248761986519040
748246607213166592
748241360767967232
748240381515468800
748240264867647488
748236665244680193
748198519136190464
748191915024097280
748189325276381184
748179888276807680
748154507515727872
748154272055844864
748140462985330688
748132124658532352
748116097623154688
748113128844492800
748063673021718528
748047152606240768
748032988714274818
748032913984393216
748028696825585664
747997283824766976
747992954518667264
747991016943190016
747990706103279616
747977064196669441
747974603914412032
747971536531791872
747971480244236288
747971418004951040
747970618876801024
747970536509038592
747969096008900610
747946868756250625
747946700380078080
747943313936814080
747933011719528448
747932162247143426
747932066176598016
747931879739777024
747903825579675649
747869955832504320
747863420762894336
747841863864967168
747829059808202754
747828676327157760
747828086704508928
747826924597088256
747822470665691137
747819920985989120
747819851058577410
747819801431547906
747814410245136387
747813893032935425
747813294191239168
747806964512522241
747800879793770496
747800816854040576
747799544587386881
747798580866351105
747794641886416900
747792604394250240
747792408356630528
747791309197348864
747672526709465088
747666738674806784
747666640825884673
747654946623995904
747645001077784576
747635737017802752
747635624736239616
747635475758747648
747635251883585536
747634944294301696
747634599237292032
747633325737541632
747632714681978880
747632577591156741
747631637324718080
747625162539884544
747622312434769920
747622067323867136
747619856799797248
747615673686208513
747615366088515584
747615266826182656
747615189378293760
747612459502968833
747612428641308672
747602348256559105
747601977383620610
747600458705821696
747598865281409026
747597158522576897
747595939074891781
747576176214835203
747576144996687872
747567156095647745
747559140231241728
747558696322895877
747558632565334016
747557688268054530
747557486970843136
747546276531601408
747543922986016768
747541413894619136
747541171765805058
747539017160220676
747536635500208128
747533524530405376
747533414757130240
747533246578073600
747520316893605888
747520191295217664
747519698640715776
747519566314536960
747516570583203841
747512681632927744
747498547956744192
747497389141823488
747497253405757440
747497240395079680
747497120194695168
747495877086846979
747493631632642048
747491562939047937
747491274115055617
747490893234528256
747490775760404480
747489087955689472
747484909795581952
747484710213820416
747474348068372480
747469209534267393
747462652767543297
747462546416799744
747462085148184576
747461960178892800
747454194341158912
747411590681530370
747381368061988865
747310364472180736
747309952805412864
747307070274211840
747300358133735425
747297649833869313
747293913602392064
747292421998804992
747283269415141376
747272788092739584
747269164876726272
747268790799347712
747267134724542465
747263673928810496
747262101496856577
747260262672044032
747256213780504576
747255704847691776
747255144429981696
747255025794093056
747254217169993728
747250166307033088
747247797309583360
747243453294096384
747243389167378433
747238403230441472
747234438925324288
747229087916134401
747223749829681153
747222873568215040
747221050648256512
747216640220102656
747215986286157826
747215802533740544
747214221897654272
747213582354419712
747212721884528641
747208159450697728
747208034305204224
747207199399677952
747206729499217920
747206095580463104
747188430778470402
747161417598406656
747161368621514753
747160015878840320
747159233041338368
747151615879086080
747147048785313792
747145735183831040
747145671120064512
747145409433210881
747144433385119744
747143620780654592
747143534688407552
747143303053746176
747143209617219584
747122120224735232
747122014725386240
747121927571988480
747121737301524481
747121443889045504
747121347583606784
747115877191999488
747109597551304706
747108464757878784
747106128874504197
747106048612261888
747082072632635392
747082011790041088
747081888225910784
747066533457756160
747066408006090752
747055861348999168
747055743472283648
747053654830522368
747053598861778945
747026592770076672
747026389409226753
747018465580462080
747018218003271680
746991819938922497
746991555597082624
746991002884276224
746990817911312385
746984888633438208
746983914128846848
746983827289956352
746983174652125184
746982926663901185
746982828177391617
746981302297976832
746980584254111744
746979248791904257
746976390046588930
746975537050968064
746972143640936448
746972016230567937
746963129108561920
746955341527560192
746952462158823425
746950864489742337
746949689602277380
746949177649700864
746945526994599936
746944641245675520
746944433782808576
746943963936919553
746943896102408193
746943807590006784
746943551041216512
746943369503334402
746943256395546624
746942561722343424
746942344268681216
746940350694985728
746940313533452288
746939506247401472
746939114411327489
746939028298031105
746938815072219136
746938622566293509
746938543650418688
746937331341418497
746937197601841153
746927390891245570
746925861790638080
746914341744611328
746914062903054337
746913444809449472
746913379109871616
746913273287610368
746912954415644678
746911997485187072
746910282719453185
746910190008573954
746908680306647041
746908249753063424
746901492540440577
746900296647872512
746890691456839680
746889116415983617
746881127609040896
746879986871590913
746878655037464576
746869453187485696
746869353266581504
746869130590986240
746867036098158593
746866795676475392
746863584685129730
746858434662850560
746856290677186562
746852767025639424
746840584690634754
746828278481117184
746826754505904128
746826248727367680
746825941196800000
746824400805072897
746824002803359744
746823372466585600
746821093906755584
746819716883218432
746819476390182912
746819179336982528
746811722204229632
746810916436480000
746802181584498688
746793242264428546
746792982322413569
746792205348528128
746791826028269568
746788364293046272
746788319791484928
746787595040882688
746786605965287424
746786206348828673
746783106036707328
746778753448042496
746778209971212289
746777990877450241
746777929237987328
746776249331126276
746774907552292864
746774407075397632
746772249034657792
746772112858177537
746770801311907841
746769200346075137
746769019252809728
746769006900568065
746767671971057664
746767298057240576
746763343277391872
746761298147319809
746761279121985536
746761198503264256
746760224632016896
746760104746196992
746759796238360576
746759451038756864
746758829736529920
746755714052304896
746753639985774592
746753422385287168
746753336313937920
746751973144203264
746749305218732032
746749298235215872
746749016092729344
746748744729714688
746748419729829888
746747925695389697
746747076118077440
746746895989497856
746746084182003712
746745122092548096
746744184246153216
746744055137083393
746742334914596867
746741989266202625
746741903211663361
746740506701402112
746740420625862656
746739014573531136
746738927755624448
746737024615362561
746736933917728768
746735328073908224
746735141184118785
746733212601225220
746733113443639297
746732617936969728
746731701288632321
746730345798606848
746729907179266050
746729105928785920
746728436111028224
746727751479025668
746727416744206337
746727322384949250
746726414829785088
746726345879650304
746726153449177090
746724203672440833
746722577628823552
746722383860359168
746721826630311936
746721570379337729
746720388042752000
746716693196509185
746716668462669825
746716630609059840
746716459443716096
746716310537535489
746716136805326849
746716097382998016
746714575215558656
746712078161850368
746711999996796929
746711981319561222
746711783839174657
746711679434629122
746704617929478146
746703469336100864
746703124128112640
746703019346038784
746702933530599425
746702569083265024
746702544211050496
746702500678381572
746702476062003209
746700239340396545
746699805561257984
746699165510492161
746698531709169664
746697770291994624
746697429471289344
746697084296798209
746696487556395008
746695850995290112
746695486149537792
746695258092691456
746695145291026432
746695144926117888
746694565302697984
746694127056629760
746692743359954944
746691925776883713
746691859464912896
746691613372538880
746691302679404545
746687542506848257
746687506016403456
746684006473752576
746675936968347648
746674378021081088
746670412340199424
746667673409380353
746666518855876608
746666351062716417
746665729554939905
746663544247169024
746658550005407744
746653610033831936
746653560478150656
746649419714420736
746649324407259136
746643168569896960
746630781146005504
746630559716118529
746628053594345472
746627257326657536
746626715284234240
746626629732970497
746623869587316738
746622318105886725
746622219757838337
746618366262030336
746611594193362944
746611357584232448
746610931837210624
746610571928178688
746610317950521344
746610249323294720
746609205851754496
746608086916308992
746604620869341184
746602881965391873
746601183184195584
746599092386566144
746598736147550209
746597384390533120
746597234129526784
746597121529286656
746596958165336065
746596623862669312
746596396946489344
746591758847401985
746591679495364608
746590890412498944
746590803506520064
746589829400403968
746589384829374464
746589266357063680
746589111897624576
746588953776529408
746588651644039169
746588332616888320
746588300756955136
746588114215284737
746587355415351300
746587248821362688
746586557419708416
746586525375176705
746586436686643200
746586430080638976
746586416683982849
746586037317574657
746585972725288960
746585936318783488
746585346645725185
746585022937739264
746584089180807168
746583939662282752
746581761727959040
746581666378854401
746581640986525696
746580449787412480
746580424713895938
746580235651448832
746579728664932356
746579689519480833
746579640240607233
746579563342233600
746579538369359879
746579382458679297
746578820514209792
746578756685291525
746578590435708928
746578469425811456
746578325527638018
746578301225836544
746578240999849984
746578227775213568
746576130845532160
746575946912669696
746575817568727040
746575798618886144
746575512403771392
746575447140368386
746574739640979456
746574672355950593
746574565711589376
746574509507940352
746574354788450306
746573864008716288
746573190256697344
746573007724765185
746572976498180096
746572258701783041
746572178607333376
746572073468735488
746571980694970368
746571888214704128
746571789925376001
746571573117648896
746571536174198784
746571431081713665
746571213451853825
746570940511748096
746570758864789504
746570739919130625
746570609434341376
746570553465540613
746570235927400450
746570018909917185
746569567963516928
746569468290072576
746568933952487424
746568765958066176
746568283067813889
746568227589750784
746568178302476288
746568141312925697
746568095653756928
746567984383025155
746567866003005440
746567032024367104
746567025670033412
746566820228804608
746566653815644166
746566653442326530
746566329520394240
746566323166052352
746566316903915521
746566236104859648
746566224209809408
746566013701881856
746565859523473408
746565468832489473
746565294399754241
746565226695254016
746565020037718018
746565007815499776
746564902462992386
746564716512763904
746564641917046785
746564511872606208
746564122075029504
746563973751799808
746563930542084100
746563924305158149
746563847809433600
746563714741002240
746563642552770560
746563548252241920
746563332300148738
746563270580928512
746563146270154752
746563103295340545
746561664347103232
746560938522730496
746560870642126848
746560306285969409
746560274904158209
746559917276880896
746559898306023425
746559873828028417
746559562371600384
746559548647890944
746559358910115844
746559358411038721
746559171290505220
746558898451054594
746558823473643520
746558804788023296
746558376121819138
746558363652108289
746558326880669696
746558258899357697
746558003826962433
746557872759148545
746557757357072385
746557670887292928
746557590058917889
746557372550676480
746557099518238723
746557080778080256
746556971306758148
746556914989883392
746556883813572608
746556877463379968
746556821230387202
746556227346276352
746556077651562496
746555841000542208
746555822314926080
746555725925646337
746555316381200384
746555184885620736
746555017969041408
746554591571906560
746554443466846208
746554437171183616
746554261522153473
746554151778193408
746554032890621952
746553326725013504
746553040920940544
746552964878209024
746552510719025152
746552405773344770
746551922459443201
746551842159505408
746551822836338688
746551761230434305
746551413065408513
746551306400079872
746551281997778944
746551070340440064
746551012329033728
746550997724463105
746550997372149760
746550478859735040
746550409762791424
746550112835428352
746549500236337153
746549493953245184
746549357688815617
746549258183024641
746549108551254017
746548232319180801
746548157824147457
746548052282871809
746547729686364160
746546982513061888
746546967740743681
746546859385118720
746546802833293312
746546208546557952
746545338421379073
746545295178117120
746545264433848320
746545223141048321
746545188709928961
746545151300952064
746545051707154432
746545014755319808
746544853354307585
746544487153819648
746544226695938050
746544147448766464
746544023519690753
746542547976208384
746542117837647874
746541956491149316
746541937113473024
746541825964400640
746541813364719616
746541603024601088
746541559017988098
746541515787231232
746541429162278912
746541394018205696
746541319888113664
746541042376151040
746541041973485568
746540861270331393
746540842609840128
746540743955644416
746539694133895172
746539441007661056
746539325962100736
746539208450281479
746539077592178688
746538766257520641
746538722703745025
746538646304497664
746538602696302592
746538596228730884
746538421305257984
746538385120993280
746538304561000452
746538191335743489
746538147316523008
746538004492099586
746537814284603392
746537715596820480
746537297852522496
746537247885819904
746537229858840576
746537123012968448
746536667452846081
746536501287100416
746536340984999936
746536223821303810
746536101418983424
746535776515555329
746535763978838016
746535708181987330
746535608441417729
746535565210750976
746535451213758468
746535311606308865
746535199098298368
746535030076243968
746534925277368322
746534825511653377
746534645643153408
746534473563414531
746534411294781442
746534294990917632
746534231216578560
746534110500315136
746534079827324929
746533520596570112
746533389042233344
746533364950171648
746533028977991680
746532978575085568
746532715407630337
746532709019705345
746532609052729351
746532584163729408
746532565410947072
746532461488680961
746532393415151616
746532299534045185
746532299076861952
746532268009611264
746532261491675137
746532118054920192
746532025511796738
746531942317756417
746531772326809600
746531551941296128
746531539370946560
746531374228611072
746531280381087744
746530983386578944
746530982971375616
746530952101269504
746530875613970432
746530819057950720
746530794366111744
746530596411695104
746530454640041985
746530404375527424
746530009133654016
746529842502328322
746529811493851136
746529586461085697
746529431540228097
746529338653179904
746529184571228160
746529011111624704
746528992589557768
746528623587319808
746528617375555584
746528491361832962
746528348168282112
746527959226294272
746527915462918144
746527853324361728
746527692472745984
746527660877045760
746527630170558465
746527568669511685
746527382979280896
746527382954086400
746527301198716928
746527301194522624
746527257691250689
746527059933990912
746526861258199040
746526618403766272
746526473012420608
746526251129544704
746526176504516608
746526004198281216
746525874896265216
746525804750766081
746525767576653828
746525662756823040
746525625544912897
746525477204963328
746525071447973888
746525010542505984
746524817491271680
746524396316033024
746524186164682753
746523687138975744
746523543978926081
746523259483480065
746523024698941444
746522950652690432
746522857228754944
746522584699678720
746522578357911553
746522403744866305
746522354247860226
746521803451830272
746521796749340672
746521641589432320
746521475260125184
746521332360183808
746521003577139200
746520966625275906
746520916545286144
746520873125875712
746520722260930561
746520591818067968
746520486041948160
746520279669579776
746519613739929601
746519438476730368
746519320008630273
746519258549522433
746519078823550976
746518675105030144
746518507773272065
746518501595222016
746518344912625668
746518221616873472
746518115777843201
746517963226783744
746517563870322688
746517563522179074
746517557197189120
746517507675062272
746517372723298304
746517329425489920
746517006736752640
746516919201595392
746516912562003968
746516855628533761
746516817988837376
746516799122870272
746516270770577408
746516264349110274
746516139937660928
746516010673405952
746514961069838337
746513880650649604
746513020788973573
746512906460635136
746512900093681664
746512856737189889
746512801171050496
746512122994032640
746511974901571584
746511962163421186
746511905976553476
746511721116766208
746511450982670336
746511006214479872
746510948098179072
746510886454452224
746510824219410433
746510730938048512
746510674088493058
746510556366966785
746510550016786432
746510128329830400
746510023648391168
746509980019220480
746509869436395521
746509850696253440
746509831880663040
746509782366859264
746509718676348928
746509718319882240
746509613055389696
746509563692670976
746509513792978945
746509475679395840
746509186452774913
746509142471237633
746509136263712768
746509123710124032
746509037517168640
746508994416541696
746508925646757888
746508882483154946
746508542954209280
746508351446491140
746508277907750913
746508139130851328
746507865389576193
746507753925947393
746507613236432897
746507538904977408
746507476422393856
746507288433721344
746507243105837056
746507140362207232
746507090470965250
746507003846000640
746506885713387520
746506682985943040
746506664749080576
746506540295684096
746506509610164224
746506433739403265
746506415389368320
746506214503129088
746506151441768448
746505856770990080
746505692056428545
746505401672171521
746505283661234176
746504651751596032
746504565499928576
746504440601968640
746504354849423360
746504274893430784
746504268413177856
746503937373548544
746503648306290688
746503310912303104
746503267383816193
746503247418925056
746503080926011392
746502939959660544
746502728973705216
746502469170003970
746502010053107712
746501797984886784
746501472339124224
746500923120246786
746500788663390208
746500719482548224
746500601903620096
746500445066014720
746500269886713856
746499841568604161
746499710500773888
746499666003386369
746499559275167745
746499219196780544
746499013222924288
746498850420981760
746498382307299328
746498270625570816
746497818685124608
746497713185796096
746497638615285760
746497372339896320
746497372000124929
746497310205501440
746497235760746496
746497065484619776
746496573069090816
746496442278150145
746495890366423041
746495635138846720
746495616881070084
746495548111216642
746494346829004800
746494247096836097
746493780283396096
746493675845226498
746493503710994432
746493460593553408
746493342117048320
746493298483748865
746493109492539392
746493036964675589
746492643782254592
746492303489925120
746492290948956160
746492247546310656
746491752291262464
746491454873182209
746491398514348033
746491379681943554
746491323071401984
746491261402546176
746491248945434624
746491218205409281
746491181027102720
746491162379194369
746490739178115072
746490696186552320
746490646962143232
746489809749737472
746489635828731904
746489304810086400
746489236912627712
746488841486237697
746488501781168128
746488206716076032
746488156128583680
746488082602430466
746488064625631233
746487940251934720
746487133544714241
746487108571824128
746486996210585601
746486458526011392
746486413776982016
746486264774352896
746486194997866497
746486156636807168
746486072360591361
746485964252471296
746485945847844865
746485836124807168
746485816667447296
746485747461414912
746485261870071808
746485199341420544
746485068797927424
746484974996459520
746484844465553408
746484825511469056
746484757219807232
746484645923938309
746484551635996672
746484495851786240
746484477237432321
746484439903928320
746484427534925824
746484110915313664
746483777505890305
746483399032897536
746483349049344001
746483279570702336
746483236310646784
746483205448994816
746483130618437632
746483099475673088
746483042135355392
746482955355205632
746482831942025216
746482806830702593
746482440760287232
746482139038769152
746482120307015680
746481981404258305
746481894649278464
746481756811866112
746481638280826880
746481457296596992
746481301432078336
746481216396787712
746481197606277120
746481178945806336
746481029783785472
746481019352555520
746481006576697344
746480458632822784
746480340802240512
746480299375157248
746480167971807233
746480002711969793
746479996387024896
746479990145880064
746479983791529984
746479852807565312
746479840283353088
746479783672832002
746479702487949314
746479677905076225
746479665456390145
746479652835733504
746479596833406977
746479578990837760
746479578579800064
746479566282076161
746479493024354304
746479474116485121
746479443175059457
746479115440513024
746479084218130432
746478959324336131
746478755154014208
746478655891660801
746478612476366850
746478581270749184
746478318988386305
746478279125671936
746478146539524096
746478053488889857
746478047168106496
746477959502921728
746477878305398784
746477637158113280
746477424544669696
746477255149293568
746476958293188608
746476939691470848
746476625357766656
746476624971870208
746476348848250880
746476261573201922
746476075283263488
746476018651717632
746475851680645120
746475348640956416
746475261709848577
746475188120748033
746474657239437312
746474527270461440
746474266908975104
746474224303235072
746474143323820032
746473966118678528
746473935315705856
746473680142667776
746473518045401088
746473322569834496
746473070550933504
746473064230072320
746472927424483328
746472896944447488
746472575962779648
746472384517922816
746472236559671296
746472206746542084
746472176002301954
746472151188811777
746472063683039232
746472014378991616
746471970343026688
746471872804491264
746471823374573568
746471692537499649
746471598836768769
746471479924035584
746471452983975936
746471389041823744
746471355999129600
746471227825348609
746471117435482112
746471079091179520
746470822072594433
746470718779465728
746470519176732672
746469995727589376
746469673399525376
746469642282012674
746469593363841024
746469593183490048
746469580529250304
746469339440635904
746469283782221824
746469227708637186
746469188118556673
746468983633649664
746468920559730688
746468686605623297
746468649955786753
746468557924360192
746468459077238784
746468273345036289
746468260917313536
746468180499922944
746468013835116544
746467995652808704
746467932532785152
746467760230699008
746467708292608000
746467701581701121
746467440813445120
746467310836166657
746467298068692992
746467143651229696
746467143181438976
746466815690235904
746466759171944448
746466740947718144
746466688879628288
746466663243997184
746466650740789248
746466527629574144
746466515260608513
746466342698524672
746466286574538752
746466075701743616
746465943929270273
746465723883487233
746465620443570178
746465509491646464
746465447185285120
746464998189240320
746464851069808642
746464293860708352
746464213967638528
746464135437639680
746464098653605888
746464037089611776
746464000435597316
746463981653504000
746463896165179392
746463809502535680
746463705555099648
746463613292937216
746463606879858688
746463575665848320
746463526449881089
746463458120474625
746463451753512964
746463291610828801
746463107589955586
746463101214556160
746463021740892160
746462856384647168
746462794417999872
746462757264855040
746462558270291968
746462294117228544
746462220398141441
746462047827722240
746461735385628672
746461594469576704
746461088292671489
746460684926365696
746460635601330176
746460598481752064
746460592282599424
746460592278364160
746460494861459456
746460488377106433
746460432949383168
746460414280536064
746460413810737153
746460377425149952
746460315848585216
746460309569699840
746460272353644545
746460241424879616
746460185976176640
746460062906875904
746460056590245888
746459914915053568
746459822451621888
746459699336273921
746459562346053633
746459212918624257
746459163392278528
746459120882982913
746459064855474180
746459045817516032
746459021155065857
746458984094175232
746458850115477505
746458532535373824
746458415652732928
746458415405359105
746458205731979264
746458174627057664
746457866962251778
746457836171890688
746457533745815553
746457441106157568
746456557743833088
746456237504495618
746456136988037120
746455676986101760
746455651430236160
746455478431932417
746455421339086854
746455321866973185
746455235355303937
746455154988179457
746454846241267714
746454791107182593
746454705828573185
746454596894154753
746454590590095362
746454461703282689
746454406065885184
746454285177610240
746454261051973632
746454260561260544
746454167963611136
746454130340691968
746453987088424960
746453745458774016
746453602013585408
746453338640678912
746453302011801600
746453123128950785
746452907298480128
746452560626606081
746452461410357248
746452424265711618
746452307810750464
746451967904342016
746451924602388480
746451592786804738
746451359700918273
746451235243339779
746451211071545345
746450741254991872
746450617669824513
746450495833669633
746450446034710528
746449722425016320
746449573757870080
746449414210756608
746449196341829632
746449159545200640
746449005496832005
746448566881648640
746448139817607168
746448021680861186
746447823797817345
746447767376015362
746447755409711105
746447649755140096
746447520461533184
746447445698084864
746447166671970304
746446929433788419
746446916892794880
746446431205003265
746446363236306945
746446320576061440
746446141605056512
746446049565249536
746445531736481793
746445402912620544
746445365893726209
746445309882994688
746445155381587968
746445074658033665
746445000896962560
746444702828814336
746444629298450433
746444481059127297
746443541644095488
746443486577065984
746443289277063168
746443179398860801
746443018761175041
746442815006113792
746442032009220100
746441977865003008
746441858180485121
746441796532613120
746441574507118593
746441531276427264
746441488926552064
746441425684824064
746441369728626688
746441369372131328
746441343799459840
746441306268803072
746441286798835713
746440994900480001
746440564090896384
746440093188034560
746440049537912833
746440043028373504
746439981690822656
746439932298682368
746439708616515584
746439219954884608
746438878089748485
746438704294567936
746438580520751104
746438461658259456
746438319190343680
746438313221840896
746438312852758528
746438300898975745
746438232137555968
746438096573501441
746438028768378880
746437947788931073
746437941098995712
746437799289618433
746437747708071937
746437704884224000
746437575657693184
746437477745856512
746437174027943936
746437173944033280
746437173696618496
746437038002450432
746436858599505920
746436821760909312
746436697978613760
746436451626168320
746436377303093250
746436252149252096
746436195949809664
746436066131861504
746436017033355264
746435961102295041
746435948792012800
746435942370553860
746435856676773888
746435856341172226
746435776204800000
746435481789857793
746435279607652352
746435260510941188
746435099055390720
746435025126600704
746435006864646144
746434961972965376
746434925163798528
746434813301710853
746434776442114050
746434724680204289
746434557507887104
746434532266516480
746434486225690624
746434472921292801
746434455405879297
746434368676069377
746434355740835840
746434287579213828
746434262618955777
746434163763380224
746434151222415363
746433466460340224
746433326525751300
746432676698021888
746432283335229440
746432196609613826
746431907101999105
746431815284469761
746431542268813313
746431393685614592
746431387704532992
746431387687739392
746430737390264320
746430582612099072
746430514517544960
746430361769369601
746430336922357761
746430200053792769
746429872713539584
746429822880997377
746429754237083648
746429654307737600
746429610364067843
746429548456218624
746429548317728768
746429516772311040
746429498061524993
746429441149046785
746429326871003136
746429233174437888
746429214514024448
746428662396813312
746428649876840449
746428606780346368
746428569925017600
746428266446131200
746428260523741184
746428189610631168
746428134774312960
746428097478557697
746428022857695232
746428004092416000
746427928880123905
746427891152367617
746427841332416513
746427736214757377
746427519780347908
746427004006719488
746426922956005376
746426891477749760
746426445656821760
746426170183278592
746426006571876352
746425810320396288
746424449805606914
746424367945420801
746424355530256384
746424349112967169
746424305525755905
746423260292603904
746423259927740416
746423092797276160
746422768527278084
746422705361063936
746422624222248961
746422568748343296
746422550033371136
746422265403740160
746422103918862342
746422029667045376
746421695628509184
746421577533775872
746421521048993792
746421249505562624
746421162595364864
746421156291325952
746421156278730752
746421066885521408
746421053925142528
746421029027741696
746420967023403008
746420960652206080
746420923759099905
746420897725059072
746420848223870976
746420842037288960
746420805026742272
746420735606824961
746420617126174721
746420330726449154
746420189470720000
746420139281649665
746419866228273152
746419722971840513
746419566612361217
746419528939167744
746419522727403520
746419492146683905
746419467924582402
746419056165552128
746418742469394432
746418227484332032
746418159066877952
746418076132876288
746418063734497280
746418038157676545
746417964530835456
746417939704750081
746417871601836032
746417853927034880
746417743075774464
746417718656569345
746417718216142848
746417593364316160
746417488443781120
746417426758152193
746417307165982720
746417208151023617
746417190094569472
746417177582919680
746417134478098432
746416972699566080
746416761969381376
746416594981511170
746416588471967744
746416576383975424
746416260657774593
746416204739272705
746416198452076544
746416102167568384
746416079749033984
746415883350749184
746415882977435648
746415794586681344
746415450033033216
746415413127348224
746415214183120896
746415165294317568
746415158906363905
746415146449281025
746414763668709376
746414607640600577
746414594227212289
746413836639436800
746413788589547521
746413782373564417
746413757438394368
746413690077872128
746413633773592577
746413547203108866
746413485148385280
746413380580179969
746413310476640257
746413304201936896
746413248472190977
746413125281275904
746413124878688257
746413068968595460
746412971400658944
746412940408954880
746412897505468416
746412540733755392
746412448664584192
746412436446552064
746412275985068032
746412127733186561
746412060309753857
746411992609480704
746411992424972288
746411967775072257
746411905858703360
746411813768572931
746411807670050816
746411734395588608
746411734034874368
746411703374536704
746411634462064641
746411538060218368
746411531189903360
746411444653043712
746411413099294720
746411278474743809
746411259654868993
746411253485051904
746411209813987331
746411139974594560
746410896335921154
746410839675011072
746410700784865284
746410682237624321
746410656446873600
746410637031444480
746410618467475456
746410592890544128
746410543775289346
746410543364214790
746410435268644864
746410391559798784
746410291257184256
746410132880293888
746409946749689856
746409903317651456
746409403176235008
746409360234938368
746409321416658944
746409278383153152
746409150217781248
746409150196776960
746409125471391744
746409100838211585
746409055489392644
746409025986650113
746408965169258497
746408958873612290
746408958861025280
746408946169057280
746408697627185152
746408685283356672
746408543792705537
746408347105034240
746408260366831616
746408062294982656
746408024172945408
746407999112044544
746407974638256128
746407863338164224
746407850897870848
746407678230966274
746407512115552256
746407475553787905
746407419853438976
746407308062658560
746407283832193026
746407196477403137
746407153343180800
746407147492118528
746407147064352768
746406998837628930
746406838099279873
746406792146518017
746406571442241536
746406552710455297
746406515142098944
746406477590470656
746406144441122816
746406044373397504
746405922138787842
746405884759150592
746405783252828160
746405678852378624
746405641816670208
746405547440668672
746405485306224640
746405478914105344
746405435775692800
746405367681187840
746405236810489856
746405174525067266
746405055536914432
746404920190869504
746404882949648384
746404731635929089
746404706419777536
746404663315075072
746404619891281920
746404563930886144
746404557672984576
746404531748036609
746404475858882564
746404419923677185
746404376760070145
746404135533088768
746403980821958656
746403672188297216
746403505095598080
746402974172225536
746402893146660864
746402807641608193
746402794999971841
746402712573489153
746402415251881984
746402372679720960
746401910236688384
746401904414973952
746401904326905856
746401800694046721
746401721195302912
746401702375370752
746401280004763649
746401274325700608
746401273960751104
746401267597991936
746401213004996608
746401200648531969
746401176292229120
746401027826409472
746401002316697600
746400936080244736
746400886885232640
746400831130370048
746400768626851840
746400755586727936
746400542151213056
746400182741303296
746400121567346689
746400028915163136
746399949668048900
746399937110282240
746399912846204930
746399912737136640
746399801827155968
746399721665662976
746399721623740416
746399678657265664
746399678338498560
746399659715792896
746399437962940416
746399382153506816
746399264595533824
746399252327239680
746399226767114240
746399201735520257
746399189689524224
746398990460084225
746398973322100736
746398973284388865
746398949334913024
746398948806451204
746398849757962240
746398729368788992
746398723010232320
746398648125161472
746398429648027648
746398361016639488
746397907792760833
746397745158590464
746397646441459712
746397590573318148
746397577868775425
746397522176802816
746397515944058880
746396893014458372
746396868322549760
746396843475533824
746396825377087488
746396793861091328
746396641339412480
746396641284874240
746396585823633409
746396536657981440
746396486678650880
746396422199615488
746396422124109824
746396372631359488
746396348128206848
746396304771686400
746396286031532032
746396147082637313
746396115705069568
746395634907779072
746395480536453120
746395279335645184
746395173232353280
746395135642984448
746395116701528064
746395022010912768
746395021595684864
746395008958246912
746395002096390144
746394995490328576
746394961055125504
746394944290492416
746394777797550080
746394267493470208
746394193807872000
746394106415374336
746394045069463552
746394026526539776
746393914718855168
746393908305747968
746393766018187264
746393618022178816
746393556000997376
746393543418142720
746393425881096192
746393406872518657
746393319966539776
746393258138308608
746393171827924992
746393085911805952
746392921650266112
746392810341883904
746392791605862400
746392748555546627
746392662542946309
746392539314298880
746392434922250240
746392299442077696
746392084333027328
746392066138112000
746392041463001088
746391986689564672
746391870180204544
746391827251527681
746391693868445696
746391446538727424
746391255513370624
746391204355411968
746391072415219712
746391017188794368
746391016802918401
746390979234562048
746390966844567552
746390954278420480
746390910104043520
746390835592232961
746390457463103488
746390444251054080
746390359085723648
746390302714277888
746390240231723008
746390063894827008
746390033389608960
746390020869623808
746389897469059073
746389754824929280
746389742447534081
746389630161821696
746389530689691650
746389474821578754
746389443372716036
746389442982612992
746389166414434304
746388974617276420
746388881935728644
746388826512195584
746388678340022272
746388417672413185
746388404959469568
746388349124915200
746387877387370496
746387864808624129
746387692410200068
746387637322158080
746387581001072640
746387574738976768
746387431369248768
746387363178283008
746387250045288449
746387229031837697
746387192071622656
746387037314392064
746386987486060544
746386711073062912
746386659546017792
746386636376662017
746386526158741505
746386464104013824
746386407573225472
746386364967452672
746386321438957568
746386030136221697
746385986267947009
746385719623450625
746385582994030592
746385458251235328
746385427448266752
746385241342783488
746385128104951808
746385109960404992
746385109486493696
746385048010526720
746385029316521985
746384936672722944
746384917928415232
746384869542985728
746384832322637824
746384789024837632
746384701619744768
746384683261272064
746384596678303744
746384547386818560
746384503866695685
746384485160124416
746384352813080576
746384222839963648
746384111938371584
746384038554832896
746383791418015744
746383716620992512
746383563273101312
746383520499564544
746383464593711104
746383259660017664
746383222355832832
746383093615865857
746382976481562624
746382638521294848
746382355376463872
746382251445751808
746382140347056128
746382084252409856
746381935744716802
746381879440400385
746381849715310592
746381849694396417
746381799912144897
746381793675227137
746381701522173952
746381633230508034
746381323938324480
746381262152097792
746380998917513216
746380842012803072
746380645102845952
746380584537075713
746380509245149186
746380508813156352
746380452257136640
746380326063091712
746380244118962177
746380154218258432
746380126766563329
746379954791710720
746379954431025152
746379883429826561
746379877062893568
746379753850974208
746379485562314752
746379235766374401
746379210550239233
746379179239714816
746379099539529728
746379068380086273
746378994094727169
746378969138626560
746378901358673921
746378838599303168
746378807146221568
746378732361785345
746378676598513664
746378504200028160
746378473355128836
746378472965046272
746378405621313537
746378380270936065
746378193288855552
746378104721989632
746378031053209600
746378024665288704
746377963545862144
746377962983849985
746377557776338945
746377520765775872
746377477618950144
746377424531664900
746377243891359746
746377120566304768
746376996926562306
746376965670608896
746376959358181376
746376771474382848
746376546068238336
746376539852275713
746376533695045632
746376503106015232
746376410801967104
746376367407718400
746376348390744064
746376281520906240
746376169000296448
746376132006543361
746375861440417792
746375812278947840
746375799591182336
746375713377255425
746375608284786688
746375602169511937
746375564596940800
746375533521338368
746375441217261569
746375434976133120
746375391208579072
746375279958859777
746375248551895040
746375125012881408
746375067597103107
746375005278076928
746374943542128640
746374814768627712
746374771181379584
746374690772418560
746374659646468096
746374561214541824
746374451038543874
746374358315073536
746374257911881730
746374245488332801
746374195957796867
746374066471198720
746374060267864064
746373862426763269
746373800619446273
746373682998579200
746373603092881408
746373526521733122
746373477037289476
746373242668015617
746372927151443969
746372914723725312
746372498921394176
746372474036621312
746372437143543814
746372231077339136
746371945852088321
746371846547791873
746371748631830529
746371480091402240
746371454967570433
746371374785003520
746371152465924096
746371083805163523
746371083771641856
746371034215964674
746371034194993152
746371009188495360
746370879903326212
746370731831791616
746370638575636481
746370520652800000
746370508183109632
746370327161143296
746370124815314944
746369987233779712
746369833948717058
746369795017170944
746369701257740288
746369651945312256
746369651601354752
746369645272137728
746369570655461376
746369551584002048
746369491316023297
746369392204603392
746369280871010305
746369181411467264
746369106413182977
746369094388092928
746369020228575232
746368958186459136
746368896588906496
746368870353559553
746368815668158464
746368731429773313
746368597136551937
746368436373098496
746368361588621312
746367682585333760
746367546777972740
746367491316682755
746367490880471040
746367354469179392
746367348244779008
746367223871135744
746367149237665793
746367074562236416
746367031012798464
746366895679406080
746366877966831617
746366877534818304
746366767342071808
746366656813764610
746366235323990016
746366191480897542
746365976237604865
746365900434006016
746365768783138819
746365680887312385
746365617754636288
746365472526860288
746365174748086273
746365042103189504
746364776511528960
746364584894685184
746364578561351682
746364537192931329
746364426534588416
746364407706353664
746364338429014017
746364126486663170
746364026574123012
746363932902776833
746363926581915649
746363852883791873
746363645471318016
746363421671620608
746363421596102656
746363340553752576
746363315471802368
746363302813433856
746363271955918848
746363195938344960
746362979692617728
746362898453127169
746362849572773888
746362849132322816
746362761760780289
746362731704422400
746362687710388224
746362193025720320
746362105595465728
746361981255376896
746361870076903424
746361857884098566
746361796177469440
746361751466180612
746361603990290432
746361591466070016
746361585078140933
746361572230979585
746361464361869313
746361291736907776
746361247801573376
746361167669399553
746361123776040960
746361080021037056
746361030729601025
746361024165482496
746361010190049281
746360887720583169
746360875473264640
746360850559049728
746360750264836097
746360621654908928
746360609218793473
746360515950063617
746360472811671552
746360355274686465
746360342624669697
746360336266080257
746360274844672002
746360212320247812
746360070183649280
746359877560197121
746359803392327680
746359694092951552
746359620369670144
746359589294137344
746359534503890944
746359503491211264
746359430631956481
746359381361463296
746359160392978433
746358978787958784
746358810323804160
746358671504871426
746358628450344961
746358561228230657
746358561102434305
746358312522780673
746358263403294720
746358189466124289
746358158386356225
746358121845514241
746358003541016576
746357846137135104
746357839896031232
746357696060788736
746357670890737666
746357590217490432
746357356942942208
746357269529387008
746357169503637504
746357119276851200
746356245993394176
746355761006026752
746355633943830529
746355565283024899
746355528306089991
746355410827763712
746355380205195266
746355274118639616
746355242996891649
746355211669626880
746355155730210817
746355112537251842
746355087937679360
746354988578856961
746354956953784320
746354859293564928
746354728557117442
746354639373643776
746354331868233728
746354257184448512
746353904317673472
746353872948461568
746353722922459137
746353670602645505
746353539996233730
746353423193235456
746353398790795265
746353379991945216
746353330452979712
746353274400346113
746353250043977728
746353237414993921
746353188106690560
746352726150307840
746352645292515328
746352589751517184
746352539893800960
746352458587209728
746352308267548672
746352246275743744
746352181364723713
746352077400506368
746351858172628992
746351740442681344
746351582711734274
746351513639870464
746351488901931009
746351006414299136
746350925162287105
746350881742807041
746350825480429572
746350547398057984
746350250965667840
746350066823102464
746349946463354880
746349652706885632
746349627524292608
746349522469609472
746349485161254912
746348845169180672
746348795034689536
746348763384451072
746348662263971842
746347883612409856
746347670122291200
746347072782106625
746347029698224129
746346928846184448
746346872525099009
746346859598221312
746346516495818752
746346312342220800
746346201147015169
746346125066539008
746346093865164800
746346032057876480
746345964038815744
746345888491069440
746345802159644675
746345616188420096
746345597284712449
746345522319892481
746345484181086208
746345422231244800
746345395710660611
746345319185580032
746345238596227072
746344449165295617
746344324875509760
746344026501066752
746343976756600832
746343951917977601
746343933031047168
746343889116684288
746343857093152770
746343850508058625
746343782564528130
746343782128328705
746343750637477889
746343687764901889
746343625278132227
746343580277448705
746343542402932743
746343416984801280
746343205923262467
746343161715253248
746342984543703040
746342966298476544
746342901068640257
746342845775110144
746342695505801217
746342652056993792
746342569731231744
746342206907179012
746341956058439680
746341843894341632
746341781969637376
746341720405618688
746341719931650048
746341503157428225
746341339445399554
746341295996579840
746341061920882688
746341012184829952
746340949953941505
746340913199226882
746340743069859840
746340662690226176
746340630821900289
746339483025477634
746339396345946112
746339196697088001
746338937052921856
746338918270795776
746338805632765954
746338668231569408
746338637189570560
746338636778479618
746338544101167104
746338507308728320
746338408293761025
746338351972646913
746338278970777604
746338266434011136
746338124511346688
746338118207315968
746338017611128832
746337899457609729
746337625271787520
746337526630146049
746337383298170882
746337169023737857
746337106365079552
746337093341745152
746337080083505152
746336394839089152
746336213699694592
746336156103516161
746336137598275589
746336041615794176
746335942651183105
746335849206296576
746335822043971584
746335407374118914
746335260074401792
746334903998918656
746334795064479744
746334769240145920
746334470899302403
746334383779393536
746334191587987458
746333925400707072
746333739764981760
746333305373491202
746333217960001537
746332891408261120
746332002807222272
746331953117298688
746331940601532416
746331797064081408
746331766273695744
746331050033319937
746330621899767808
746330472934842370
746330317615566848
746330179530678272
746329577513877504
746329456587878400
746329431619166209
746329118447263744
746328645325586432
746328481160536064
746328262360522752
746328175198642178
746327909091028994
746327755495612417
746327699254181888
746327649128112129
746327505120858112
746327180666245120
746327063355789312
746326496449421312
746325814774366210
746325232147783680
746325170323787776
746325040149344256
746324394209771521
746324319047843841
746324269454364673
746324113480781824
746323863059914752
746323850799898624
746323850439233536
746323677520662528
746322958944088065
746322933962838017
746322816870408192
746322395732926464
746321417327677444
746321324620976128
746321008110379008
746320973939367937
746320839482605569
746320821103165440
746320551799459840
746320369766670336
746320138778054656
746319925615067136
746319835143905281
746319778038452224
746319719595020288
746319252064370688
746319112909971456
746319039408939008
746318558804664320
746318312225669120
746318238624014336
746318238150066180
746318058218618880
746317880069783552
746317769029758977
746317370768031747
746316916923371521
746316873638125568
746316670847746048
746316621451452416
746315778375376896
746315646967767040
746315585064054785
746315466893754368
746315311729676288
746315193236365313
746314875824017409
746314393525190656
746314380778700801
746314325179006978
746314219461607425
746313818003759104
746313410942361600
746313361302839296
746313323956699136
746313243233132545
746313236966842368
746313174425567232
746313099725004802
746312949673791488
746312610149085185
746312492377219072
746312448978739201
746312244644876288
746312213674131456
746312105364578304
746312049215451136
746311938334851073
746311621648125953
746311602983469058
746311305213022209
746309692998070273
746309661750501377
746309535166398464
746309504703225856
746308838106640384
746308778228736001
746308715754590208
746308546208227328
746308213868376064
746308213390213120
746308106976526336
746307190588211200
746307000204570625
746306993606926336
746306886224384002
746306811490242560
746306755542425600
746306755177504769
746306493712994304
746306264565579777
746306171544309760
746306165391298560
746306092100026369
746305136281038849
746304871326851073
746304762203648000
746304580770639872
746304451296661505
746303406680092672
746301700231700480
746301495478386688
746301432668655616
746301282567151616
746299665977466881
746298894498160644
746298813984342017
746298546396110848
746298288077410305
746298269643354112
746298182368256000
746298064302837760
746297144064126976
746294461483737088
746294331028320256
746294075536465920
746293958641229824
746293416913362944
746293135290994688
746292791743938561
746292289287290881
746292196999979008
746291825447559169
746291748243046400
746291401499893760
746291395065839616
746291327399145472
746291175548608512
746290928344719360
746290779019055104
746289234638581760
746289141831241728
746287767815000064
746286061203034113
746285851882070018
746285777013772288
746284648787894273
746284321133080577
746284018832801792
746283967385501696
746283905339121668
746282916179677188
746281545078431744
746281097785270272
746281073600929793
746280611367706624
746280512734404608
746280354227445761
746280275097714689
746279655036989440
746276748896018432
746276742617174017
746276606977597442
746275643176820738
746275624168218625
746275573945622529
746275548721143809
746275479166947328
746275415749099520
746274976391528448
746274799597457408
746274207084863488
746274098502737920
746272821026816000
746271312193085440
746270204473147393
746270043218939904
746266680364433408
746266588295237632
746266514475487232
746266404152705024
746265713766129664
746264531534372864
746264395303444481
746264383198625792
746264382787616768
746264351112200192
746263971456393216
746263897536028672
746263623287209984
746263275772379136
746262833382330368
746262544747106304
746262244380401664
746262170107731968
746262071369568256
746261979161997312
746261805563994112
746261701276753920
746261609312444416
746261582934507520
746261510167531520
746261337286729728
746261190859317248
746261111016554496
746261079911653376
746260975863529473
746260765984731138
746260747320078336
746260648686870531
746260642294726661
746260611265265664
746260576523825152
746260503337402368
746259785746518017
746259552748765186
746259194815254528
746259027340865536
746258710054330368
746258227805904896
746258159795240960
746257889094836229
746257723881230336
746257435963187200
746257119398133762
746256958588493824
746256933829545984
746256535261585408
746256461194395649
746256430454312961
746256269695037440
746256091260944384
746254969720844288
746254657551376385
746254565020835840
746254490509008896
746254471609487360
746254378919563264
746254256152285185
746254138468507648
746253702244139008
746253590985998336
746253479778234368
746253054119337988
746252931251372033
746252925039587329
746252862133436417
746250442510733312
746250270686883841
746249736076681216
746249585916416002
746249516622319616
746249503599038464
746249397508284416
746249353396772864
746249034738728960
746248942732509184
746248911166136320
746248880153460740
746248799903899648
746248787593568256
746248787178356736
746248774658326528
746248722422497280
746248518222782464
746248482311155712
746248173132230656
746248043192672256
746247682415439872
746247372234067968
746247247470288896
746247099272953860
746245604372688896
746245510520922112
746245465675468800
746245321219444736
746245309001433089
746245166449627136
746245159898120193
746245128294064128
746244722507681792
746244606166073344
746244250833031168
746242208462835713
746241755431919616
746241723911667712
746241635776765954
746241623432953856
746241528968818689
746241497276637184
746241442637479937
746241423696003072
746241316120498176
746240992043401216
746240843304968192
746240818504044544
746240566648700928
746240404295548929
746240328764534785
746240227170148354
746239911062188032
746239765754740737
746238151077703680
746237512885014532
746236682777681920
746236580369600512
746236216912154625
746235875156066304
746235554480545792
746235476877598723
746235402831302657
746235281947262976
746235160492802049
746234688180674561
746234607545135104
746234469158248449
746234266795704320
746234166207885316
746234165532594178
746234152106631168
746233955767066625
746233936339050497
746233885759922177
746233866596155392
746233428962508812
746233314357321729
746233076187987968
746232896197787648
746232859824791552
746232821581152257
746232746167545857
746232700592238593
746232455124770816
746232119697936389
746231865191739392
746231693468524545
746231545749377025
746231240877969409
746231228030812160
746231139983982594
746231139468091393
746231076784214017
746230984329166849
746230810588512256
746230473668468736
746230465397329920
746230309838950400
746230296664637441
746229495925858308
746229400207667200
746229354976337921
746229348458340353
746229206623739904
746228825789370368
746228756524597248
746228488688939008
746228408217047041
746228284464062465
746227998764896256
746227980016328704
746227961213313024
746227750709538816
746227302799794176
746227271581630464
746227227600138241
746227196453228544
746227177541140482
746227133232517120
746227071186141184
746227046494330881
746226946682478593
746226921118146565
746226857968709632
746226752838471680
746226602162298882
746226514941743105
746226477838958596
746226377158889472
746226351229677568
746226197651034112
746225626995032064
746225479057760257
746225432534482946
746225359276806144
746225302754320385
746225203617751041
746225106892918784
746224861425475584
746224702729789440
746224696379613184
746224596420956160
746224416858615808
746224403583639552
746224038150692865
746224031330775042
746224030898757632
746223841186193408
746223707656331264
746223539372462080
746223495344857088
746223319137943552
746223305997193217
746223221498748928
746223196551057408
746223176212840448
746223149159571457
746223117865934848
746223041768632320
746222916455391232
746222806522724352
746222755905867776
746222737018888198
746222690713763840
746222575139753984
746222532068417536
746222519019941889
746222411771588609
746221954508611584
746221742289412097
746221649205174272
746221460021092352
746221380752965632
746220919207559177
746220884910714884
746220804929556480
746220804912779264
746220671437414400
746220574850985984
746220568559509505
746220568102350848
746220461000798210
746220448661143553
746220435885305856
746220204779175937
746220133924773888
746220076672524288
746219773244039168
746219766486994944
746219674287771648
746219368636309504
746219262688141312
746219242408681477
746219142089314305
746219110338433025
746218839038263297
746218665649930240
746218467498483713
746218467062226944
746218396530802688
746218215362027521
746218050064515072
746217958465142785
746217854341550082
746217298499772428
746217265255710720
746217177917710336
746216707287457793
746216612798201856
746216583479996416
746216562772762625
746216454597402630
746216350750650372
746216312695775232
746216143111630850
746216142763548676
746216062723592192
746215950299500545
746215855990595589
746215841612464128
746215758015791106
746215751749558273
746215726885724160
746215682795147264
746215606844743680
746215568991092736
746215530630045696
746215480050909185
746215434987282432
746215408382803974
746215368406929410
746215335213170688
746215328711991297
746215315625783297
746215303114199040
746215234575048704
746215221585317888
746215195911938051
746215169450090497
746215162965745665
746215149749440512
746215137149739008
746215120800407552
746215066798723072
746214978953191424
746214932325163012
746214879921508357
746214840524365826
746214827060666375
746214743073906688
746214717102792705
746214684630491136
746214659011682304
746214639587889153
746214574982979585
746214342383669248
746214195159404545
746214188293382149
746213794712477701
746213783333273602
746213553225404416
746213368659214336
746213298144612353
746213215957245957
746213079466160128
746213020884336640
746212951753793537
746212787622318080
746212621376860160
746212612652707840
746212480800555008
746212378870571008
746212310012694528
746212167666401280
746212103938158594
746212033654185988
746212027236917250
746211877445763074
746211783510089729
746211582447779840
746211529272365057
746211502978301952
746211459336536065
746211390843559936
746211347164061698
746211259968675840
746211030225715201
746210925397446657
746210820187553792
746210795046862848
746210755037433857
746210377982107648
746210148402618369
746210011899011072
746209991942516742
746209954940354565
746209887206551553
746209775617114113
746209688753053696
746209638454951937
746209539200978944
746209447219859456
746209441029099521
746209397114703873
746209385009950720
746208897917034496
746208829864476672
746208746741784576
746208727234019329
746208448900014081
746208344432467969
746208168062025728
746208049874927616
746207988021501952
746207748488994816
746207663390785537
746207644784857092
746207494364487682
746207486793785346
746207331080253440
746207281381924866
746207269038133254
746207169469546496
746207100913614850
746207033687318528
746207033293058054
746206954498842625
746206948199043073
746206935788093440
746206830838198272
746206781467066374
746206676739465218
746206658322276353
746206633512996866
746206552667783168
746206509294465025
746206367401156612
746206312279617537
746206299575066624
746206219971354628
746205866467024896
746205671075389441
746205584333012993
746205490980347908
746205429227655168
746205398537908225
