702965843320111106
702550584331628544
692785747133206529
690594140934004736
690236546289512448
689870114678648832
689506462813450240
689214637598834688
688058246309920768
687700803084103680
687655280470016000
687640094925176832
687639929510322176
687639866461454336
687344329728389121
687060701492473857
686969161411473409
686697428930703360
686607665691275264
685645279354306560
685161742243074048
685116174347145216
684891867981430785
684808150730584065
684796736208961537
684549454142287872
684478524263165952
684434613532540928
684166548802551809
684086623290691584
684071907117776897
682984676001054720
682622512497311746
682258214667194369
681971702943764480
681897514233024512
681535123435569153
680810334496555010
679800073732009984
679734495239516160
679723384196968448
679360675643318272
679351087590195201
678997057055666178
677969048253161473
677920779577729025
677617426293477377
677201398308708352
676849509863989248
676556733595049984
676516370008293376
676457260957106176
675474296605569024
675470442182799361
675374251944206336
675094594212782081
674736794806566912
674656652474322944
674288346101891072
674060598506889216
673954916881174528
673924314920562688
673665607254978560
673661466638024704
672115124648431616
671891776420970496
671811678565220352
671750212088676353
671015701323247616
671014880284033024
670299952455749632
669574915146825729
668853524562878465
667855545181855744
667855340571074560
667855279950819328
667764192787697664
667429136487550976
667039346021818368
666331433439334400
665230011784298496
664141138924728321
662701971875504128
662289098984525825
661679017507102720
661037232984162305
660523775646171136
659049939771723776
658671205893980160
658671158338977793
658671110729388032
658671075119747072
658670946056871937
657674032704286720
657667375429382144
657627927845195776
656931019464024064
656515185012809728
656290010312876032
656289966230753280
656289768494469120
656289630107619328
655910278908002304
655910222058377216
655910050905640960
655078554879700992
654711254783672320
654305342348767233
654304854278582272
654304634429943808
654037644851191809
654037606729187328
654035600975204352
653979892992901120
653579593035681792
653578841567457281
653578371729915904
653578163277180928
653345141122560000
653311108623769600
653311004164628480
653310807619584000
653253808982589440
653089469244047361
653089409324163072
653089190440235008
653089141740146688
653088850764517376
653088796066639872
653088661320417280
653088337025175553
652973623460954112
652973180030685188
652972758528327680
652972660335509504
652906572339900416
652604834747666436
652597281187831808
652597261239746560
652596958121578496
652596813665583104
652596637156704256
652596602750808064
652596385439739904
652596277809672192
652596162919317504
652596043696181248
652595966743289856
652595917913227264
652595871234834432
652595832705916928
652595799138942976
652595779375366144
652529336956747776
652501556080836608
652501458596823040
652500918412439552
652254441261924352
652254172868419584
652254047265796096
652253918735540224
652253852083879936
652253807322210305
652181853399556096
651884376402325504
651884288858804224
651884268604538880
651884092112412672
651883609914253313
651883366447509505
651883227330777089
651882922782380032
651882888443637760
651811805392674817
651799361765146624
651798558996303872
651798058410352640
651797659179683840
651797550153003009
651797515432542208
651797467919437824
651528047624065024
651520462061764608
651519783704334336
651508799807881217
651508600867823616
651508427986964480
651508095445807104
651508043017007104
651446285053132800
651414824296038400
651414665248030720
651413780316966912
651413716504825857
651413101779271680
651413058405928960
651413026265001984
651412493475147776
651181057996288000
651180139020062720
651179998028546049
651179918055731200
651179615105368068
651143341921316864
651143219724468225
651143161285251072
651142973506260993
651102252808192000
651087335023607808
651086579826601984
650857206750027776
650857129860046848
650856745829539840
650768669522427904
650763312234397696
650763152771129345
650763114334523394
650762735953813505
650762587030847489
650762403064451072
650511332907851778
650510169135292416
650509082458259458
650508931639451650
650508404868390912
650508109459365888
650508032489717760
650507732609540096
650507671871819780
650505862075809792
650505761995554816
650505696891396098
650505511809490944
650504887646732289
650504794541588481
650501727997837312
650501681764016129
650501509541662721
650501441933721601
650501274245406720
650501235234222080
650500401263955968
650500194530926592
650500106702168064
650386298851737600
650385117437947904
650341021411356672
650328224090734593
650327521804873728
650242727033085952
650242437076623360
650242277349171200
650242166674034688
650242090954301440
650241983315845120
650241889506041858
650241812116992000
650133447768440832
650133355841875968
650132849786490881
650132766433148928
650132620655902720
650132558341111811
650111230435323904
650111187846307841
650111108334911488
650110987522179072
650110840713121792
650110808362471425
650110780826865664
650070268568817664
650056946104446976
650052756137447425
650002547990790145
650002015133790213
649992444893921280
649987791909191680
649955857460019200
649955747195920384
649955413992017920
649741471294353408
649738661446160384
649738614830706689
649738395107901441
649738287003881472
649728052063113216
649721796770549761
649712946390568960
649690937082310656
649647681346924544
649621154580140032
649338911387426817
649336191607812096
649335551183704065
649285213512683520
649284305076781056
649268182704914432
649066483599953920
649063792849068032
648986193854603264
648940678899216384
648939819729571840
648939659502972928
648911858347429888
648905187608821760
648893619764641792
648746154549714944
648745730602082304
648611252164538368
648609325502623748
648574985771065344
648543375134720000
648517220985884672
648517153902206976
648517080204099584
648516926889701376
648516809201684480
648516675357253632
648516452186779648
648516155808854016
648516000334393344
647881568116015104
647880309854367744
647835710557433856
647809320864882688
647808972154642433
647808916156452864
647808885257076736
647808847843852289
647807908915359744
647618663701463040
647538349771767809
647527413052780544
647526709537980417
647526646812180480
647526612968296448
647526155969515520
647525876633104385
647525313233203203
647525271491473408
647498398363467776
647483835232440320
647483460676882432
647474793877520385
647456885696688128
647277293816168448
647276964735270912
647276729610977280
647276525377732608
647272941453987840
647272818091163648
647272672515198976
647272583470166016
647189033865596928
647189020401893376
647183787407863809
647167254644199424
647153497692053504
647153334877618176
647153223237771268
647153053041303552
647112711420149760
647103220888797184
647103088382377984
647102856978407424
647102745598668800
647101153881276418
647095140469751808
646846115606761472
646781789680218119
646429603528069120
646417722625163264
646417672339591169
646417360048553984
646368400277676032
646361174326550528
646344950637064192
646340423422734336
646209523787694080
646207410143645696
646207278316654592
646207110695530496
646204885936046080
646204527276879872
646131498781929472
646097528925065217
646083969629483008
646074773651460096
646074715010953216
646074554830471168
646074217658720256
646068751394283520
646059325199360000
646030120369717248
646028017677008898
646006144100659200
645968272660254720
645962429915111424
645812691894960128
645812640183357440
645811407309656064
645809866662133760
645809723166605313
645809561576804352
645809386317869056
645808936214528001
645808685546123265
645808216732004352
645666416360857600
645666042035990528
645665950444974080
645664121686499328
645664001460977666
645663853867573248
645663628100771840
645663526007214080
645663509053841409
645371901771128833
645371627757289472
645371182804566017
645370791970910209
645369676046974976
645369281211957248
645275676543725568
645275491088379904
645275236645122048
645275050069782528
645274251306496000
645273801752752128
645007220233650176
644995736413863941
644990177274896384
644973100753387520
644972611479465984
644972143453818881
644971844911648768
644971287304126465
644970965248704512
644969725038952448
644937706657681409
644928834127691776
644920269660753920
644918605063262208
644917807940022272
644917681607548929
644876159843479552
644875665620111360
644875099359866880
644669373320441856
644668960466673664
644632213397598208
644618943626379264
644586686157058048
644584897676505088
644581674848796672
644556552809091072
644555532121059328
644555186212614144
644555094038548480
644514290960068608
644404047471058944
644403521685729280
644402476741996544
644402183333675008
644277354055925760
644256398491017216
644249958300782592
644249355537420288
644248917924704256
644243631818170368
644243599983407104
644237168282611712
644237145281069056
644237126717034496
644197975179325440
644166591530303488
644166505417035776
644165687473229824
643916495333011456
643912226714292224
643858344835424256
643851488427671553
643841911099408384
643831815397056512
643629821529092097
643625303852584960
643624341641560064
643542106707992576
643541629383634944
643523563748786181
643522740964728832
643521890452152321
643521603289128960
643477100725452800
643459661782454272
643459636436320257
643452950447263745
643149188847562752
643149051580555266
643148907871105024
643148048437235712
643146037209759744
643144767799431169
643087160413978624
642820505893007364
642819904601763840
642819698464264193
642819612200030210
642819560245227520
642816703865466880
642807928576192512
642799560142815233
642799424893243392
642778298913828864
642761556590227456
642761384506343424
642761277635489792
642760625156923393
642751921334435840
642751849712455680
642751695970271233
642739359402323968
642578623279570944
642577644484169728
642577561839620096
642534729124827136
642534650418741248
642534461972811776
642534432134590464
642529462073077761
642529085575557120
642523551141089280
642519405918863360
642519147444858880
642516727339843584
642515246305931264
642512736698679296
642508631083208704
642480761191440388
642473399709773824
642473142255026177
642457118189072384
642448717195419648
642440310073765888
642432190010269696
642432177746087937
642424771146326019
642414362708320256
642414274648915968
642400314885341185
642382266535178241
642379183126114304
642378865906728960
642374014380417024
642372364458663936
642370508609224704
642370229792821248
642369758495682560
642104151099473920
642102470790021121
642102219299491840
642101799202242560
642101783435825152
642027583631175680
642025119779581952
641811790377156608
641811427699855361
641810939558367233
641742337886937092
641735703093768192
641734981635702785
641734906448609280
641699225277984768
641677545642061824
641657547716472832
641641951985598464
641445851408244736
641419532859514881
641417404216705024
641415772204470272
641387714147971072
641376768331489280
641295202406281218
641278212585164800
641277677740158976
641068406263934977
640604025881280512
639872282475761664
639872199139151872
639845529870970881
639572916301135872
639572219744665601
639572194197139456
639567373331251200
639483145985916929
639477191064068096
639453735333294080
639208171559518208
639207670986096640
639205957118107648
639107935793102848
639104679327191040
638847754840748032
638846781762183169
638846382942593025
638833966175272960
638813224478052352
638755585652080640
638754121537986560
638460667213803524
638434208847921152
638410461483003908
638396007240343552
637425026120183808
637422897808601088
637413456073891840
637412179554267137
637373031212580864
637319880656728064
637091202194509824
636958830849564672
636624302566150148
636221750041276416
635931243868225536
635866783010787328
634772099979177984
634477667929190400
634409833303662592
634047458046275584
633730200665100288
633685777852067841
633416102823989248
633012955722969092
632641175405637632
632295712148037632
632269456232857600
632268627505344512
632235370550198272
631903155274452992
631902264140001280
631510710598660096
631148717148663808
629336638716555264
629039668307324929
629020652255612928
628611519106928640
628249350020268032
627264343940427776
627243015535357952
627161510838730752
626799584317173760
626500006661500928
626443492366094340
626414577467686912
626391972496936960
626135228298297344
626053455405256704
626044492458496000
625712455264673792
624354005553164288
624353969175961602
624323163711602691
624263729476046848
623962298856570881
623900578544906241
623628745849589764
623605902013276160
623538150976008192
622458435578236929
622142603501404160
621820072869412864
621816619560476672
621786758003490816
621726149123670016
621454338641297412
621424418833715200
621365186071543808
621069301299191809
621001316085710848
620639075670880256
619551878586724352
619249784638062592
619189378309558273
619163275339649025
618857019144044544
618827001294622720
618525412474376192
618464704843747328
618102238481936385
617015253331767296
616630127586377729
616628187431313408
616335178571583488
615565670756032512
614478396454793216
613777419674230784
613753593456402432
613029031638900736
612025678314250240
612025372448813056
612025246628085760
612013844295192576
612013812057796608
611994427259768833
611994389108408321
611979380613607424
611930583078301696
611922690904080384
611639880435789824
611631120619323393
611631084443447296
611620497873334272
611620439438270465
611616028548853760
611615962698280962
611608348069396481
611608271770812417
611581962822811650
611581919956979712
611581853674401792
611581733843128320
611569746618785792
611566679227768832
611197220440903681
611193875181350912
610873552036827137
610496076433518593
609042572950904832
608347952139137024
608110584752676865
606506167611867136
605789124570673152
605440233463803904
604331536368861184
603969573084205056
603611813276753920
603244379810172928
602519729111183360
602157217119227905
601832826653278208
601818133159145476
601783213044957184
601761058932535296
601532489128136704
601521954244268032
601521889329094656
601505732178022401
601505679220678660
601505637189582848
601463823707451393
601463742618959874
601463621672022016
601201235581018112
601177895919300608
601175075694444544
601146557975506944
601135748381683712
601126627725082624
601125716466405377
601124337077235714
601115500303634432
601096773730373633
601096759855558656
601096461166620673
601080439038611456
601018040726126592
601017130620850176
600796745396654080
600796645916180480
600796521060151296
600796363954069505
600795955424665600
600795838898536448
600771891104612353
600771584823951360
600751564215558144
600735608714039296
600732183901261824
600732104968699905
600731976270622720
600725775839416320
600725664468078592
600724373230587904
600724061761601536
600723902763929600
600716502883512320
600703401819807744
600703340377415681
600703299071901696
600702500048539648
600702201934290945
600692519345594368
598265418847916032
598264544192933890
598203990711500800
597852752392245248
597852270638731264
