918894488545669120
688061846805299200
687032107294560256
686973892292775936
686961252782837764
685628199493971968
685506886624522240
684784545850200064
684425606402977792
684084989034496000
682970309096521728
681883229327101952
681520762478526468
680448108736610304
679736782284427264
679391895844352000
679119613251198977
678293922263601152
677556332086427648
677534824274468865
676848631190831104
675722523036790784
675360405192105984
675033377163116544
675032998065143808
675032886081421312
675032585651757060
673998193017806848
672823816675028992
671736681087770625
670286748417683456
669606670553604096
667469293890613250
666337797729464320
664511124109332480
639883583587356672
639487757287424000
639223662307082240
638483489470447618
638398654701797376
638398224491933696
638397748555878400
637096182385213441
637095253669875712
636991605551960064
636591397001297920
636590500301049856
636581786701533184
636362724486676480
636361744554717185
636228124242415617
636218442626928640
636216481018019840
635954624856326144
635855505991200768
635855397736222721
635645253345611776
635645010667401217
635271494231179265
635271000947470336
635173332422254592
635173192449961984
634774106764935168
634772929738317824
634772698414104577
634771900611346432
634771861931458560
634771276909944832
634770317550952452
634770200236326912
634770099048738816
634741936977416192
634741765921075200
634608313099948032
634586927304339456
634586776057720832
634513387423170560
634513279839289345
634495852292239360
634456682874040324
634455666501947392
634455167832715264
634454870397882369
634454357228912640
634454279344951296
634453744915054592
634452243404603392
634425208871366656
634379400016822273
634156467185172480
634154656076185600
634154014154686464
634137792981786625
634100737572777985
634073609305112576
634052966652100608
634051206105559040
634050046493769728
634049733401571329
633834446672629760
633834404725420032
633834226371031040
633834083957665792
633833959462342656
633833570985840641
633816910530875396
633788397778108416
633690219787620352
633689811010781185
633689527882657793
633456561654902785
633456448177967105
633456342821240832
633456230120292352
633455864649613312
633394139363565568
633337532466368512
633321572506316800
632809284607172608
632351544332054528
632351199388286976
632330805134520320
632238570296623104
632238027415224320
632237894921379840
632237841070714880
631953563271327744
631952997870768129
631952755062472704
631882914037260288
631881794082570240
631817040437772288
631614805015572480
631612409329782784
631563482953986048
631509146676768768
631509095107837952
631508530302877696
631508359468838913
631507035964637184
631200968126808064
631158825052061696
630897918875037697
630897856891613184
630897689631174657
630896456811982849
630781499411857408
630780574194532353
630272341776334850
630193602694504448
630081307918241792
629787940063830016
629786983531806720
629750184545640448
629748600705171460
629709921970327552
629691478885830657
629690102550102016
629412426690105344
629412149043924996
629406134181363713
629392762727575552
629360866027302917
629360827783626753
629360740189794304
629360709973970944
629358810189053952
629052405611499520
628996429759909888
628956882980319232
628742594755825665
628739707141120000
628712440876806144
628696823746572288
628688689195958272
628630971865104384
628624785791021056
628622560482033664
628620217380290560
628617589044809728
628392854780407808
628359254647414784
628252488479698944
628251070091907073
628250728306356224
627735843579387904
627692110175580160
627655064216186880
627653648445632513
627272606757048320
627271363372433408
627175460657569792
627173656968433664
626974741262241792
626918621961285632
626915671155216384
626913454792835072
626810779304460288
626808925472493568
626806808363962368
626806557779464192
626803640263544832
626551694361387008
626529582326353920
626509803439943680
626505653423489024
626443167705858048
626441665494945792
626116159931183104
626112560056565760
624801843814596611
624751861283688448
621817845857423360
621817747979112452
621030591329275904
620235572238544901
620129936393678852
620121514390597632
620096446222610432
620096251372027904
620090099544395777
620080959694639104
620080941713612800
620067941195739136
619911311372083200
619840367018414081
619761497053343744
619737320820871168
619732332719648768
619716067233902592
619710879416750080
619706706906329088
619633557686784001
619633132149432320
619633111807045632
619633061601251328
619586262077325312
619586207815630848
619566391981555712
619565414121537536
619552864709390336
619380548973105152
619372260038578176
619364361467904001
619351641666392064
619351516432896000
619345140339978241
619343061689077761
619279912835268608
619219526006091776
619139034556727296
618952409042149376
618544443793125380
618544410582605828
618514167285178368
611679933337710592
607275049662300160
606971748160905216
603368424933203969
601446584144953344
600801918374584320
595628595483176961
593928133348167680
593531995768008705
592749201488015361
590593421431046145
589843446447222787
589126233452990464
588446362179538945
586621222722482176
586228493576499201
585977437265076224
585937503145734144
584544997975797760
306112493892276224
305048372702765056
303929653989629953
303929549794717697
303929209867337730
303929003625021441
301847674632695809
299637052872462336
299247346628325376
298588280419651587
298512401286967297
297467236824784896
296696187703148544
296076284436545538
294891489107001344
294524760291938304
294201468481839105
294201063601483776
293864071177052160
292366573157617664
291970097499738112
291843115701129216
291249755248553984
291249713678790656
290977929175912448
290977229528264704
267067159631507457
266730817538097152
266260412859809792
266250905157001216
263768108802658305
263375606564155392
263375226665041921
263341198050197504
262960649091563520
262960391062163457
262959273779281920
262952786357006337
261932991381651456
261932856195031040
261932760292274176
261870192336986112
261184841696030720
260792140924334083
260431067713003520
260428490472579074
260172422861443073
259730471884312577
259730283652333568
259319261649072129
259128283038371840
259093684967071744
259065756677967875
259050925321240578
259050790440820738
258988170627125248
258988033066545152
258968239042867201
258722095264043008
258701546152398848
258661423314505728
258660608000532480
258598671686434816
258598297533571074
258352489613627393
258352328720125952
258317827147173888
258317586540929025
257998523205832704
257998484052000768
257998422618021890
257912773839835136
257912654314745856
257740875063517184
257611760897490945
257611615795568640
257579061646344192
257579044600684544
257578945027911680
257338778673356800
257322874518503424
257322782382235649
257322701465735168
257321840257687552
257321498224762880
257266661009272833
257265437795053569
257243170751008771
257242998532894721
257223674904576000
257223317637955584
257213474411802625
257213349962588161
257197129544650752
257197104013930497
257197078353174529
257196591742599168
257196091991273472
257195464938627072
257153725091704834
257150714701295616
257150692488269824
257149940139171841
257149919800991744
256921828075917313
256913710776455168
256904786731999232
256893238408011776
256893152160542720
256892526617833472
256892477934555136
256879627799248896
256877285838307328
256870658523418624
256863619378208768
256863545642340353
256863493104488448
256852879141400578
256824044928786432
256824012284497921
256823875113988097
256819464769785857
256819161563557888
256817172293226497
256812500815863808
256803536850014208
256803445187674112
256801863385620481
256801781730926593
256801646280052736
256801359431614465
256801070746058753
256800144622759936
256799865735086080
256786184456515584
256558788373532673
256558718433517568
256497156347801600
256497006678265856
256488388847357952
256480213641355264
256458475629064193
256458375099994112
256455619094142976
256448484931145729
256441954206879747
256440615246635009
256427593300074497
256197876689014784
256195789091635200
256182479269007361
256182265665699840
256154089262567424
256139438554509312
256072389794865152
256072363282665472
256072222471499776
256063712509706240
256063356186808321
256057264354512896
255728997713993729
255516210756714496
255515967713579009
255441514858160128
255438117786488832
255400393843036160
255102519016058880
255046337995878400
254760609793576960
254627842351050753
254627793952989184
254309603234443264
254309490449584129
254309196248539136
254309004715646977
254264760021966848
253961963674148864
253922617143218177
253734040413282304
253564314122858496
253563821610917888
253563727356514304
253563567717109760
253324914675838976
253278815512571905
253268083790192641
253267960687390720
253247380927959041
253193610965708800
253168567963496448
252834353795706881
252821399536820225
252791361437327360
252754862813622273
252572306025619456
252547608122380289
252228176166674433
252134574153424896
252121003558330369
252120933966417920
251874471546343424
251874171183845378
251874069274832896
251825722694459393
251817378046935040
251808615340589056
251776705365164032
251751234510393344
251751050862796801
251750947020234753
251719316792307712
251434881534550016
251432940976865280
251390558273167360
251390450588606464
251389959485915136
251372163226021889
251369945668149251
251180098370289666
251178793690083328
251178696117977088
251178661112340481
251178597778354178
251178560369340416
251178523056799744
251176653626171392
251108461822214144
251108396680482816
251041203305476096
251021623325495296
251021252343500800
250704351037902848
250677364307136513
250669870495170561
250669753218248704
250667151915094016
250381027674042368
250381000704655360
250364936868483072
250364909169287168
250337697288310784
250314771671445504
250314665391960066
250314578527924225
250273013893828608
249941892735827968
249610108382892032
249608600023101441
249532871147130881
249342585032810496
249305958617079809
249284416952733696
249284073774776320
249283834212929536
249283486928736257
249227905949921280
249227845132505089
249201791764398080
248978315493376000
248978028326158336
248977435146727425
248877724758847488
248877581980540928
248877465978675201
248876808034975744
248876760358334464
248876580200407040
248876456682348544
248876143736918016
248818866413793281
248630842140807168
248566219488256000
248566056514367490
248566031201746945
248532768856891393
248532723961065472
248532339536326656
248532064842960896
248531112157122561
248530819126267904
248530221488275456
248530135786070016
248503062229053440
248213778074849280
248212100273549312
248119453345259521
247855651676631040
247840974695444480
247806526872498176
247486060161028096
247074021609439233
247049446679011329
247013699720724480
246764164549341184
246654904662372352
246436672328323072
246392257257799680
246382986679943168
246362113394737152
246296871537106944
246296453096562689
246291016645222400
246054609070718978
245933178039181313
245917573936476160
245674693129027585
245673401140797441
245673006104444928
245672707998490624
245666659669524480
245600992152940544
245340031827468289
245296352874098688
244955813716824064
244540960804057088
244540808253042688
244539667586883584
244521097201057792
244520955697852416
244520890635800576
244505110431031296
244252651703914497
244171006430834688
244150482317242369
244105934140502017
243830955977089024
243801886615011329
243776552603619328
243770251500732416
243759918493102082
243479911770234882
243456272136040448
243121107085979648
242666442997235712
241917433080860673
241707969782362113
241674780896534530
241665554006548480
241662862261620736
241589867040100353
241589832843943936
241558645022785536
241558581105811456
241558519566962688
241558246056415234
241280708235104257
241279256104140801
241278871268368384
241276818869583872
241263112970440704
241208133094084608
240918498820386816
240592969730777088
240564558610198528
240549444980973568
240506248318038016
240485938931830784
240278548294823936
240216995004551168
240216880760119299
240216790213459968
240216760190652416
240216719489105920
240210672930140161
240204744981884928
240128406711312384
239871787490500608
239433162101510144
239171492519219200
239159470075293697
239159420729303040
239159338671955968
239115376665976832
239114818269880320
239106914229821441
238697652945043456
238317392957165570
237962881000423424
237659126124142592
237580316762570752
237319673807527936
236877415450812416
236532156741058560
236247345648525313
236226544538898433
236187964542169088
236175761931902976
231797456621404160
