818899506490208258
805937883110604800
801213762422374400
767804383832764416
765325157204430850
764920878257745920
764222555158941698
763825464171388928
761707549150187520
761246293620625408
761233776630501376
761220119230083072
761208155900678144
760929119404187648
759859649931714560
759191921877217282
759116803930988544
755919200204357632
755846617274560512
676454930694189056
666663581602201600
666274169051439104
665273090637611010
664866621639520258
664866544929923072
664863289520881664
664567359936434176
664151728355323904
663764865757151233
662722769734340609
662642607097516032
662341520884957184
661993794154446848
661667983270486016
661283333322752002
660501567942975492
660217622320054272
660217489964589056
660217299085979648
660139798431182849
659834256135360512
659773915053563904
659486086071128064
659468655999229952
659396499529449472
659396206657982464
659117689609330689
659117645057380352
659091394737344513
659091062602997760
659038924401152000
658762590647119872
658762431158730752
658665682238877697
657656397279174656
657259102003818496
656894359615442944
656600444169355268
656570164536717312
656474026177507328
656215133870362624
656189004132429824
656132724902592512
656130843115585536
656130284274880513
656130051516207104
656129931026436096
656129406990090240
656128043577032705
655465832932249600
655152875845218305
654795264687890432
654456356334735360
654021709612359681
653718011187200000
652620405954486272
652255239098208260
651848048281260037
651490466047856640
651171028362616833
650022958132363265
649718087374254084
649359759183872000
648956515978747904
648635449540526080
648511011302043648
648509980262440961
648509168211632128
647547536698408960
647458152254976000
647457871819575296
647457799014862848
647457349263826944
647457235598200832
647189401731252224
646824153484541952
646448831626801153
646061185322852353
644967001148911616
644659808558292992
644231348216045569
643936445120577536
643565174348206080
642497605583241216
642420883462729728
642121109664591872
642037333307584512
642023181121921024
640555095143264256
640192730627338241
639860576353517569
639549834916167681
639548925754609664
639213505296646144
634491218613936128
634140569682464768
633766525359517696
633440822713823236
632612773831118848
632340314490044416
631968753916317696
631608295560716288
631178356336123904
630893485470515200
630369843397685248
630355250365497348
630354739901931520
630354324003127296
630354274875219968
630354216893157376
629832656465690624
629447053685465088
629443955881545728
629443628436455424
629443448291094528
628977506796851200
628676376980144128
628343563949092866
628216212200267776
628216064837570560
628215948839817217
627932040504180736
627923527035932673
627923333116469248
627909269510160384
627863976588632064
627828485113950208
627828447394590720
627828372543029248
627828305933287424
627827999015084032
627827927317676032
627827903154257920
627827473489743872
627827439624957953
627824320774017024
627823797282963456
627823679192363008
627823577832796161
627823525676642304
627538060498984960
627275014920867840
627198953344376832
626909484485443584
626538706501939200
626497248206168064
626497121726939136
626497058485215232
626496982891261952
626496813999198208
626496497023123456
626496436730003456
626496415322238977
626495631293575168
626465660302823424
626205000465690626
626195794274725888
626173306828365826
626138102101315585
626124532575830017
626124385032765440
626124023462629376
625804815633907712
625762855825051648
625762818227347456
625762800967749632
625741197433303041
625673654827937792
625673554848313344
625673543968268288
625673402355982336
625673374874890240
625673274979131393
625425385908408320
625336452365328384
625334832806006786
625165005013544960
625164872070889472
625164835861491712
625164294003511296
625164233500696576
625089626567540736
625089407750696960
625088520210784256
625088434751848448
625032802900119552
625028814238818304
625028545136455680
625028467806052352
625028193347571712
625028152906137600
625028102511591424
625009796350091264
625009644478558209
625009555739660288
625009478333767680
624967425390419968
624966947738910720
624966631593254912
624966441125740544
624966352068079616
624966189014511616
624966110744547328
624966027567333377
624965962199138304
624957348382031872
624721916109156352
624711844670930945
624711739347718145
624711641406545921
624711578315833344
624711503564963841
624678047778615296
624676946224488449
624656816039964672
624656628730757123
624651529740550146
624651475826966529
624644850521120768
624644837300637696
624642684066615297
624642674876940288
624642643545464832
624642623664427008
624641425569902592
624641413951713280
624641203779293184
624641174125604865
624641092856774656
624641025051619328
624641004436615168
624640314263883778
624640303509729280
624640288171102208
624640080733437952
624640044708577280
624640027692285952
624639073861390337
624636321609478144
624636087919607808
624613782031994886
624612648508731392
624609550742609920
624609231832879104
624608606650904576
624605849504256000
624605428576423940
624600018763169794
624596545975943168
624594386639192065
624575743826132992
624574193691045891
624574165983465472
624574086136659968
624574058512805888
624573715334823936
624429317691412480
624429248753831936
624429204835291136
624429119510552576
624428864853426179
624428800437260289
624428686230581249
624334928809996289
624311644340883457
624287231017132034
624273726012530688
624266552783863808
624249287464099840
624248787238813696
624248298505916416
624248052371599360
624247642839744512
624247343261577216
624246739923550208
624246685854789632
624237489860050944
624210103110107136
623974372349452289
623968835964547072
623966179632263168
623953923666259968
623915611761049601
623915030245982208
623914882300293120
623606717125791744
623605812469088256
623603773353689088
623599294331920385
623599056468766720
623597962741026816
623594150244560896
623583293741510657
623571380601286656
623519922409328640
623519421936611332
623510110585888768
623298772169129984
623287976307654656
623285046703730690
623282954408734720
623280376014864384
623277982585593856
623275461695676418
623274882776891392
623270872833507328
623268678004510720
623266339449401344
623262640622571520
623258588337848320
623251026846461952
623249968808132608
623231545244033024
623219250505904128
623188000650973184
623187760304783360
623187718546300928
623180007200923648
622945685717975040
622942482586677248
622942336901709824
622936511714082816
622505676544217088
622435744842264577
622232287501942784
622159392339828737
622078265398853632
622078244637016065
621800055398395905
621764582701305856
621754255028957184
621116331740561408
621106286067908608
621105487250092032
621076506152968192
620763069556260864
620650585692332032
620637901039235072
620637483659841537
620637078339063808
620636861116059648
620636833039417344
620623504677974016
620623030474121216
619950098332696576
619684047963443200
619652393253400576
619595447959687168
619595287645016068
619302200125206530
619278185625051136
619275466172669954
619264500018061312
618943878461300736
618822284581715968
618792656605474816
618587002389311489
618572741801721856
618501670037815296
618175476675293184
617378718487552003
617110245719035904
617023982731071488
616782611021737984
616751581095165952
616670154848665602
616660013889810432
616419568421093376
616391604149047296
616383975779647489
616282959973380096
616282013079863296
616281957555679232
616084215122239488
616044796218617856
616015806489591808
615682706496716800
615674822782230528
615595028883357696
615569763687739392
614569759271727104
614236705839710208
614154963560853504
614154865447673856
613884552629624832
613858392965271556
613767829964369921
613144704159481856
613137418892349440
613134260086530049
613093438414843908
613092869218418688
613066485070733313
612056852046721028
611940666273361920
611707808141189120
611686050621194240
611326313396355072
611275148147191808
610986490806407168
610936509429096448
610922841912012800
610607511205318656
610583971727048705
609522582707175426
609419151623516160
609419100167782400
609412590545031169
609080359234498560
608796637528346624
608436907450732544
608393171706507265
608054553360134144
608003220611284992
607951247845556226
606975333330501632
606905832941473792
606883846647357440
606560482850242561
606192675188973568
605737456827305984
605737319488995328
604369006590627840
604082893737050112
604079502835195904
604053312934121472
603725361881468928
603302290192257025
603257974027591680
601801774404603904
601544161414656000
601181026623365121
600435402206478339
599297638534623232
598959222194311168
595807938729639938
595742112349552640
594726014556606464
594718535672270848
594711310417428480
594706628496220160
594704339144433665
594697514999226369
594697135314083840
594696355513110528
594693511926124544
594680138069110786
594679762464931840
594667553936449537
594657575834099712
594640010902659073
594624103782440960
594618728815427584
594615797898706945
594546973790773249
594531993703976960
594199057381335041
594197727703126016
594185688402132992
594179201302925313
593094552870920192
581563974988144640
581544794641420288
581487545017479169
581241054038519808
