810062269451223040
611619350953373696
611261462254784512
610509476551131136
609465263218495488
609424469992472576
609137971879542784
609137785186856960
609052549811818496
608881127932035072
608523564455632896
608332808357036033
607945842478039040
607592026909995008
607223842721775616
607021572012924928
606894919215546368
606892629457006592
606814771522895872
606633081936576513
606578848650657792
606536360623620096
606445363902312448
606158426163412992
606140054411411456
606129249548779520
606098504306466816
606082968327585792
605856701602885632
605806424338239489
605796054395551745
605785816703508480
605720571104468993
605453370527064064
605436807061213185
605372895016009729
605071285308125189
604995814914551808
604708916644048896
604678340738314240
604633418039623680
604356530285092865
604271051783036929
604085092655321088
603988451168358400
603900866848894976
603628891786215424
603559748345069568
603265333198073857
602896947410706433
602476816176062464
602459080838369281
602172188234424321
602103989749055488
602096691555119105
601734339529838592
601521004058378241
601483413988708352
601472004135460865
601462357378801664
601432671512821760
601371897956151296
601111553170083840
601089238558375936
601084065098268672
601058831972564992
601009539664580608
600749764724953090
600705671009439745
600647166822981632
600372433166598144
600365073509519360
600284742341132289
599922377225437184
599635468834115585
599559999333904384
599333482364473344
599303839976595456
599273006943244288
599240262683000832
599197583118970881
598953747776024576
598868400304103426
598472902065803265
598186737601380352
598110441051553792
597875185946091520
597844434588409857
597823216632012800
597821739532443648
597434175474388992
597294316453646336
597207512631246850
597071632650244096
597070277130891264
596780869802663936
595370542686806016
594144411354664960
591309659979526146
590877822568136704
590300682755805186
590218453354614784
588703498025336832
576786480770629632
576168519244472321
576134151218180096
576131382872690688
576131113665445888
574015013532258304
573581892810711040
573301458772217857
572261912865468417
571126900405334017
571125794082332674
571125381346033665
569653605642293248
569653336669974528
569652877905362945
569652476011417600
568862755131777024
568534886237089792
568531708573655040
568518011457441792
568517715742167040
568517393514766336
568516446277349378
568516164222988290
566643097749028864
566386438736846849
566358779306844160
566356858290446336
566356797053616128
566354781115928578
566060982376472577
565981212456402944
565972772250071040
565962518581899264
565962461476421632
565962223458070528
565961991466917888
565961831038984192
565611316816015360
565599376459186177
565594556155314176
565594530242899968
564863624196263938
564491900376203264
564489615734620160
564489407021862912
564488495624757248
564197938574798849
563882389835747328
563879007645483008
563876608084148224
563826683371741185
563779050007568384
563515873177006080
563489324969107456
563419126601748480
563418904731455488
563418863732129792
563416934520061952
563416868115857408
563416305152172033
563247359945998336
563246259993989120
563246178632859648
563233932930330625
563233626779684864
563148518886359040
563147307353260033
563145580747038721
563115910224175104
563069909543161860
563067276061323264
563062751908855808
563062290539622401
563061221201838080
563061192076566529
562702558352146432
562701611391516673
562700576568655874
562691358914514948
562677433430999040
562677237573775361
562677022175293442
562676855481057283
562431833602674688
562402882008276992
562401061999099904
562400911801081856
562400717701267456
562400266050236416
562310579281358848
562085053933441024
562077140208717827
562065558087032832
562056151999606784
562050047777329153
562039195930095616
562030195050164224
562029234818781184
562028096203681793
562007558676688896
561993891940151298
561977400548790272
561282872179314690
561272513380904961
561271419753881600
561270341436063744
560977588676358144
560944567692689408
560888801224962048
560590096550744064
560589188894978048
560589146717028352
560228161917427712
560226581713387520
560226551875117057
560220451012497408
560132577357340672
559894501037056000
559808980638105600
559808256252469248
559806911537618944
558813413661356033
558684862794571776
558350800582221824
558320654315831296
558058995777536000
557722645073244160
557716878475677697
557282665741557760
557280760424452098
557271243712237568
557263689070301186
557263617595174912
557262943536951296
555766670694678528
555533507162693634
555528061836218368
555527587657555969
555527514248863744
555095311610171393
555095161508593664
555093820040163328
554809227680546818
553682034384592896
552291727026192384
552259157290524672
552245548044914688
552212501606047744
552207905303580672
552207826907824128
552207595491295234
552202239893184512
552200351353274369
552016802679906304
552015769929019393
552013479872569344
552012955492294656
552011928902852608
551955160805941248
551862499625033728
551862416145793024
551766282853289985
547143986364682240
537708653403312128
537324456880783360
536947069919825920
536941619786698753
533343899738062848
527956079859097600
527952202254405632
527944145701044224
527813648828211200
494833415703650304
492340179999268864
