854529330873073666
829919992107802625
806271708193636352
748222834774802432
742804081442357248
740597182911422464
734873719332438022
728267743036723201
727558473861500928
725324294033645569
724584286461014016
723616159036235776
722458577881866240
717772953144795136
717772810089684992
716065266476662784
715574304079880192
714624084005376000
714473988341178372
713432166135308288
710988252858028032
710469221134704640
710469198607044608
708366901047496704
705905898552582146
705903979612385280
705521407464091649
705521329601015808
705478032442597376
705446034500005888
705205632303894528
705184254079029249
705115284588244992
705115190925209601
704477285055754240
704466799601975298
704466745612828673
704466711672557569
704462553078845440
704438518567731200
704435795675906048
704390942824861696
704386899616485376
704386852187287553
704386591125442560
704385976236273664
704385771986243584
704385682995695618
704385648921194496
704360610356592641
704187743828467712
704187684340629504
704187679865307136
704187381310574593
704187223491506176
704187128280850432
704176920947138560
704175690053079040
704173870903750657
704173555039080448
704173498223071233
704173462135242753
704173443944620032
704172908285792257
704172788098019331
704172672683364352
704172366243319808
704172349763915776
704172307581800448
704172262165905412
704171344288583680
704171158850043904
704170574319190017
704169591920984065
704169453160824833
704153484434640898
704140869402652672
704140834023735296
704134511840198656
704134007387086849
704133376916107264
704133154425012224
704132365858115584
704131590201290756
704131541765468161
704130761843036160
704130455042281472
704130251425599488
704128928202362880
704127454437224449
704123890386075648
704123706604277760
704123341368459264
704121755300835328
704121703543091200
704120952263544833
704120930411261952
704108504420712448
704092512403607553
704045807536766976
703740063901855745
703740021895880704
703739987980726272
703738220974977025
703737192837881856
703737182402408448
703737012927344641
703730444181766144
703730397629194241
703724411455602688
703724292505104385
703724253691023361
703723523315879936
703723353186545664
703723301764345856
703721945427148800
703721264305672192
703721205375733760
703716731655688192
703715451814092800
703715378275307520
703715364052447232
703714980269465600
703714382228824064
703713378183675904
703709912052830208
703703892689711104
703694684447617025
703407684725280768
703407579104292864
703382243956228096
703362396027359232
703360806256128000
703360479268200448
703016834979594241
702979240879259650
702935817950367745
702924564108410881
702924364358889473
702924340371681281
702923958291574784
702687084847329280
702659070822469632
702580836609036288
702309207312244737
702293630443081728
702292010628026368
702291830600179713
702285924340617216
702267957498351616
702264236840394756
702264081592365056
702260916402806785
702260620658233344
702251226872680448
702250419918020609
702250293547900928
702249533888049152
702249470969253888
702198604614635520
702172546062372864
701906927807139841
701883249929289728
701842423480082433
701826812821639169
701587332147773441
701587293115543552
701536579244789760
701464506375929856
701123254488961024
701108923462332417
700832020725825536
700799116217966592
700798839515525121
700753848764248064
700749505373712385
700524570202099713
700498201774673921
700426494934327296
700426130264760320
700409962044895232
700381965074038784
700381173621460993
700179090083479552
700104284570923009
700015240256180225
699746256327806976
699743305941127168
699717183119556608
699667609688473601
699490482330554373
699490126905249792
699427361918291968
699413524297068546
699413410757242881
699413303609561090
699387484627554304
699387428826533889
699387328435875840
699387122080358400
699387109740716032
699380073409843200
699006127975985153
699004561176948738
698971073509896193
698970507408855040
698970482612129792
698947639778217985
698946098090500096
698943190649286656
698731110163808256
698680060518072320
698679019349213184
698676651186491393
698674981840953344
698605819655430145
698591846247739393
698310365336047617
698301924622204929
698237153554395136
698232507469295616
698204013850832896
698201610372018176
697941258933657600
697866268288782336
697834093057150976
697827958124212224
697827058555101184
697564316094959616
697561382368096258
697513568862760960
697469277306122241
697460307715698689
697456868805910528
697200088267956224
697197724618268672
697191981651349504
697126651654598656
696883806498729984
696861133001502720
696858436311478273
696796407257108480
696795892221812736
696782363968163841
696737514992762882
696737388085645312
696737353755262977
696387509559799809
696091047307251713
696015633671032832
695846862637510656
695819401493241856
695819345654476800
695789699139444736
695784029224726528
695775395132485632
695775170837901312
695760256647823360
695759579758485504
695759539551891456
695759265684856833
695759192477413376
695759084725796864
695758798661640192
695758644290301953
695758529261494272
695758457991901184
695718766479429632
695676107517878272
695674077424410624
695644168907988993
695410878351413248
695393977890172928
695393921082347522
695392387615498240
695390352950169600
695342317348089859
695313102330396672
695283593879261185
695283527626063872
695283346272686080
695283318388985856
695282910677463040
695134925863817216
695134574125289474
695061109900840961
695016195263586304
695010685508460544
694996676507885568
694994487248969728
694651687563169792
694651607120629760
694642291600789504
694641936074821634
694641762430681088
694567619848859648
694567026044481536
694340479194783744
694339530355179521
694326873778581505
694326753649557505
694326714843803649
694326684175106048
694324136231866368
694314689681985538
694296368936947712
694296216289439745
694294036119617536
694293338430660608
694252854513565696
694216265905221632
694216136183799810
693941023127396352
693940855762059265
693940695216758784
693847583203028992
693656637689634816
693634252177481728
693631679013920769
693631472729587713
693631434179760128
693631345398931456
693630639023661056
693630551467495424
693630349524381697
693630280700047360
693630254686928896
693630131336667137
693630113137577984
693630052651503616
693629835529187329
693622433161437184
693619961709748224
693616944100954112
693612472683462656
693604647743856641
693604625396596736
693603960729444356
693603785743011840
693602254943719424
693602133631901696
693601585541181440
693580989075841025
693236706040897537
693170224833523712
693170176636747776
693170032323354624
693169945757102081
693169918179540992
693169699580870656
692888456771403777
692888381437554688
692888315737968641
692888133843578880
692800243184762880
692489650129244160
692489574090723330
692439390728110080
692401046849716225
692376250870951936
692122836048154625
692122724471275520
692066492955799554
692044561670107137
692044429176246272
692044030658617344
692043148516786176
692042978777497600
692042901967245312
691783827002388480
691783288625721344
691738578762616832
691689606765359105
691411917588410368
691411708103909376
691411681176453122
690310491399294976
690297022650314753
689996678217207811
689995504739053569
689954423393644545
689948979979689984
689711119506649088
689272536744341504
688972307084083200
688972272372035584
688972184677568512
688934226142494721
688933911292870656
688933429904162816
688933373062987777
688919244172472320
688911414325465088
688904149790949376
688892519732514816
688892364035756034
688890093671600129
688167727362478085
688089417148305409
687765040682827778
687764735404593152
687764587815419904
687646902381248512
687631644216266753
687631575756836864
687631170352222209
687631150794149888
687630825861464064
687630615118622720
687630570143088640
687630420167376897
687630388802396160
687630375640641536
687420342701322240
687337063755022336
687050824678117376
687000315212640256
686980014869319680
686358300749725697
686350491597422592
686350453437628416
686342588794667008
686342171943776256
686340222808801282
686340206975270912
686340176222683136
686340160766619649
685589753392058368
685573278207881216
685513863148777475
685174048792264704
684888192118464512
684888116746825728
684809810789859329
684515650081955840
684515445404119040
684473711462760448
684429254814113793
684163645501095940
684125118990139392
684081130400649216
682614415456272384
682547183393062913
682483125520216068
682006158207365120
679744762178580480
679481607057584128
679377259166220289
679119222304169984
678995858445230085
678770349308162048
678768271047307265
678765905359167489
678765824438501376
678765774115221504
677982765367689217
677937246381588481
677923027175079938
677638417354776576
677636541720698881
677567064635129856
677551448452759553
677551437287546881
677278912712413185
676845205870383104
676845044020600832
676817558238986240
676817513863229440
676751906295775232
676561953716764674
676521645759070208
676521593024020480
676486286484475904
676486270759993345
676486256944025600
676486144750522368
676486131412680708
676486101482135552
676486088811085824
676485997639548928
676485961442721793
676462197975834624
676462177230827520
676462103008423937
676462075594432512
676458786513674240
675809816162361345
675453395784757254
675407866283491328
675079573139247105
675079429656309763
675042720700882944
675032240267620357
675032180695957505
675032125146558468
675031882543812608
675031576107970561
675031422776811520
675018834948976640
675018769387786240
675018677763182592
674950802725724160
674948611269070848
674948574891896835
674947904801406977
674947165706317825
674943630709153794
674943504053764096
674943257885859840
674735378566279168
674735317300068352
674707180919001088
674660731938205696
674660395643105280
674659261733928964
674647074453909504
674646879653650433
674616152090271744
674608112515481601
674607175621185536
674606963632672768
674606531569053696
674606358780444672
674393692065554435
674393670330658818
674393616362569728
674393466722324480
674393414952050688
674375867183837184
674375821210034176
674375798535557120
674375703450820608
674375680830803968
674375650690654208
674375570952687617
674375555874217985
674375497820864512
674375447472267264
674312387227332608
674290320985559040
674283800705171456
674016934103400448
673988955361021952
673988928488136704
673988866202701824
673988724196319232
673988635381727232
673988459707559936
673988290828079104
673960518793560064
673960424107208704
673954412151246849
673939902531153920
673939889256181760
673935071187898369
673935056923025408
673929778248810496
673929560505757697
673929456495419393
673929419518427137
673929385209032704
673929101158166528
673929068622954496
673928997244301312
673928947579551744
673928917187616768
673928879946391552
673822146246799360
673821012375429120
673819698333528064
673724610601336832
673724582725992449
673724551772049409
673724531391905793
673718753511641089
673718634926051328
673599351067820032
673599203973591040
673599196511924224
673546817091461120
673314938325086208
672885174208618496
672547148668338177
672533888493682688
672533848899522560
672533735372271616
672533710957248513
672533637183614977
672533611296395264
672533569923772416
672479536223621120
672212192503070722
672211996520026113
672211967331860480
672211868878901248
672211229574750208
672195270193504256
672195093550395398
672194944887488513
672194847004995584
672194828361269248
672162295611441152
672123123680960512
672104811743940608
672079286203904000
672079279530704898
672052761001783300
671836653795729408
671831912550240256
671830344379666433
671830037465722881
671829995195465728
671829834964701184
671829792891600897
671806727365394432
671805698213154816
671801548360454145
671785305477746688
671777110071971840
671764291867971586
671756804792188929
671751123850563584
671750602884431872
671749129605742593
671749019148812289
671748581896798208
671735741450350592
671733784165744640
671537742145175552
671537448086716416
671537411696889857
671536886758830082
671536588594151424
671536560345505792
671536331483275265
671536078902321152
671535988292771841
671515786939260928
671514776594309120
671511213822513153
671510275221118976
671507386197131264
671505143653732353
671504828216926208
671503539261145088
671503234767319040
671491992166109184
671482844179398656
671481175764955136
671478584108826624
671477067104436225
671456092434534400
671456072599666688
671456013401231360
671455956924915712
671455890357129216
671455850423160832
671419714736807936
671403572278329344
671393456086843392
671393267099959296
671392816057049088
669944772270800896
669878345509695488
669582580425953280
669582308588916737
669348986340315136
669293701600968704
669236675323654144
669223179642994689
669220607213481985
669216482325233664
669213622912987136
668972953833484290
668966479388282882
668932657200422912
668932601428762624
668917817664602112
668915152184479744
668909581209210880
668870055694741504
668855112723333121
668578705984258052
668578492930387968
668578438807097344
668578157084078081
668578128655220736
668189863879905281
667808754667118592
667790504344481792
667790332008886273
667790295946297344
667784936535912448
667775910968299520
667759590151356420
667745464981131264
667552986609029121
667506662400327680
667506603726213120
667448938752950272
667448654215512064
667448612373196800
667448491531046912
667448441002311680
667448244545261568
667409711315075072
667404311589097472
667400439621554182
667400363775885312
667399298204626945
667398977696890880
667398818300735488
667398727120744448
667398028471308292
667397806433284096
667397610676731905
667397392556167168
667124774959751169
667123784072065024
667122938643144704
667122686972309504
667071401321336832
667069193334861825
667067309358321664
667067235463131136
667067190529695744
667067088696172544
667066951806660609
667066864380588032
667066718137786368
666750457168039936
666741148552003584
666729574223364096
666729426961506304
666711377373859843
666700157799370752
666694794979221505
666694606231334913
666694197034942468
666691700891369473
666691655471247360
666691600907563008
666685877708439556
666683781567422464
666683711765676032
666682542406410240
666682278999957504
666682108853682176
666681624289931264
666681495776583680
666681158755885057
666681109774749696
666680822628503552
666680611655000064
666679270538899456
666409354984222720
666409346117431296
666409223098527744
666409205822132225
666407755448647680
666407563458547712
666384050156781569
666383549625339904
666365969904701441
666365893572608000
666365803218907136
666329261553266689
666316742273044480
666316025378422784
666311018105061376
666177620397064192
666086497477464064
666020628206489600
666020377563258881
666020323091873792
665999948211617792
665996369446854656
665993020819374084
665989126538170368
665989038189383680
665988983252348928
665988076347326466
665913995648307202
665909613947019264
665742034741784576
665741910313533442
665740556757143552
665740516156243969
665740465342316544
665740328641544193
665740223469383680
665740160718409728
665739867251347456
665739587801604096
665632996263727104
665591043279028224
665589582453280768
665586084668043264
665585686901223425
665575036376322048
665566926823817216
665563399330230273
665563286700605440
665563264009416704
665563160615645185
665563005992615936
665562705349087236
665562562285535232
665562200757501952
665562095354703873
665562067449987072
665561981810675713
665561915230326785
665554170900971520
665316058065059843
665314996084039680
665269690319527936
665269170825621504
665269142522433538
665269100059295745
665264045008687105
665255197287952385
665254807045697536
665254786103508992
665254379839029248
665254340488118272
665254202831073284
665254050321973248
665252919185281024
665207012142157825
665206742943293440
665206623191760896
665206613163184128
665206540849168384
665052452555632640
665052433517703168
665052411162050561
665052186594836481
665052172699090944
665049830612316161
665049772227559424
665049750157197313
664979672287973376
664958284516843520
664954394316640256
664945187454455808
664937475597430784
664935397588234240
664926947248467968
664907400944549888
664905797109870592
664905750733455360
664903212504190976
664900890201976832
664864108009811970
664863691272093696
664858096724869121
664854614420750336
664854462255656961
664854268164247552
664854068699856896
664853978576916480
664853781041950721
664623728404267008
664606788461834240
664597058691534848
664591874129268736
664584387040645120
664563281420390400
664552061158068224
664549536216432641
664540500867682304
664531647983845376
664525935765385216
664516018274873344
664515964197732352
664502987759312896
664502950144839680
664491776254676992
664318751429398528
664264191973326848
664253041458089984
664252622820392960
664247374890598400
664247275686723584
664245479849328641
664233297942188032
664232506196013056
664232371059724289
664232247793356801
664221378120323072
664185393525342208
664170819073867776
664169082745319424
664155957094514688
664155650314776576
664153235444252672
664143146100482049
664140155679150080
664140023902507009
664139870252601344
664139597031432192
664139545613484032
664098747916271616
664098724029706241
663929128844787712
663926663038701572
663899946886676480
663891153205379072
663887686030127104
663883455416000512
663875876581339136
663869789278896128
663861275651276801
663856799825596420
663847570704175104
663847168873099265
663844120264179712
663844059966889984
663836876944502786
663825689519390720
663818397621182464
663818271544745988
663817605124198400
663813277881757696
663800538643894272
663800322356174848
663800096178376704
663786953762930688
663786906526728192
663786837618524160
663786783189024768
663785492601696256
663777147874471936
663777081902239744
663776780122107904
663776713822760964
663776506875809792
663775812617764864
663775683315765248
663775641007886336
663753578176053248
663753373674397696
663753354623913984
663561036910342144
663554628991057920
663554491329843200
663546299879321600
663536985500286976
663527779871256576
663526954562273280
663526822114496513
663524892835340288
663524737407062016
663521414973001728
663491233931653120
663485920914505729
663483284249182208
663449545012092928
663449302484676608
663448667936788480
663448529168265220
663448396154343424
663448321575399424
663445966649864192
663444479517462528
663422378433605632
663415740100292608
663390982398865408
663384256278761472
663379519873548288
663379311924129792
663379039596363780
663379006343921664
663378941990690816
663378927407071232
663234445898452992
663234301480144896
663234158236295168
663233951188647936
663233862323978240
663186353350307840
663186313667997696
663174776572112896
663157685894811648
663144764850618368
663144412629721088
663142152717795328
663132650194898944
663128832816254980
663121636913123328
663111382959681536
663090964982988800
663083554419572736
663068030146969600
663066102293860352
663053379216642048
663014841347534848
663014394603790337
663014001882742784
663013805505417217
662999495517409280
662998949540683777
662998822713364480
662998593331040256
662997794618109952
662997487272132608
662997158476443650
662996991920594944
662996412334915584
662996167383379972
662996111716540417
662973344472432640
662972861972262912
662804650479882240
662800408939638784
662784578776502272
662781704885571584
662781563097100290
662777679716872192
662751334408454144
662739490717368324
662734199602876421
662732121488752641
662730863327612928
662728364306776068
662728208266104832
662728144974053376
662725823087022080
662725370525802497
662719146505834496
662718375311749121
662718264317902854
662717591618588672
662716643684909056
662709228142854144
662707993868263424
662707674400747520
662707017878908928
662705781192560640
662681124179578880
662479558587781120
662448429969178625
662443907838443520
662442564360925184
662442529804021760
662431926448295940
662409151289688064
662408840172802049
662408654222594048
662389079913332736
662378858578997250
662370374764507138
662370180496887808
662370039136321536
662361926337298432
662349940799094784
662349913045405696
662349827427053568
662345634901438464
662334003999956992
662325607406043136
662087452245422080
662085994288513025
662077577209577473
662075830101667840
662073984897257476
662072514974101504
662062270533406720
662062174076956672
662037184816394241
662029255438499840
662021138403319808
662010134017634304
662003094876622848
661983370381910016
661981001032167424
661980925006254080
661980430908846080
661980374759661568
661952801757462528
661946078497894400
661931714336325633
661906662677069824
661906475149754368
661756686567280640
661754380278849537
661748985812529152
661748303046971396
661743811450662912
661743104530083842
661739065016844288
661728833456861184
661725294999441408
661721717719482368
661721706151579648
661709655840690176
661701822625660929
661690612798779392
661683949492568064
661669431387381760
661663718808223745
661649340482514944
661640469563072512
661616381453066240
661607107746095104
661596178295840768
661392468718448640
661352237118177284
661343905464602625
661342688445239296
661317271177023489
661314996106760192
661314967518384128
661314615406538756
661314343338975233
661311693197197312
661311629087236096
661310122275176448
661285109677490176
661252972597243904
661249458433167360
661247269245575169
660875537863147520
660818641785458693
660483731908521984
660232626410655744
660214484074532864
660167152356360192
660165586433937408
660152321314193408
660140574754762753
660137056048250880
659882446511456256
659881951675871232
659881782762799104
659881703796662272
659881649363030016
659881586528120832
659830209609269248
659828435032772608
659807813338660864
659801866126012416
659788123669270528
659776078697730048
659631916350439424
659631761949782016
659563973948215296
659563954163728385
659528261689475072
659520864182927360
659517199527211008
659517009785294848
659515544387719168
659511994328846336
659509099206307840
659499794319044609
659499384032202752
659499199164116992
659497765299339264
659493028957024256
659491037228830720
659486134938923008
659483200142446592
659474507782946816
659469212247703552
659459363267084288
659447570192728064
659418756364398592
659399546464669696
659364711008456704
659229543597629440
659229196078583808
659168376741203968
659161153755418625
659158999934242820
659158921458790400
659158754718412800
659158734376071168
659154936526061568
659149188567949312
659145081551609856
659131731174256640
659126745040207872
659112370380210176
659096170862481408
659054317744189440
659039725978710016
659032390224883712
659029806143504384
659029496062873600
658815831766249472
658815757116047360
658772164921815040
658770628711870464
658770174015737857
658716659155382272
658715115445882880
658708933012418560
657693485361815552
657693472137175040
657628688691761152
657262449117151232
657242678250242049
657232364058230784
657232213495275520
657232134931804160
656983490332721153
656887362908123136
656807514458058753
656807488646348800
656522399207157760
656515307129847808
656515233876324352
656515126430797825
656157363150319618
655562401387909124
655131074008190976
654794883966701568
654794365794058240
654724603382599680
654528704672980992
654354226651357184
654104158086103040
654104147558424578
654056362050088961
653673980109283328
653640857116016640
653616086823268352
653615987984461824
653348405188562948
653283249276370945
652643803367501824
652629249908584448
652624037894422528
652612521568788481
652612478191271936
652592132469878784
652522031834005504
652521819295997952
652521661711847424
652521563162447872
652378258340646912
652348219662315520
652344059546091521
652344015455547392
652311692223754240
652309351810502657
652307222945378304
652306197853245440
652306176214888448
652300909548965888
652300841546723328
652296022824087552
652294671436156929
652213888595853312
651799696835383296
651466282252939264
651192635323871234
651167430203453440
650846463040225280
649682024798654464
649639502927949824
649617014642749440
649612192317247488
649607900902506496
649607811890941952
649396228107673600
649395805841965056
649373248698884096
649373188506394624
649249217043677184
648968348806414336
648891646852120576
648633043066818560
648632418757316610
648632360515178496
648565025276166144
648550786985623552
648519499625336832
648167590116782081
647781170864787456
647781136257585156
647640986332491776
647640265000271872
647635578779860992
647632613935452162
647459050251141120
647206676697739264
647171592158515201
647133901685567488
647131457085767680
647127820859129856
647091202135736320
646794756073259008
646766649970966528
646766536938663937
645992088337694720
644969995458342912
644943436169146368
644916449635467265
644650889886629888
644647262837014528
644627772707618817
644591551486763008
644589125362958337
644586801332621312
644586762858307585
644586657950375936
644572642809389056
644563594621775872
644553567576002560
644286216695758848
644223224172015616
644213750094913536
643929761761202176
643899444702810112
643889023593771008
643888990270046209
643887867295461376
643887754141560832
643887526910951424
643887382333272064
643864383915995136
643863780879953920
643863737867345923
643862411850727431
643857352396025856
643856750827962368
643853929034477570
643851677712424960
643851224924712960
643849775532609536
643848684011171840
643847496914092032
643846248563347456
643846135157755904
643846087044939779
643846067742752768
643846000956833792
643844556484689920
643844263432863746
643844151491039232
643843159122821120
643842622910558209
643830220701634560
643829524644278272
643820194922500096
643802406644375552
643799757794619392
643794551497297921
643793542502940673
643617961975119873
643608705129250816
643602378084626432
643602102309142528
643601665459748864
643600341120888833
643599826035343361
643598023516385281
643596003753357312
643595897415274496
643595744381763584
643595673477099520
643594224257101824
643593944404619264
643593602724040705
643593234388664320
643592623798620160
643592467145580544
643592013452058624
643591570608943104
643591195680243712
643590511987568640
643590065512296448
643586450177429504
643584122330329089
643583089042587650
643581671409713152
643581466681577472
643575969136050176
643572683020464128
643565154991407104
643564582661820416
643559515451822080
643559479674433536
643558432088309761
643556459905617920
643551971618648065
643551720606314496
643551347485249536
643551113623433216
643549675824414720
643549138030755840
643548696928321537
643548443068121088
643548146430115840
643545082835128320
643543613838872577
643538818595991557
643538788145303556
643538726753320960
643531961584209920
643531541696614400
643529643379826688
643529580201013248
643529520562241537
643524722127425537
643522816592203776
643492964552077312
643488162979971072
643482453881982976
643477214160224256
643473054455087104
643470490464481280
643470141594845184
643469987055693826
643467957327101952
643467132987011072
643465974256001025
643465409547538433
643464420241203200
643463409162305536
643462626199007232
643461738176753664
643460152260083713
643456813132722177
643456401562451969
643455764095328257
643455606083325952
643453308682633216
643452796780462080
643452759539249152
643452619621445633
643452464063078400
643452362145685504
643452294860681216
643451997883011072
643451723147710464
643451643778854913
643451590221803520
643451414136532994
643450834118774785
643450685543985152
643437275926257664
643191034105589760
643167397814382592
642822532081549312
642822473558433792
642822388565082114
642742541834670080
642451356473683968
642402431570018304
642402270835900417
642378348287684608
642127282828652544
642086982710132736
641999529835933696
641652005446881280
641645595577286656
641330540940017664
641295438050557952
641290118523817984
640420344407298048
640414717815623680
640414614052704256
640293859717582848
640285665096142848
640254767244009473
640253300575617024
640253165867134976
640243765442056192
640243523934027776
640236065589084160
640229771473850368
640226969318092800
640225650708615168
640217839777918976
640199789838098432
639927088326180864
639867455716724736
639828600351428608
639558552500043777
639543493887574016
639543432638140416
639528342421508096
639527050026422272
639507536631062528
639507064646053888
639498175640788992
639496000734760960
639481612602728448
639478281952096256
639478167657287680
639470424561070080
639467745399013376
639432288275599360
639221284430213120
639131679148216320
639125324870103040
639105097574649856
638851976403357696
638844997362540544
638759723446218752
638746105988038656
638745924735373313
638481275859398656
638457041229508608
638400257747984388
638396889478639617
638387917803511809
637307918677733376
636577398495031296
635865666109620224
635844501731303425
634756277558751232
634394353448849409
634035726951284736
634035524458704900
633323752911073281
631861141434580992
631258900583415808
626828756104056832
626808359245590528
626449145633452032
626449131075035136
626444709091676160
626442191624237056
626440808170786816
626439074140651520
626437054100959232
626436965550788608
626433061375180800
626426345904443393
626423345240629248
626108877231108096
626108650600267776
608711091430932480
564860174842593281
