926137100528791552
923579985993928705
911938270933565441
834175777050497024
834175632057593856
834123280453734400
828681035441270784
828680421583904768
828679650251468800
828679270004240384
824047903689715712
823916376486068226
823914091127242752
815636783123681280
813068662491987968
809442980234928133
808250312595308544
806216718041255936
804467737544179713
804007115530473473
801953040592871424
801839179780866048
801470456494571520
801140996264165376
800745609607016449
799715568278327296
799715315424735235
799387024436305921
798933724788391936
798208891586637825
797846498683670529
797484120729190400
797255689290665984
797254945116274688
797121771602411520
796883528377995264
796883365437718528
796856495107284992
796853692385226752
796851404224610304
796850980788703232
796775666259636224
796396949003866113
796055519160958976
795743877961420800
795740654311641088
795740473587482624
795723188478935040
795688488079237120
795688470891008000
795688419439456256
795462700729929728
795020355593043968
795019831997140992
794994012520411136
794710051856388096
794670669036421121
794650338384973824
794612473382866945
794360021324705792
794310757177577479
794308294223400960
794303027507171328
794302979222274048
794285603164737536
794268584193048577
794262982159122433
794247872585859072
794242752628170752
794242502672850944
794241789670539264
794224001824366592
794008720569143297
794002250385371136
794001172122271745
793998615886692352
793998451730042884
793998257030447104
793991120279769089
793969726108082176
793968659395792900
793967721348116480
793954682766913536
793928884630585344
793895252767617024
793887661605818369
793871838786883585
793862096152735745
793862052662030338
793845158856962049
793825086453186560
793654430906232832
793618516423258112
793601009868115968
793600685975547904
793600490013548544
793600129001324544
793599911736414208
793599823844741120
793599766177337344
793599724947279872
793599659390316544
793599318649294848
793578332713390082
793533318289498112
793533301675831296
793522403309522944
793522333122043904
793522207401975808
793522052447608832
793521954783236097
793521769202130946
793521622778916864
793521037715439616
793520402861395968
793515573338640384
793510080222072832
793504500426301440
793504325779673088
793498698651017216
793494045905387520
793492882405531648
793491280898564096
793491182324097024
793487655728132096
793483557293338624
793228857692135424
793185223211048960
793185163198861312
793181766794084353
793180768960864256
793140516091146240
793120375622160384
792758011311689732
792395604911460352
792064264332730368
791670902534447105
791331428294197248
790996860752109568
790946105512964096
790721868865036288
790626312343785472
790626196597805056
790625993882865664
790597662336626688
790583643865423872
790229379548721152
790221276182753280
789858866854895617
789616050518134784
789532703792201728
789202581830586368
789194752633606144
789134108320423940
788793315340619776
788432502121648129
788409338570223616
788117978483089408
788096500198805504
788057636524527617
787729832696090624
787375550163591168
787111136655138817
786970935165194240
786665330605043712
786612505963409408
786327360408686593
786245301262626816
785883601699082241
785602776067813376
785601823537102848
785537142701240321
785519198239764481
785179331848916992
785178563511136256
785178392190525440
785178283197378560
785170199825690624
784840193387798528
784591495659679745
784591229967278081
784551476777607170
784525601231306752
784525408935014404
784493027062525952
784492524098301952
784469125133275136
784469092245700611
784469014294781952
784469003649503232
784468986629005312
784468882647953408
784468869561790464
784468796937416705
784468664586080256
784468635880296448
784468579609513986
784467591368626176
784467206365077504
784467113566097408
784467014618263552
784466941356290048
784466701387694081
784465095325655040
784451730691928068
784451702455803904
784451685926055936
784446924422197248
784127122470215680
784126860108136449
784085287769034752
784084247426445313
784082579150561281
784077158197047296
784073088241590272
784072554910670848
783798510520971266
783759662000726016
783750619035111424
783750476697264128
783750136790814720
783750081807650816
783749990048862208
783749929353170944
783749843051163648
783713273367498752
783713257894752256
783709138505175040
783703965183520768
783546955167301632
783497154849406976
783392192496738305
783384504232648704
783365683451076608
783365288926453760
783361809415741440
783351285495926784
783349840168136704
783346683912388608
783345347611373568
783339707878879232
783336526641901569
783324269883248641
783324236232339457
783324187205042176
783013152833150976
782991875699462145
782987457318891520
782982755441188864
782649031130435584
782329193656782848
781962083646656512
781961746592391168
781961669089955840
781961193049104384
781961090766733312
781960196641783808
781897240231092225
781562758122708994
781229637712039937
781228971098673153
781158142046457856
780821564388352000
779767845949276161
779066103825731585
779066083583991808
779066014122119168
779009170393575424
778664754034282496
778396529799245824
778347091798089728
778300453746454528
774404411485396992
774320317699203072
774320277085835264
774131718370406400
774131358775980033
774131157419954180
774131072820912128
774131021478408193
774130676375232512
774130648013385728
774047249860964352
774047221989806080
774047154998358017
774046931374911492
774009800736710656
773995520150740994
773995509048483840
773995449338298368
773981927359455232
773981893528133632
773967972142501888
773967783084175364
773945206525693952
773945020265041920
773944967005818880
773944530542276608
773944507276537856
773944411545751552
773944360895287296
773944254465007616
773944232750964736
773932007076171776
773931963165970432
773931928290418688
773931886284382208
773931876083900416
773931851844980737
773931786564886529
773931754604208128
773931624555614208
773926006109278209
773911364804894721
773911050508828672
773910953419079680
773595615498375168
773546034895003648
772852247260651520
772826710580473856
771792464352980993
771784567980105728
771442424505700352
771029574192730112
766698630854025216
761692748487405568
761592592349802496
761302637199314944
761231231778291712
760978963237699584
760867824847851521
760535912514105344
760143732377169923
759781661659717637
759420060595134465
759101982816636928
759101164906356736
758784312682479616
758466980739289088
758330858998595584
758083997213741056
757712199305408513
757711466556383233
757711337073938432
757710634125406208
757709836834398209
757704511322361856
757703275646857216
757702408101253120
757701585602392064
757701276721291265
757700919446212609
757700466868228096
757699357202190337
757653777591644160
757650768769933316
757610997074923521
757610873514930180
757610810503946240
757349725813088257
757291622858055680
757291393484075008
757291250286419968
757290948934049792
757290688044072960
757289506424786944
756987356364705792
756956656383078400
756950484951273473
756950289748332544
756950177907216384
756949706756849664
756949519741313024
756949402908930048
756940407297093632
756669897116033024
756657287876386816
756630746626920449
756606174242287616
756580115761340416
756579952900706304
756574407040958464
756573847407566848
756572753923182592
756572442621915136
756572108373782529
756571012465037312
756570952641617920
756543921690324992
756541068229783552
756536987708817409
756529016904019972
756524740735561728
756524699790610432
756524281547272194
756524087258681345
756519132552531969
756494334870953985
756307608135307264
756303140220129281
756286408214532096
756274629505798145
756258511932133376
756258315781312516
756257820098441217
756228737817989120
756227739913367552
756227703317995521
756195964956717056
756195916902653952
756195884216438784
756195719057281024
756186455047753729
756168599933325316
756141573692284929
756016460376399873
756011955580571649
756011757630435328
756011696892710912
756010969998823424
756010814310449152
756010616431620097
756008968657379329
756008848448565249
756008756018712576
756008312735272960
756008211602219008
756008004240027650
756007764644630528
756002283800756224
756001808045051904
755985204381036544
755984786112393216
755981037633613827
755979146627420160
755977796829089792
755976365237678081
755975830199689216
755974087499886592
755973613098930176
755971620515225600
755971350829867008
755971024898912256
755970821064044544
755970034476916738
755969710823399425
755969703617650688
755969153370992640
755969035460677632
755968835476258816
755968259740971008
755967991083180032
755967927313137664
755967401166909440
755966845060997120
755965827002740736
755964948556185601
755964685749395456
755964287403880449
755963374110904320
755963304015597568
755963104790446080
755963035706089472
755962805145198592
755962694184734720
755962477028835329
755962420191961088
755962261416517632
755961855613345792
755961525156708352
755961167378468864
755961081818906624
755960445748609024
755960271412289537
755960032546676736
755959209011712000
755958162885185536
755957942277509121
755957872345935872
755957671765938176
755957227207397376
755957161209888768
755956872864210945
755956569372626944
755956490209406976
755956401164410880
755955809972998148
755954350699061248
755953492401848320
755951243411857408
755951170389106689
755950730893111296
755950574785269761
755950268378976256
755950125478998016
755949932759093248
755949836558409729
755948540724076544
755948224188329984
755947720343375874
755947163285229569
755947065662812160
755946866575941636
755946549633359872
755945890834112512
755945687347376136
755945491435626496
755944645658501120
755942747521978368
755940138715222016
755939057369165825
755936356652621824
755932761337192449
755931944722890752
755931693903548416
755929573615816704
755929216605036544
755928925692268544
755925699714691072
755925454272368645
755923549668290561
755899436601970688
755899356218134528
755898449300566016
755898387229270016
755898324553609216
755898271768322048
755898183495004160
755897332923715584
755885250341810176
755867673209090048
755851726343634945
755850951152455680
755850816565551104
755850788061126656
755850632909631488
755848789194252288
755848530107863040
755840280452935680
755831815278125056
755827287883444224
755821794532085760
755821440746655744
755821183413563393
755819225948704772
755818935405072384
755818619133579265
755818209450729472
755818137673531392
755818029703802880
755817979065999360
755796003131838464
755793969628393473
755779451934220288
755756083218567169
755612730992631809
755590974055682048
755570028422975489
755546920198803456
755519556374831104
755519460623028224
755479232378081280
755478885211398144
755477351698276352
755456602577055744
755456546155302914
755425662182174720
755425519487692800
755420063205908480
755420038501457921
755250944816746496
755205616365207552
755180352436441088
755141591031947267
755141556714156032
755141539563614208
755141515429556224
755141497318612992
755141477068439552
755141461079842816
755141444424216576
755141430037708800
755141407015219200
755141183450382336
755141163523248128
755141122863697920
755137853110181888
755135182521282560
755135155904196608
755134975700144128
755119299749040128
755111792775274496
755110335921557504
755109955091374080
755108043289874433
755107959735066624
755107847210307584
755107731401428992
755107628242448384
755107506754506752
755107373069406208
755107062980280320
755106836496343041
755084952006381568
755031938805616640
754857987609468928
754842136525148160
754841753681747968
754841623956041730
754841223035129862
754840957208502272
754836626438705152
754836167363657729
754836123763912704
754782828911472640
754748016540516352
754495778014494720
754461264810680320
754450625144901632
754438305849102336
754407356075614208
754376448215953411
754376223162114048
754375722987171840
754375561993003010
754374518928314370
754374331606507520
754374140761477120
754374067206049792
754371038117453824
754344971499544576
754300493824786436
754290234062278657
754105725178089473
754104666661662720
754103256385658880
754094465959145472
754073175420305408
754027812823052288
754025738131480577
754025516433149952
754025433037877248
754025346928783360
754025160324161536
754024965364559872
754024837803220993
754024601210851328
754024352538988544
754023931799937024
753983265946513408
753695800518021120
753688208261513216
753605006591270912
753588277106454528
753588213546045440
753588072508305408
753445426381021185
753445352317997056
753445013153951744
753444909680500736
753444640313839616
753444579383259137
753444151790669825
753444003337560064
753443827046682624
753433241218973697
753433199515017216
753433069890052101
753432980459102208
753432875152711682
753432833536819200
753422798865825792
753422453372616704
753416375985577984
753415322066006017
753415289425891328
753415257427632128
753381766920929281
753335367588192256
753335300630294528
753318138121334784
753287822988025860
753275663004475392
753257981660102657
753082383382024192
753082328692486145
753082304281645056
753039054028111872
753033570265010176
753031113820471296
753019813795078144
753000264802656256
752960845567528960
752946551228538880
752944449173413889
752922808485687296
752920555221692416
752920315102056448
752914751299084288
752911192520220673
752864939040120832
752718834075742208
752695226347589632
752608342825062400
752563085727051776
752552407121342464
752552345158823936
752503105292382209
752216442590924800
752170429075320832
751898099971416064
751858357435179008
751853543473184768
751605081288564736
751605034677260288
751566634972655616
751522976730873856
751492059073216512
751480792950288385
751479696391417856
751479480170868736
751445640421322753
751249501805879296
751242365306703872
751129386116538368
751086746981380096
750768788157657089
750716740561088512
750716423689777152
750716024983433218
750714793716178944
750714580947509248
750714278127083521
750494546564231168
750434657615896576
750408054622023680
750363225229660160
749997406863757312
749997098968375296
749996332459315200
749996304269385728
749649078133202944
749643334788845568
749643033365262336
749642643563433987
749642528337457152
749642288473600001
749641868128841728
749641088927883264
749640616305274880
749640321651187712
749639512674869248
749634080342323201
749402287949303808
749367520084230144
749286519693729792
749271452138954752
749017414621290496
749015998645219328
749014678253121536
748954592013012992
748935530776186880
748934965727899648
748696113327124480
748676486844944385
748592061704613888
748585524210786304
748585057443414016
748584809195139072
748583017505927168
748581041678360576
748546826496675841
748525274577272832
748519498307633153
748502931100446720
748275122465705985
748240945762557953
748236138020671488
748202562122223616
748202012949438464
748201511595847680
748200880776699904
748200781338206208
748200647808319488
748184257432948737
747988040442748928
747927656847421440
747867211642003457
747863868848779265
747863474999439360
747859442750763008
747858817086455808
747822059284140032
747647014259822592
747632878947729408
747632054976679936
747631933660659712
747631303806226433
747630875756507136
747630162934587392
747626003158097920
747625482485587968
747620723024289792
747596032268079104
747516931930918913
747406244177051652
747399035401605121
747141459678101504
746016954092158977
746010001400029184
745753502513717248
745736836346060801
745693294550650880
745647776063700992
745331125535510528
744971710860955648
744959091185901568
744958840026759169
744680928136433668
744680679548477441
744680550653263873
744643460909588480
744560526869422080
743943789836800001
743880940624052224
743838170597318656
743836896174870528
743835628500983808
743548846853095426
743519318688686081
743518946268090368
743473292019793920
743122292121567232
742891885224595458
742786523959959552
742522433089896449
742522384977006593
742437606193922049
741692541192568832
741678184350031872
741667935123558400
741480906397913089
741440918943727616
741440570963329025
741325204920508416
741324939874041856
741316685731368960
741315740909895680
741314234932461569
741070953157951488
741069958801686529
741069650046377984
741068909919473668
741068588891672576
741066554293551104
741066532650913793
741066173106819072
741065931288416256
741064241956958208
741062718006890496
741062566173147137
741062293182504960
741060404806332416
741060273981820928
741060173968576512
741060106335473664
741059898465751040
741058501800304641
741058249047330816
741057940032000000
741057863863439360
741057046058008576
741056881578348544
741056464618434560
741050993077555205
741050693696557056
741007622879379456
741001629151830016
740959695612084224
740671764598923272
740574033792667649
740560386613645314
740357460104347648
740355868034629632
739987432309854208
739987378719182849
739950800340979712
738885802181136384
738871866324967425
738870821368668161
738869217131257856
738868214021513216
738777966038155264
738553739611492352
738446784981143554
738433787726467072
738052660947877888
737645353747533825
737644872610500609
737477235305676800
737474589492576256
737328454014619648
737283464081330185
736285900091445248
736270854393192448
736255713110958081
736240617953460234
736232099489800193
735847953659744256
735832859366293504
735627517411745792
735471846179504128
735470517830877185
734943992022863873
734938181070528513
734911132842889216
734881423346176001
734859259494567937
734853711122436096
734518127078211584
734464136294236160
734463905670406144
734462518513438721
734439806663589888
734431820897484800
734431760398876672
734193048918183936
734190234615746560
734177441661345793
734169900386766848
734169711106228224
734169296562180097
734169074268246017
734168626106880000
734167168145838080
734152821482737664
734133891993243648
734114831955988481
734110287855386624
734098172155289600
734094235922636800
734072888618160128
734072587953700864
734072309728706560
733898967566536705
733898440883589120
733892808189181952
733892634758905860
733892406207119360
733891757507645440
733891640612397057
733887605025079296
733887522057555968
733887159183151104
733886420297732096
733886269416079360
733885658075254784
733884983366942721
733884124579041281
733883905703448576
733883662194724865
733882565992407040
733881933784965120
733881380346564608
733881326076448769
733880860504510465
733880616916160515
733878113822597122
733877055436136449
733877006023065602
733876876133830656
733876857611780096
733876793610887168
733876791350169601
733876698647691264
733875674218258433
733875531079241730
733874918664736769
733874844995981312
733874527298453505
733874383861645313
733874257382383617
733874146594037760
733872360558759936
733871658608394240
733870898722144256
733870847169957889
733868391014891521
733868291270156288
733868053721579521
733868029314879489
733868010000109569
733867563625512961
733866848031100934
733866717676347394
733866557604958208
733866037733556224
733865735521341444
733865259941822464
733865053418442754
733864836686217216
733864784517439488
733864731232980992
733864631710556160
733864539456868353
733864201794379776
733863778240991232
733863731273179136
733863662692114433
733863551442378752
733863420747911170
733863251000229889
733862951300407296
733862950180519936
733862885395304448
733862533925199874
733862483824238592
733862466652770305
733862324650418180
733862180739633152
733862082282541057
733861885058023425
733861854141812736
733861552743284737
733861151621029888
733861058343927808
733860859299041282
733860509850570756
733860121101533184
733859996685897729
733859983356350465
733859793853546496
733859664287301632
733859564521541632
733859560285294594
733859127428939776
733858954325819392
733858811883094017
733858487130689536
733858472719056897
733858398572158976
733857975882784768
733857807796080640
733857516577136641
733840846093615105
733775100638461952
733743058840326144
733732884083834883
730865413156790272
730525845257748481
730458234364907520
730457347152216064
730455109910466561
730454817416437760
730454095526395905
730226422426394625
730226135254982657
730222785503461376
730182137538715648
730131925151551488
730092133156159490
729819364057178112
728739243124625408
728710417594228736
728632829408612356
728271319075328007
727900970428956672
727589594145792000
727208187871424513
726814779914883073
720792718750781440
717443662846689280
676454461389209601
642054567396380672
641723108244590592
638786196622151681
638772518887817216
638477612658982912
636931224666157056
636217650801065985
635537569841721344
634063396296523776
631989926616129536
628688346672267264
626460070033764352
624322532322095104
623625471658364929
622118159777050624
620942089858080768
620938307464105984
615645991056773120
611204482626514945
571426600861847552
532591073625780224
525698237882048512
524610967468929025
524610774497361920
524610303988736000
516765273295044608
515891018827194368
512296120165228546
510526795603402752
509831064362033152
509690013991186432
509502016809234433
509462275409727488
507685192803164160
507641809552433154
504331422140604417
500009019134574592
495307460706455552
495307194284253184
494967627983249409
494967552385093633
494967313083281410
494967288169127936
494165558590308352
494158194717884417
494158154066698246
494158090778853376
491307935859892225
489896103731396610
423829182142251008
413891891365568512
403962627350462464
399014571756621824
385102882279661568
382678812799950848
381093010324205569
380857533390270464
380730656403116032
380442889198649344
379692288009445376
378884814369067009
378884116935999488
378883789121798144
378599116470632448
378599080974229504
378556303687573504
378313731052032000
378308923792424960
378235495949799424
378193941541441536
377992863751368704
377934484718383104
377919699037609984
377918707344748544
377915562048770048
377915062402301952
377519068460617728
377469132868161538
377166224100450304
376784111584546817
376567144160296960
376069289486614528
375725030560497664
375366504575143936
375045002344153088
375039893904179200
375033531640320000
374957164051582976
373845216677347328
373611441632587776
373530360740864000
373156508634464256
373140533423529984
373136372925624321
373136335239782401
373007428343697408
372947638242381824
372947351926607873
372947294334640128
372920599577759744
372915523899912192
372547705710465024
372533076594659328
372526490480812032
372478642468564994
372450567047503873
372175279067648000
372083673656340481
370946100355923969
370777077286305793
370768104407576577
370768082974691329
370766731976798208
370765636760113152
370763112753811456
370759285740797952
370754961019133952
370753126770278401
370752661932347393
370752381006266370
370750843592531968
370749920359088128
370749208770252801
370748082947756033
370744230135615490
370743924786069504
370743155500388353
370742981558403072
370740085248913409
370734731161530368
370733683050676226
370728061739610113
370726234872758272
370726148411387904
370725816415842304
370725092906389504
370724985993588736
370719585227800576
370670516820250624
370621787492847616
370606425409855488
370583763451117568
370391709483429888
370349783661441024
370337712047685632
370304761993908225
370251559030255616
370210738976993281
370035230003843072
370035013384798208
370034515705491456
370006612456378368
369987342339420160
369956682883166209
369952328096301057
369943236497797120
369942985867145217
369911113908879360
369911073484599297
369910249102131200
369889186322853889
369882625009545216
369882372151738369
369879224368529409
369874705039114240
369868179985932288
369843867119390720
369841706918617089
369625026020270080
369565019719364608
369552987426795520
369481412107186176
368125321083498498
367437929276129280
367330347786067968
366968063687528448
365880916876345344
365518513475035137
365156204487524352
364844496824958979
358302227888222208
358043555966636032
355103329052930049
355072301684883456
348160147761278976
348158476012367872
348158454780801024
344565884540551168
344565635545710594
344565610937729024
344565330078732289
344564891828490240
341638267277541376
341629231215804417
341628631606493184
340583529446510592
340503070494572544
339838245376516096
339533489747664896
339501195993415680
339432335722299392
339142039683883009
339139597126742016
339139358663786496
339139313046536192
339138176134291456
337731591197585408
337729414609633280
337685078773731328
337624348452077568
337606266664939520
337382618213519360
337254982359334912
337254197445668864
337253956080250880
337007442409959425
336962692545916930
336962429588217856
336961516844756992
336960946582994944
336960925959593984
336582230057041921
336564421210013697
335816834521657346
335814784882720770
335814613922877440
335572687256698880
335555190331682818
335509607629848577
335483341501497345
335478847992643584
335465377565900800
335463754311536640
335463017049358336
335462820080648192
335443569420681216
335443252285145088
335438287294582784
335435836592111616
335432187375677440
335288983288438784
335278963066814464
335271177981411328
335268128068083712
335243498330664961
335228398743994368
335196100787060737
335176903331823616
335127992005189632
335109364081889281
335097737378951168
335088595692040193
335088267026382848
335084766032437248
335083953784492033
335082194374635521
335065646704508928
335061819876065280
335055601635819520
335055532916346880
335052542457290752
335051161461727233
334816930106064897
334811802460372992
334790217875734528
334749681248763904
334749002459389952
334748297367527424
334481319977422849
334473083475877889
334463193458032641
334463135157207040
334408593543671809
334404773837144066
334402466680553472
334390855114829824
334383508728455168
334354383863156737
334353173030514689
334352838052421632
334348855921491968
334141163634298880
334035287170744320
334034478076936193
334033583364771841
334033067582820352
334022748840013824
334009022707535873
333988263394172928
333021666860998657
333019325785051136
332991550982336513
332947782275043328
332908556703645698
332900310920069120
332900242750050304
332899032731119617
332691634942791682
332671606772072449
332666431760125953
332659245843619840
332649435697909761
332625509823430656
332621570960916480
332621545006567425
332572130388623360
332329091082629121
332284020702457856
332278298270908416
332252140733100033
332185186282377216
332179948292943872
332172845935362049
332172838263996417
331942521410306048
331911509083029504
331905038811283456
331879492400324609
331842866211061760
331837280790659072
331518280105857025
331460202786324480
331447797041725441
331447269914189826
330452753904177153
330444561698668544
330404249265639425
330364802637656064
330362854723162114
330184949481209856
330124644847861760
330121537103474688
330114745229275136
330049015540494336
330036669380182017
330035647786147840
330034317256433664
330034011818827777
330004873754050562
329997085233520642
329982700997971969
329973552621166592
329709157601116160
329680035298549760
329649653505196033
329628232213213184
329396431804837888
329346913365274625
329323957620715520
329288050171584513
328957383558692865
328948194492940288
328943249781817344
328914040304828416
328907454438051840
328657422421983232
327938707665592320
327877832309092353
327572908660633602
327548990688210945
327544019242586113
327477895326994432
327218665449730048
327217185581834241
327212539169611777
327109241800359936
326806210353434624
326737680509579264
326450242545385472
326402189000056832
326394622769254400
326391681278701568
326379941077843969
326374159628251136
326374126019284992
324991363496153089
324990796426276865
324579940458700801
324192971891298305
323829482152681473
323675993871089664
323669298482651136
323666285181403137
323474102839017472
323112638265561088
322151370117496832
322046020181704705
322044690398601216
322044471766315009
322043012932849665
321713213832048642
321709202206777346
321709146720329728
320237003474104321
319526716827660288
319134010418798592
318863089699278848
318860850310045696
318857550055497728
318856892556398595
317407700722012161
315909897692803072
315909235630297089
315623499903406080
315233174361870337
314772386958430209
314421521563131904
313442494673207296
313364111268384770
312716809893732352
312713763788832769
311262344716103681
310877560210874368
309746796928856064
309004980038299648
307568764998787073
306921810384007168
306921433299292161
306919819318550528
306919590267609091
306919520898015233
306918684289556480
306917613676658688
305890478686089216
305033457644486658
305032082084749314
304747222283730944
304682571663568896
304680608146264064
304013181532139522
303619900948238337
301509128331878400
301145335152140289
300061419876007937
299305392935170049
299251627288834048
298599801845587968
298583786856271872
298484760228012032
298236692836519936
298228104650956800
298115140602183680
298111663385739264
297796533917720576
297524157246218240
297523542612926464
297522065500667904
297398541863755776
296393816003444736
291988700689215488
291377251537276930
289035930382254082
288800368199073792
288503534364790784
288473459149910016
288456823298732032
286898623344680962
280745632984080384
280711928966426625
279756932456275969
279756576817020928
279686776489136128
276802509874548737
276790225441800192
276790169003237376
276789201285021696
276730401878335488
276730275206156288
276726440328822784
276713832091643906
276597286686035968
275741587080896512
275741541581074432
275740998041227264
275739726072385536
275513105042255872
