699264814795730944
696770501415309312
687685283760979968
686398703440023552
686375882471137280
686359970984648708
676587977238142976
675103215768240128
660983598929973248
660661860572594178
660258545590403072
660142590939914240
659784470975811584
659413572867354624
659055205539905536
658700024906321920
657678487487057922
657606129229238273
657408450025000960
657247744302518272
656970196603662336
656918977134727168
656878014458781696
656847453451227136
656688707240460288
656636084835627010
656627502241071104
656529992768098304
656314099798638593
656289517393997824
655172503074050048
655083818043375617
654871365565022208
654728773485527042
654440824017563649
654356194228723712
654006041605111808
653623307887972353
652621129895428096
652265358666035200
652195373717458944
651920597602013184
651912306457079808
651912263100575745
651905757936353280
651904683821301760
651901971369037824
651898730505834496
651897946221318144
651895922733920257
651821674275323905
651820900954718209
651820874979381248
651820824081514496
651812091771224064
649747513444954113
649366992550424576
649030195752493060
647224063144824832
646858005158342656
645764822047461376
644532175946186753
643463154177998848
641466517154983936
638812097741131776
636647642521427968
636571743868600320
634450385894182913
631946358165889025
629469744685453312
626806622849904640
616260035715293184
600088759003058176
