689525528311660544
652256636455677952
651895676658282496
651517026255552512
651186253098958848
650079474055184384
649712189373222912
649324033641570304
649323373873377280
648958672085762048
648951793926303745
648631015712292864
648589630980276224
648250322515726336
648194481213214720
647863292069699584
647829569806794752
647567974119813120
647557655041454080
647546252276592641
647462595981512704
647196661270183936
647185118247825408
647174634534649856
647119367042236416
646917673046007808
646894663375286272
646876684784828416
646876216251645952
646874320354996224
646873038655389696
646871488004382721
646871086349467648
646869638945468418
646868463672160256
646863494684344321
646782580986023936
646769823179931648
646769705781477376
646417686675746816
646415084743434240
646415020155346945
646414666097266692
646396573040160768
646396540735594496
646372339031015424
646128398469754880
646094848299167744
646094784029847552
646063923943243776
646013831920005124
645029916325445634
644999622612533248
644938148783370240
644663888550756352
644260920554713088
643884785673211904
643876078134542336
643534091598626816
642426858479312896
642026113942683648
641698528209727488
641306886743060480
639912908227416064
639550471397441536
639131204462051328
636224478125490176
634793735050543104
634473740164730881
634054920446963713
629444300456067072
628658219649359872
628611479730716672
628323289086046212
627199136475930624
627199095006892036
627198867860140033
626096026353438721
623669203522977792
623598242551304192
623597229681459200
623596957659852800
623188080741126144
622137464711458816
622126973469339648
621747635486109696
621747315536207873
620742911508897792
619640394926587904
618556220429840384
618141528897130496
616728344357277696
615938735515906048
615157753191870464
614852066599514112
614586863056064513
614550024572178432
614494292283797504
614485348983287808
614484898888331265
614469535442153472
614469218789003264
614451639513038848
614444779435245569
614146849394532352
613763681671737345
613398756591931396
612024695282511872
611977408753709056
611582848101814272
610506630258528256
610474712469102592
609745812969537536
609412264836268033
593802222447669249
587638190929879040
581162826993164288
580891809498337280
566664772582514689
566664627623190528
562353304777142272
557228626530148352
532929493984641024
519136624354275328
518202848329625601
516645287096770561
513445923205423104
509931026681167872
508971743395217408
507577501590495232
506501670269120513
505016640560701440
504335383811727360
503648881813774339
503575724792770560
503575133374906369
502486000187506688
502155313760706560
501826227028508674
501763693508444160
501459981808304130
499951366169956352
497615335877795840
496828861913387008
495678596355473408
495608962843041792
495082206671683584
495007848993398784
495003432978104320
494553464903454720
494553245449072640
494552744909635585
494187885030285312
493828303170445312
493505246346629120
493505195133784065
493089136048230402
492864567005822977
492787813004238849
492787741310984192
492658595876458497
492658434458669056
492658350669037568
492381671857991680
492158306010415104
492048295594700801
492047860012040192
491618574629236737
491315910628487168
491100854645047296
490180936777363456
489893980948025344
489803841517256704
489441391874162689
489058076780400641
488463764493438976
488340061071872000
487753784920006657
487735702512496640
487262851250155520
486888530518351872
486558606041817089
486312977386074112
486312366187872256
485850383483674624
485492641698951168
485452312710619136
484699781907120128
483677022649331712
483331218910355456
482873635737452544
481524538786607104
481133742309007360
480401223057543168
480393912532475904
479656935038656513
479347203484303361
479299136865701889
479067761109258240
477868443652218880
477850993841803264
477823514590732288
477616999183314945
477514122561462272
477072865645187072
476722699339706368
476722503490883585
476389117195210752
476043008962723840
475666875121033217
475659269715398656
475417882168287232
475370832894521344
474939679582605313
474718473679958016
474688156256595968
474677553542987777
474676969536491520
474339060593733632
474328692550680576
474293792409780224
474274013473411074
474224471360815106
474026909467045888
474019849404809218
473525413554040832
472848127297597440
472846562457309184
