917062669550575617
902557190300459008
895715074257559552
895715040157769728
888874416729346048
888803667280666624
845655270114000897
845430137650786305
836033738308009985
821938419039281152
811263709708328960
809810576255815680
809081634112684033
808767508660396032
808719241180368897
808401048901586944
808355761453531136
807630964218171394
807314460151050241
806659037404086273
806546227449864192
806273825713197057
806184444142895104
805823290832920576
805094268444360705
804844619062050816
804370299378540544
804009991136907265
803648728775045120
803282327237332992
802557538587709440
802195169047035904
801953570161471489
801832786365513729
801472238411075584
801112376644800512
800745609598681088
799784183119810560
799294216656404484
798932280282468352
798692147423649792
798661876741586944
798572448719388672
798254200383672320
798208891624439811
797530845393420292
797484122922881024
797121739830349824
796397773721452544
796139358176714753
796080456647065600
796037978032246785
795678272734384128
795110477000941569
794571975309959168
793890451421999107
793849294398685184
793169126030123008
793120365857820673
792395600410980352
792128014012121088
792081167864303616
792033192446300161
791309042861826049
791064473616289793
790952381399703557
790587046393892864
789858871045005312
789565849115906048
789497560390131713
788771729917083650
788411640936960001
788053824950853633
786960712664948736
786297165500985344
786239387411415040
785529058675208192
783685958034034689
779097605984821249
777558379136819200
775468346401849344
773666446605856768
773227984769519616
772825986450743296
771758340028313600
771405857405796352
771032075583447040
770698387020578816
770317697577947136
769575180301545472
769219677352366080
768856294086160384
768499182772465665
767842619640598528
767773301989138432
767390897008881664
767150300381716480
766790927511805952
766381385439334400
766380916713238528
766337600416124928
766082639828692992
766082609214476288
766082598435119104
766082585814380545
765983311357292544
765958821692841985
765621547268616193
765600973804888064
765339640438153216
764888998653198336
764539735658287104
764270611413671938
764270560456998912
764270523169714179
764270157824831489
764270073854906368
764266802415230976
764202436764405761
764174725673136128
764150473834139650
764134240430624769
763938923680673792
763841444159160320
763825453115125761
763791159294500864
763786803291619328
763786707648978945
763776169409810434
763529324523769856
763528868607033344
763473082132627456
763473068442292225
763472831883599872
763401190298128386
763227998891888640
763227970710347776
763179548858908672
763167165168005120
763167121803141121
763167087904694273
763165352876314624
763130096932708352
763082787423346688
763070397814235136
763070036286111744
763069843515977728
763069459686764544
763068821041131521
763051014840647680
762801604240089088
762718833954009088
762711496769933312
762710464069373952
762706451454320640
762704302003531776
762664069929115650
762664009493458944
762352032808251393
762351986503131136
762351963828723713
762313512936812544
762312964003082240
762140028755599361
762139996627218432
762139977522094081
762103924723634176
762098085191307264
762086064672550913
762085136917639168
762085069083160576
762084825805185025
762084568631353344
762084373147496448
762083454859169792
762082679865040896
762053342247788544
762009157213917184
762009126926897152
762008265609785345
761984123736948736
761982758797193216
761982734881267712
761982708331323393
761959227002720257
761943891553636352
761783146815758336
761783130814459904
761782935473172481
761779001119473664
761771957322780672
761771649318342656
761763359100239873
761763090446684161
761758132120920064
761757566095339520
761757492351074304
761757371790000128
761757173244243968
761757114809192449
761738871600062464
761717200759599104
761706614701248512
761697978880897024
761696890740088832
761686458901987328
761686414220079104
761685998048718849
761675807227994112
761675783832088577
761675758204878848
761670427319996416
761626933381570561
761622105867767808
761616737267687424
761613272676040704
761590499794837504
761590481050415104
761590470292099072
761584315104800770
761584249749196800
761577165053845505
761547424439558151
761430940065280000
761420813404737536
761414560041414656
761414514004721664
761412425643995136
761412322426359808
761389609863434240
761388784126562305
761388774777507840
761370850612289536
761370798288363521
761370748225060864
761364962988134400
761364927281967104
761364857991987201
761360953116012544
761344511758864384
761343831769919489
761340823485026304
761338545311064064
761334319633747968
761334048832708608
761333731273478144
761333711686160384
761333688135135237
761293828212953088
761290884545523712
761282517726920704
761264544278679552
761264489715019776
761253574487658497
761243364704399361
761243349785321473
761240253730398208
761201419147808770
761201413217144832
761006139890819072
760997872045219840
760995724930617344
760948253743460352
760946375378866176
760921946657697792
760917076479389696
760906254273228801
760905276899811329
760905210550104065
760902558751690752
760901935343874049
760900845831540736
760899994584887296
760895758514069504
760894938913447938
760892684156350464
760892640522940416
760892571761586176
760892551461113856
760892533723373568
760892515780218880
760885867023970304
760881030240743424
760876505505292288
760874129679527936
760873876129587200
760873864150683648
760807545330032641
760738126415278080
760705535817777153
760596500061839360
760569786845634560
760567234246746112
760564303560708096
760557626610577408
760549389974790144
760523630040219650
760509187973648384
760505452081717248
760501890110992384
760475566600400897
760475101196275712
760475067746615297
760460277754187778
760314357964238848
760295436150267904
760294772489777152
760267601272512516
760262324573859840
760260758194257920
760257804640915456
760256095038439424
760255198820466688
760254364959244292
760253612111065089
760252184395128836
760250946597351428
760250137864208384
760250022151806976
760249754387349504
760247820431548416
760246882719367168
760246708978810880
760245803566960640
760245627741696000
760245078388535296
760243742578204673
760243565276651520
760243204977520640
760242825590108160
760242652214353921
760242617447751685
760242526246797322
760241405625327617
760241254659678209
760240990527553537
760240491061469184
760240282474541057
760239796207878144
760239635427721216
760239084795228161
760238429007478784
760237891570241537
760235680777768960
760234920698519553
760233926518566912
760232622647902208
760232348516515840
760232011747459073
760230868866785280
760227198888443904
760206869520613376
760206860364447744
760190815851257856
760189660782034944
760173337733726208
760165343595814913
760165265359405056
760159916677931008
760154597977579528
760153450319532032
760147860650287104
760147513768673281
760127726565154816
760117069497135105
760115801387110404
760104626607812608
760101191187591168
760101172371976192
760101158790787072
760101140914659328
760101100733292544
760101075814912000
760101065832407040
760101029333569536
760090700113379328
760090584304459776
760080648090574849
760076893320310786
760076818317709312
759956057841999873
759943641808986115
759913868067872769
759913805312688128
759911373455241218
759910005600505858
759909995517325313
759869678189621248
759869100969463809
759867032590389248
759866801798787077
759863869149814784
759862893462466560
759862604311498752
759862325939765248
759853296362393600
759847750489903104
759847730546036738
759843921488818177
759841736998793216
759840500824338432
759839724873789440
759838662100037632
759837849663320066
759833879809236992
759833200214499328
759829080023920640
759828503894302720
759826752168394752
759824076529557508
759823078788505600
759818266076254208
759813528115175424
759812396752011264
759811327078522881
759809177741062144
759808841810927616
759800712444379137
759800486325284864
759794067677085696
759793649442033664
759792512668012545
759789618724233216
759786236387201024
759785327967948801
759784768984625152
759782899453353984
759782379451998208
759738302673158144
759720369699774464
759539125791789056
759496334479134721
759494357795868672
759466842188546049
759464336372928512
759454915710296064
759436691790757889
759432677246308352
759426969482166272
759379238243807232
759177772312961024
759163870002851840
759163854244843520
759162290146906112
759162272723853312
759158722157383680
759132944938176512
759132188126355457
759131552026624000
759130971283267584
759130342137749504
759129940713504768
759129659955109888
759129471777669120
759129272955047937
759128548959514624
759127904093634560
759098017559502848
759089468477468673
759089457517789185
759088520589774848
759088507671318528
759087450337583104
759087035520987136
759086457843687424
759086446661607424
759084379809415168
759084094361899008
759084056067923968
759083628819255296
759083048520519680
759082359002132480
759082015027331072
759081448959799296
759081434158161920
759081164963471364
759080349167214592
759080208838356992
759080193411706880
759079267292549120
759079246874763265
759078351361470464
759077772509798400
759076975449440256
759076963508162560
759076945732730880
759075522555043840
759072259269165056
759071503191277568
759071493875650561
759071483897516032
759071473671761920
759071462879797248
759070137697857540
759070127434428417
759069177403539456
759068410399625216
759068072552587264
759062393049780224
759059566881636352
759047558706507776
759035331656114176
759020204122714113
759007097740681217
759006738884374530
758839132198019072
758825904298602497
758825888989388800
758825868445659136
758756247063568385
758711951916576768
758701884068593666
758701845153849346
758699163055853568
758663822970277888
758663783292162048
758663718854983680
758663633475809280
758546640210800640
758450423451705345
758369189081915392
758348615974662144
758321324771020800
758319490627014657
758319148204105729
758312088238292992
758309470527074304
758309458019614720
758134311102976000
758132677459386369
758120812213735424
758107906340298752
758101049076875265
758045325961539584
758045117336858624
758044231248121857
758044198964649985
758043962703687681
758043913655422976
758043660814397440
758028969652260864
758028805101367296
758028717880782848
758018228937383937
758006617166061568
758006592310607873
758006559074951168
757986011490103296
757984897428369408
757722020075429890
757720738958864384
757718792956968960
757718599779885057
757697396683923456
757691277496291328
757691158357082112
757691066547965956
757670964993798144
757670708973490176
757656138036850688
757655503262494720
757627368496254977
757618429150900224
757599588345753601
757599567227387904
757599526060298241
757594086559715328
757594062723493888
757594047884124160
757594028539912193
757594010256977922
757437831929147392
757437812664733696
757437766632284161
757437471328043010
757271486612713472
757271357411303424
757008572580376576
757000119732416512
756997679108894720
756981966776393729
756981876649172992
756969656930275328
756965600308539393
756965543429550080
756965504841986048
756965480162742272
756961362757115904
756946100112674820
756938627972632576
756937960860164096
756929194974588928
756917611376418816
756913397841600512
756858731283877888
756734456698810369
756655856012390401
756655296936718336
756655278943268866
756602060611604480
756600474036342784
756600228661239808
756599681422012416
756561255372984320
756560774886150148
756514899581366277
756510212878499840
756501254210072577
756489078846005257
756305424530280448
756297932786106373
756275566915969024
756274725156827136
756266868688588800
756256214355288065
756243298574925824
756228061385728002
756218831719194624
756218650063884289
756217974663421952
756177168305049600
756176496843067392
756158280192315395
756147233523773440
755941654448615426
755939246272237570
755932983996014593
755901799937167362
755891808295538688
755857822269579264
755838385978093569
755836282530435072
755608876804780033
755552659826802689
755547605501829120
755541986891792386
755539685275860992
755503520061587457
755469848302411776
755467513685614592
755420465502367748
755290364274053120
755224415927955457
755221094408204289
755184119827488768
755163489220472833
755091631829770240
754851230346731520
754796377553510400
754782793272483840
754768697428811776
754738788262219776
754712867836792832
754510216280969216
754480701118959617
754436720909627392
754406650111414272
754374664588099584
754344765974388738
754121502228750336
754115274580697088
754101206058795008
754097888611840000
754097478522155008
754097451800207360
754048099375382528
754048076159913985
753997924938371072
753985047653343233
753985018486071296
753984996008787970
753982656723902465
753726622679703552
753648029962428416
753632287070130177
753396333944332289
753381883346464768
753357365169168385
753288479887331328
753279819433947136
753060301742874624
752924351704408064
752913380709584896
752662016175644672
752592722901381120
752571006112309248
752567690242379776
752567442296049664
752567095590662145
752566548456366080
751965528931995649
751826366853632002
751501193986191360
751499618903420929
751497828904542208
751478323545460736
751471611161698305
751462555365683200
751456340082438144
751433604073336832
751433556769906688
751155702551318528
751135623327543296
751117941677002752
751117829143818240
751117752220291073
751117722616934400
750750121101451264
750493104793264128
750442962224504832
750376948627484672
750187847441715201
750119465363267585
750012097338208256
750010928805076993
750010864690954240
750010833732771840
750007654228094977
750004236709134336
748996634948669440
748944431743528961
748942712347385856
748934888724717568
748934830570639360
748578352735232000
748289837409570816
747970008433647617
747964404952510465
747911225279819776
747548755772092416
747518924883820544
746951818215718912
746947925675106304
746947830841901057
746947728693854208
746876858709344256
746876761271468032
746876295305273344
746876227693096960
746875943839371264
746875788167786496
746875755032772608
746875696446746624
746512204984246273
746512187749859328
746506836971425792
746392596654678016
746391749845606400
746176164956278785
746170529803960321
745988751671730176
745684248393191428
745684203220545537
745397016478420992
745373700866740224
745367040299393024
745338126529265668
745301629797171200
745294933548949504
745289395083698176
745287906319695872
744965818639781891
744933243686838272
744918560607076353
744918470190456832
744215687250460672
743823883518640128
741414435273592833
740944991418097665
739914790244519936
738835262130655232
738165059180892160
738113512002576384
738099703280111616
738099690567131136
737713664501813248
737690588720463872
735934313397518336
735658854675927040
734886464769531904
733059511355760641
732339689907064833
731217821644902400
730481247797968896
730166542126604288
728685642419343360
727591270877569024
726141678281617408
725771015406538753
725420680758497280
724607006045151232
723602330118037505
723255533893881856
721552273961189380
721515116772990976
721470116777472000
721443122518106112
721401482558484481
721137209659629574
721096073133948928
721064752953184257
720226786471198720
720226641943912448
720031119526256641
720031098890268672
720011347359113218
720010206130892800
719505812213919744
719382563362615296
719371959633444864
719339426099421184
719291299787116548
718846007765667841
718488360533164032
718169440467034112
717906403629764608
717446447340204032
716082800525385729
716078826250498052
716076588354375680
716072725547188224
716070419665649665
716067653496995840
716065220821692417
716062495098716160
716059957003689986
716057400629927936
716054796596281344
716051686654152705
716048066667814912
716047840318001152
716038433240719360
716033365850394624
716026746890547201
716026551544987648
716017405089026048
716013566885773312
716010238252548096
716006460816285698
715999526415376384
715993470721245186
715989966111842305
715988997504417792
715984060326273024
715982392775864320
715981006369644544
715977314174164992
715964801101537281
715963112772468736
715962234443337728
715959470015324160
715958970184286208
715958763950317568
715947861486215169
715946008358883332
715942855995424768
715940913139290112
715939608236859392
715934260419510272
715933160689766402
715925470571806720
715924957167915008
715921844646322177
715901549755699200
714956039645323264
713132990243573760
710949741660475392
709632989014036484
709631770212192257
709631432931430400
709519123059974144
709470916325937152
709467356964126721
709440388260454400
709432173921570817
709425756112158720
709425659240513536
709184804365795329
709181938590883841
709181832286212096
709106626062516224
709106380112703488
709093639327076352
709062229342035968
708869940460138496
708869491220811777
708862658930298880
708819750902583296
708818794257383425
708809622405009408
708807265860497408
708794138762674176
708794043547779072
708793946487455744
708766866940887040
708766808262586372
708766625369956356
708749551637630977
708743681612730368
708714052906659840
708700783445807104
708499040015486977
708477518219640832
708466972527190018
708460540457127936
708439369158303745
708439281929363456
708436420801638400
708405114009038848
708405080454615040
708404849033908224
708385485098344448
708371994215981058
708352140784238592
708091923873943552
707993682843029504
707669914908098560
707632268022407168
707627450465800192
707627439606771714
707627426767986688
707287395956162560
705556881373147139
704774097767526401
704396474545602560
703330303327100928
702282178722271233
700786601769586688
700061759239954432
698944688477220864
697559831238979584
697164023087763456
695368655211618304
692881262000734208
689981703931236353
689834020662738947
689684071585165312
689682951009734656
689653677338980352
689652118441975808
689651402042310656
689651245385056258
689651144151334912
689651133145427968
689650993219272704
689643051669532672
689539968348229632
689508772696326144
688805582011142144
688786974069493760
688785049135677440
688784656498479104
688784379250753536
688784336326246400
688770610227367936
688108647038058497
687390106978668544
687084069801181184
678041292270473218
669323913713745920
660963592607367168
660963423195238400
660857099983826944
660856804855820289
660855632128442368
660715007823319041
660689332454322176
660646517988986880
660635945029361664
660630946366881792
660630878901506048
660594491917623297
660594355950850048
660594258030694400
660594165508497408
660557705640177664
660557273794637824
660557246988840960
660530294160683008
660527222600560640
660527059857338368
660526986125705216
660526949043834880
660526895872634880
660526850393767936
660275209480499200
660231493587828736
660200200821075968
660174977983840256
660174435148632064
660153561058250752
660152138346041344
660152029092839424
660100366604734464
659410841599537152
659058586719416320
659058220883775488
658742711852265472
637287170256973824
637287158500323328
636958977104834560
636958964371034112
636952014224646145
636952003562704896
636334599627345920
635530125832904704
634104892030763008
634093115306082304
633768391963049985
630751006385528835
624266229205745666
624266223161769984
622145175612096512
621849834249523200
621408707562205184
621408590054604800
621068631590350848
621019721693966336
620689019928576000
620684882813976576
