296321438758080512
296321274144235520
296033437364654081
296029407301218304
296028401154789376
296027154188210177
296026770791071744
296026445652840448
296025556485554176
296025338201387010
296025298359705600
296022482685685760
296020504261844993
296020172588863490
296018405847334912
296018236091293696
296010618618667008
296007002579156993
296005935053303809
296005805487050752
296005562091593728
296005031445008386
296004889732079617
296004297014009857
296004042449104897
296003781315944448
296003739561648128
296003585509036032
296002774523604995
296000763304505344
295999656142462976
295999173436772352
295998847166083073
295998482664259584
295998034137980929
295997863744401408
295996720041566210
295996546183491585
295992134123810816
295991846872686592
295991677699629056
295991602067935232
295991444370497536
295991332856532993
295991238006538240
295989968336199680
295989775406600193
295987885360951296
295987256177614849
295986791339659264
295986320327704577
295986188928569344
295985011046379520
295984380529229825
295984328205291521
295984286413225984
295983787660177409
295979594366980096
295979209560555520
295979032753864705
