907731335585849344
862696393248473088
859071246369263616
857986574725914625
705732460651417600
699571848657432576
681550218127523841
680463050990686209
679738272793243649
679016175678918657
677926409747107840
676839165678387200
675027246852141056
674302468612743168
672837919787212801
672113078821982213
671403340593422336
670316243656683520
669953836421746688
667417094204485632
667416817900515328
667054741663281152
666798937987158016
666752704371232769
666692330691268608
666665574487879681
666331724607950848
665967552309268480
665272976384745473
665227706863259648
664993744928825344
664943073848266752
664929156124151808
664865393631035392
664593515129761792
664507401186336768
664275109226508288
664248612503748608
664215980273328128
664194772949577728
664192681837330432
664186475349540864
664170777269264384
664097401993453568
663853638486351872
663793277905203200
663430818354753536
663068109809434624
662766459743899648
662690983750963200
662419894017765376
662352688403714048
661981253655068672
661679291852156928
661603773932933120
661241395420643329
660894124359331841
660520597529624577
660244848922853376
659793095458861056
659459654053859328
659459595086139392
659414356682129408
659127892731822080
659069264297496576
658689595526090752
658402688204341248
658040278364786688
657980782678425600
657647696933556224
657609424752631808
657587387275440129
657315547428712448
657239681554235392
656893587657916416
656875935912693760
656832344532234241
656634443453431808
656590731574800384
656545502377283584
656469766253625344
656154413359173632
655805549389344768
655443222378876928
655081822250999808
653995728616865792
653601112457527296
652906519126654976
652513955978457088
652151586966208512
651426734437339137
649645703933722624
648890076156444672
646353438050152448
644541394829230080
643816706385686528
642470723538153472
642004653220073473
641279924054065156
639830358087725056
639485254818902016
639119085112963072
636206424167596033
631158242312220672
626921876116258816
625818458249232385
623259855827005440
622618927424671744
622618901168304128
622618854779285505
622618789083901952
622618758729719808
621354107752701952
621353982909222912
621351208276525056
620450577122635776
620447463850160128
620446982755102720
620446600049983489
620064399164751872
620062229996568576
620062075503521792
620061429970792448
620060767958609920
619648735685931008
619647966119243776
619643904942546944
619590408683696128
619187146667110401
618861115666251777
618568482687356928
618568399929487360
618568053496754176
618134930543898624
618092222987108352
618086278974693376
618085123053891584
618085096608829445
617753021913526272
617742834653728768
617741358783004672
617739839161524224
617739425708027904
617738806020538368
617738597752418305
617738379996762112
617736230596251650
617736215853293568
617438930065993728
617438135870316544
617436441384083456
617435427494981633
617434024059908096
617433605480976384
617432168055205888
617432098337501184
617432050136559616
617178949018238976
617178262423207936
616736536126566400
616735852165660672
616735811678003200
616735685412651008
616642980468781056
616641770324013056
616641657841168384
616505447281876992
616505083866406912
616505076576681984
616492227246755840
616448743332679680
616441194365595649
616436989072531456
616435313703936003
616433789284159488
616429916012347393
616416390036107264
616411429432733696
616411380095193089
616411352320446464
616411017560502272
616410107354546177
616398582741012480
616385068760588292
616345827791900672
616338738428313600
616338462204039168
616337159407173633
616336991848824832
616297336227016704
616084683168702464
616057306145386496
616049326687563777
616043616645951488
616036031352025089
616002590480842752
615996864945479680
615994641763074048
615994331820765184
615994290678792192
615994101633126401
615993864088727552
615711704664555520
615708923316690944
615704878485078016
615704791914672130
615625113036173312
615598548172668929
615595586452992001
615585290007089152
615576156650127360
615410461350195200
615320642951512065
615316777010999296
615316240383516673
615313710303739904
615311153850257408
615311131859496960
615310488059179008
615308632616382464
615308620108935168
615304694982905856
615304502233542658
615268791463772160
615268088326434816
615266343080701952
615265923637735424
615265857078362112
615029384458547201
614961457621368833
614919724720242689
614914131569676288
614913067004997632
614604257300381696
614563876391104512
614562962318045184
614562795007246336
614526117723025408
614516439626616832
614488490189848577
614488466043224064
614486516627144704
614235421552160768
614169713451466752
614169064710123521
614168943230451713
613877495662641152
613821620986056709
613800879628521473
613783045997400064
613782394873626624
613763954175651841
613763863645831168
613763774512627712
613758119919747072
613510193595334656
613505007703343105
613398565193297920
613194820320825344
613154942086320128
613124598545055744
613094034614059008
613088473206001664
613083194724777984
613083179440705536
613054570541924352
613054188382060544
613045274240352257
613045200378662912
613045174998937600
612702138624425984
612694503871221760
612671331482505216
612670397113200641
612605943289786369
612288873696112641
612107645382586368
612079715185094656
612078834800685056
611682348141117441
611639838496849922
611639002664284160
611638739413020672
611610931156529153
611610913766944769
611604025763495936
611580548197191680
611568051478073345
611382869886283776
611337605091733505
611312329817460736
611234064796811264
611228585597112320
610946319788732416
610944332581969920
610906070299447296
610906020156604417
610511673435140096
610506857900171264
610506842393841664
610506833497714688
610262880781381633
610256266502344705
610251639392305152
610231740133609472
610227757289639936
610220221471682560
610212644318871553
610205110317133824
610173156389588992
610131346162237440
609487411781832705
609463755135561728
609117956132339712
609078377253765120
609074631895441408
608715912330379264
608700666333110274
607987686025011201
607979078096789504
607972589193953281
607909649484939265
607893695728250880
606957015051558912
606896386441740288
606896364748861440
606616247950712832
606546706931445760
606546694038159361
606271814470213632
606270908173422593
605905059038109696
605858667078885377
605818042136731648
605531163713675265
605531015222681600
604788468250636288
604786046765658113
604781968522248192
604781476744273920
604781342144921600
604779476354875392
604360390269509633
604166044819709952
604085877376077824
604066632013463553
603938827556687872
603711672658833409
602549656023773184
602187260239347713
601538505223733249
601530498767200256
601478153941426176
600810480098127872
599283549712158720
599274394561564672
599274244212592640
598987660657446913
598987594718806016
598223258849120256
597798425506131970
597480827300098048
596840712752115712
595992293351391232
595384879287705600
593917824298455040
593916654259548160
593871571153879041
593828214302052352
592804041941450752
592795977620271106
591336986574618625
590945506211323904
590694841958461443
590632011703918594
589236313058111488
588027372965888002
587658625927086080
587628929160126464
587627291968057344
587627245713240064
587627173940342786
587622033825013761
587612175490920448
587603198497554433
587603036056526849
587603035737686018
587603035720941568
587603035708358656
587603035708325888
587603035699961856
587603035691581441
587603035687411712
587603035674804224
587603035666444288
587603035574050817
587603035460739072
587603035431575552
587603035431526402
587603035431505920
587603035427381249
587603035427381248
587603035427364864
587603035427315712
587603035427311616
587603035423125504
587603035423121409
587603035410563072
587603035406360576
587603035397980161
587603035397959680
587603035393806336
587603035389571072
587603035389566976
587603035385303041
587603035381231616
587603035381227521
587603035381178368
587603035326644226
587603035309899777
587603035301539842
587603035301490688
587603035297308672
587603035276386306
587603035276337153
587603035276320770
587603035272192001
587603035272192000
587603035272126464
587603035267985408
587603035263762433
587603035263729665
587603035259559938
587603035259547648
587603035259535360
587603035255414784
587603035255353346
587603035255353345
587603035251208192
587603035251146752
587603035246977025
587603035234373632
587603035234369536
587603035230228482
587603035230228480
587603035225993216
587603035225985024
587603035221848064
587603035221819392
587603035217592321
587603035217592320
587603035188289536
587603035179900928
587603035171528704
587603035171463170
587603035171454976
587603035163127808
587603035158880258
587603033883836416
587603033883815937
587603033875427328
587603033875423234
587603033871253505
587603033871253504
587603033867051008
587603033867030528
587603033867026432
587603033862889473
587603033862844417
587603033862836225
587603033862832128
587603033858711552
587603033854500865
587603011867963392
587603011846987776
587603011838545920
587603011834404864
587603011834372096
587603011813429248
587603011809206272
587603011792404480
587603011784089601
587603011784073216
587603011779829760
587603011775639553
587603011771506688
587603011763048449
587602995795329026
587602995757613057
587602995648585728
587602995648552960
587602995644346368
587602995636019201
587602995627618304
587602995627581440
587602995627565057
587602994834747392
587602994826387456
587602994755215360
587602994734182400
587602994729984001
587602994725842945
587602994725806081
587602994721611776
587602994721599489
587602994717446145
587602994713223168
587602994713210880
587602994713206784
587602994709078016
587602994700689408
587602994696454144
587602994692259840
587602994692239362
587602994692235264
587602994692227074
587602994692227073
587602994688045056
587602994683895808
587602994679705602
587602994679705601
587602994679652352
587602994679648256
587602994671316992
587602994671280128
587602994662891520
587602994654490624
587602994650341378
587602994650341377
587602994650308608
587602994646097921
587602994637774849
587602994637725696
587602994625175552
587602994625130496
587602994620981249
587602994620981248
587602994612539392
587602993249443840
587602993241055232
587602993207447552
587602993178144768
587602993178140672
587602993169719296
587602993169707008
587602993165508610
587602993165508609
587602993165504514
587602993161314305
587602993157120002
587602993152970752
587602993123569664
587602993115181057
587602993115176962
587602993111048192
587602993111035905
587602993106853888
587602993106812928
587602993106784256
587602993102639104
587602993098399745
587602993048133632
587602993048117248
587602993048092672
587602993048072192
587602993043877888
587602993043869696
587602993039745024
587602993039675392
587602993035501568
587602993035485184
587602993031290880
587602992985219072
587602992981024768
587602992981008385
587602992980975616
587602992976830465
587602992972636160
587602984411901952
587602984231636992
587602984214867968
587602984210714624
587602984202346496
587602984202326016
587602984202272768
587602984172969984
587602984172937216
587602984172916738
587602984172912640
587602984168742912
587602984168730624
587602984168726529
587602984168722432
587602984164556800
587602984164548608
587602984156160000
587602984147746816
587602984139362305
587602984130994176
587602984126779393
587602984122585088
587602984118460416
587602984118439937
587602984118419456
587602984114253824
587602984114249728
587602984114192384
587602984105861120
587602984089034753
587602984072310784
587602984063868928
587602984059727872
587602984055533570
587602984051351553
587602984051339264
587602984047108096
587602984047091715
587602984047091714
587602984047091712
587602984042893312
587602984034525184
587602984030359552
587602984005173248
587602983996755968
587602983988387840
587602983984201728
587602983984193536
587602983980007424
587602983979999232
587602983979974656
587602983971586048
587602983967449089
587602983967416320
587602983891918848
587602983887761408
587602983887708160
587602983887699968
587602983883558912
587602983883538432
587602983883505664
587602983875125248
587602983866753024
587602983837376512
587602983820599296
587602983816458240
587602983816429568
587602983816400896
587602983812214785
587602983736709120
587602983698980865
587602983694819328
587602983690620928
587602983686397952
587602983686381569
587602983678017537
587602983678017536
587602983677997056
587602983673851904
587602983673798658
587602983669649408
587602983648681984
587602983644491776
587602983636041728
587602983615094784
587602983598297088
587602980523773953
587602980347764736
587602980335132672
587602980335124480
587602980330934273
587602980326789120
587602980322594816
587602980322574336
587602980318347264
587602977197666309
587602977063641089
587602977063473153
587602977059446784
587602977046790145
587602977009041409
587602977000665089
587602976996491264
587602976996470784
587602976992276480
587602976992272384
587602976988143616
587602976979742720
587602976975560705
587602976954523648
587602976950382592
587602976950374401
587602976950325249
587602976946184193
587602976946130944
587602976941989888
587602976937762816
587602976933601280
587602976933597185
587602976933552128
587602976925229060
587602976925229058
587602976925229057
587602976912596994
587602976912580608
587602976912572417
587602976904257536
587602976904245248
587602976904183808
587602976899993600
587602976895848449
587602976874823680
587602976866496512
587602976858103808
587602976858099712
587602976858071040
587602976858046464
587602976849690624
587602976837074944
587602976832905216
587602976832884737
587602976828710912
587602976820310017
587602976811941888
587602976811921409
587602976807727105
587602976807723009
587602976803524608
587602976799358977
587602976799358976
587602976799330304
587602976799268864
587602976795185153
587602976786796545
587602976782573569
587602976778366976
587602976778358784
587602976774213632
587602976769978369
587602976769974274
587602976769974272
587602976765779968
587602976761634818
587602976690335745
587602976690335744
587602976681943040
587602976673554432
587602976673521666
587602976673521665
587602976673501187
587602976669302785
587602976665182208
587602976660967424
587602976606449664
587602976598003712
587602976593838080
587602976589664256
587602945883136001
587602945853812736
587602945853784064
587602945816064000
587602945816035328
587602945816014848
587602945816010755
587602945816010753
587602945811841026
587602945807638528
587602945803452416
587602945803423745
587602945799299072
587602945799286784
587602945799282688
587602945790898177
587602945790849024
587602945786654721
587602945782509568
587602945782472705
587602945778286593
587602945765675008
587602945753161728
587602945753149442
587602945748946944
587602945748905984
587602945719537664
587602945707024385
587602945706962945
587602945690247168
587602945673428992
587602945660887040
587602945656631296
587602945648287744
587602945648254977
587602945644040192
587602945639903233
587602945631465472
587602945627312128
587602945627283456
587602945618931712
587602945618894849
587602945606299648
587602945606291456
587602945597960192
587602945597911040
587602945597906944
587602945597898753
587602945593778177
587602945593757698
587602945593757696
587602945593737216
587602945593716736
587602945589583872
587602945589567488
587602945589563392
587602945585373184
587602945585324032
587602945581195268
587602945581195264
587602945581174784
587602945576988673
587602945576988672
587602945576980481
587602945576935424
587602945572790272
587602945572757504
587602945572741120
587602945572732928
587602945568612352
587602945568591872
587602945568571392
587602945568546816
587602945564418048
587602945564405761
587602945564368898
587602945560223744
587602945560211456
587602945560207361
587602945560203264
587602945560174592
587602945555988481
587602945555988480
587602945555980289
587602945555959809
587602945551814659
587602945547628545
587602945547579393
587602945547579392
587602945543405568
587602945539211264
587602945539186688
587602945535041536
587602945534984192
587602945312710656
587602922072104962
587602922021769217
587602921996603392
587602920948031488
587602920817983488
587602920817975296
587602920801226752
587602920796987392
587602920792784896
587602920788602881
587602920784470016
587602920784404480
587602920780263426
587602920465702912
587602920461508609
587602920360833024
587602920356589568
587602920344027137
587602920344027136
587602920335630336
587602920310501376
587602920310472705
587602920310464512
587602920310448128
587602920310444032
587602920306298881
587602920302051328
587602920297865216
587602920293662720
587602920289492992
587602920285327360
587602920272703488
587602920251781120
587602920247525377
587602920243384321
587602920243339264
587602920234999809
587602920234975233
587602920234975232
587602920226607104
587602920226566144
587602920226562048
587602920197218304
587602920188829696
587602920184623105
587602920184623104
587602920184619008
587602920180441089
587602920180424704
587602920180420608
587602920176295936
587602920176283648
587602920176226305
587602920172036097
587602920155283457
587602920155283456
587602920155258880
587602920155250688
587602920151089152
587602920151080960
587602920146935809
587602920142729216
587602920142671873
587602920142671872
587602920134291456
587602920117575681
587602920113381377
587602920092348416
587602920092340224
587602920088174593
587602920084000768
587602920083980288
587602920079826947
587602920079826945
587602920079806465
587602920079761410
587602920067231744
587602920042029056
587602920037818368
587602920037810176
587602920033615873
587602920029483009
587602920029478914
587602920025235456
587602920021106689
587602920021094400
587602920021090305
587602920021086208
587602919991685120
587602919987531776
587602919987490817
587602919983337472
587602802102312960
587602802085617664
587602802060427265
587602802043551744
587602802014351361
587602802005975041
587602802005925891
587602801984942080
587602801964032001
587602801964032000
587602801964015617
587602801964015616
587602801963991040
587602801951449088
587602801938853888
587602801938796544
587602801934659584
587602801930412032
587602801926221824
587602801926217728
587602801922048000
587602801917829120
587602801913659392
587602801913626624
587602801909506049
587602801909456898
587602801909456896
587602801905291265
587602801901117440
587602801901096960
587602801901068289
587602801896923136
587602801896861696
587602801896853504
587602801892687872
587602801892663296
587602801892659200
587602801888522240
587602801888514051
587602801888514050
587602801888468992
587602801888460800
587602801884291074
587602801884274689
587602801880145920
587602801880080386
587602801880076288
587602801871757312
587602801871716352
587602801871691776
587602801871687681
587602801867563010
587602801867563008
587602801863299072
587602801854918657
587602801800404992
587602801741692928
587602801611550720
587602801502642177
587602801490059265
587602801481674752
587602801473236992
587602801469087744
587602801469083648
587602801469038592
587602801460703232
587602801456504832
587602801456500736
587602801452306433
587602801443872769
587602801435488256
587602801427144706
587602801422954496
587602801422917632
587602801422893056
587602801418772480
587602801418723328
587602801418698752
587602801414529024
587602801410363393
587602801410310146
587602801410310145
587602801406173184
587602801406124032
587602801389342720
587602765100281856
587602765100244993
587602765087711232
587602765079322624
587602765075058688
587602765054087169
587602765054083073
587602764923961345
587602764852789248
587602764802498561
587602764802449408
587602764789899264
587602764789866497
587602764789846016
587602764785721344
587602764785659906
587602764781510656
587602764781477888
587602764781461504
587602764781457408
587602764777320450
587602764777312256
587602764773122049
587602764768944128
587602764768870400
587602764756320257
587602764747972609
587602764747923457
587602764747923456
587602764743778304
587602764743766016
587602764743757825
587602764743704576
587602764739534848
587602764739514368
587602764735377408
587602764735324160
587602764731129857
587602764731129856
587602764726951936
587602764726939648
587602764726935552
587602764726927361
587602764722786306
587602764718596097
587602764718596096
587602764710162433
587602764706029568
587602764706009089
587602764630466561
587602764273954818
587602764269752321
587602764269752320
587602764261363713
587602764257218560
587602764257169408
587602764257165313
587602764248838145
587602764248834048
587602764244639744
587602764240412672
587602764240388097
587602764089397248
587602764013899776
587602764001337346
587602763984539648
587602763980365824
587602763976208384
587602763971960832
587602763967770624
587602763967758336
587602763963621376
587602763963572226
587602763963572225
587602763959431168
587602763959377920
587602763955249152
587602763955236865
587602763955236864
587602763955232768
587602763955179522
587602763951042560
587602763951005697
587602763946860545
587602763946844160
587602763942653952
587602763938410498
587602763934216193
587602763930017792
587602763921674243
587602629641035776
587602629620080640
587602629594914816
587602629578125312
587602629577981952
587602629561286656
587602629552771072
587602629536194562
587602629532000256
587602629519376384
587602629510959104
587602629502590976
587602629498376193
587602629494181889
587602629490016256
587602629489983488
587602629485821952
587602629481668609
587602629481619456
587602629481603073
587602629473267713
587602629473206272
587602629469020160
587602629464879109
587602629464879107
587602629464875011
587602629464875010
587602629464870913
587602629464870912
587602629460697088
587602629460676608
587602629460656131
587602629460656128
587602629460635648
587602629456490496
587602629448114176
587602629448093697
587602629448093696
587602629448065024
587602629448052736
587602629448040449
587602629443846144
587602629439660033
587602629439651840
587602629435510784
587602629435469824
587602629435457536
587602629431271425
587602629427142656
587602629427081217
587602629427077120
587602629422948352
587602629263360000
587602629196394496
587602629070557184
587602629070553088
587602629066432512
587602629066366976
587602629066358786
587602629062225922
587602629062225920
587602629058002945
587602629053829120
587602629053784064
587602629049614336
587602629045440513
587602629045420032
587602629045399554
587602629028618242
587602629028618241
587602629028614144
587602629020274688
587602629016031233
587602629016031232
587602629011906561
587602629011865600
587602629011836928
587602629007712256
587602629007691776
587602629007671296
587602629007646720
587602629003505667
587602628999307264
587602628995129345
587602628995129344
587602628995059712
587602628990922752
587602628990861315
587602628990861314
587602628990861312
587602628986720257
587602628986699776
587602628978290688
587602590579458048
587602589933506560
587602589916798976
587602589895806977
587602589870587904
587602589807726592
587602589577019392
587602589564436480
587602589564411904
587602589560221697
587602589530853376
587602589526654977
587602589518327809
587602589509951488
587602589509902336
587602589509877761
587602589493112832
587602589484769280
587602589484744704
587602589480529921
587602589476331521
587602589476331520
587602589472202752
587602589472129024
587602589467942912
587602589467934720
587602589463752704
587602589451165697
587602589446971392
587602589413466113
587602589409275904
587602589409239040
587602589405028353
587602589392461827
587602589392445440
587602589388296193
587602589388296192
587602589363134464
587602589363085312
587602589358940162
587602589354749952
587602589354700800
587602589350547456
587602589350518785
587602589350518784
587602589346312192
587602589346308096
587602589346299904
587602589316964353
587602589304369152
587602589300195329
587602589295972352
587602589287653376
587602589283397632
587602589283393536
587602589283389440
587602589283385345
587602589283385344
587602589279244288
587602589275000833
587602589274996737
587602589266620416
587602589266616320
587602589262475264
587602589262467072
587602589258231809
587602589228920832
587602589216337920
587602589207891968
587602589203746816
587602589203718146
587602589203697665
587602589199560704
587602589199552512
587602589195317248
587602589195313152
587602589195304960
587602589191118848
587602589165953025
587602589161807872
587602589161775104
587602589161754624
587602589157613568
587602589157609472
587602589153415168
587602589149220864
587602589144985600
587602589140832256
587602589132451841
587602589132414976
587602589124059139
587602589119868930
587602589119868928
587602589119807488
587602589115674624
587602589111480320
587602490759192577
587602490755022848
587602490750857217
587602490750849024
587602490746658816
587602490369146880
587602490352345089
587602490348167168
587602490348142592
587602490344009729
587602490331426816
587602490327244800
587602490322980865
587602490264256513
587602490260094977
587602490255900672
587602490251726848
587602490251685888
587602490247491584
587602490243342336
587602490243338240
587602490239164417
587602490234970112
587602490230734849
587602490230710272
587602490226540544
587602490226520064
587602490222370816
587602490222338048
587602490213978112
587602490213957633
587602490209783808
587602490209734656
587602490201366529
587602490201366528
587602490201350144
587602490197147648
587602490193027072
587602490192965632
587602490188763136
587602490180431872
587602490180427776
587602490172006400
587602490167840768
587602490167791616
587602490163650560
587602490163593219
587602490159460354
587602490159431680
587602490155266048
587602490155261952
587602490155204609
587602490151014401
587602490146873344
587602490142633984
587602490138431488
587602490134233088
587602490130092034
587602490125844480
587602490121723906
587602490117480448
587602490113335296
587602490109079554
587602490104897536
587602490100752384
587602490096537600
587602490092347392
587602490088120320
587602490083975168
587602490083901440
587602490079764480
587602490071371776
587602490067136512
587602490067132416
587602490062962688
587602490058739712
587602490058735616
587602490054594561
587602490054594560
587602490054565889
587602490050408449
587602490046205952
587602490042011648
587602490029432835
587602489895219201
587602489870045184
587602489853239297
587602488779534336
587602488762748928
587602454210072576
587602454054862848
587602454000357376
587602454000304128
587602453996118016
587602453987774464
587602453983531008
587602453975138305
587602453966757888
587602453954179072
587602453949980673
587602453933207552
587602453929062400
587602453929013248
587602453920669697
587602453736116224
587602453736071168
587602453727686657
587602453727678465
587602453723504640
587602453677375488
587602453677346816
587602453673172992
587602453660577792
587602453647986688
587602453635432448
587602453627072512
587602453627043840
587602453627023360
587602453622816768
587602453580877824
587602453576691712
587602356000391168
587602355518078976
587602355513753601
587602355509714944
587602355413250048
587602355413245952
587602355409002497
587602355400663040
587602355400658944
587602355392278529
587602355379658752
587602355379646465
587602355367108608
587602355362856961
587602355358695425
587602355358687232
587602355354468352
587602355350327296
587602355350306816
587602355350278144
587602355111112704
587602355077652480
587602355073474561
587602355073454080
587602355069288448
587602355052486656
587602355039969280
587602355039952896
587602355035734016
587602355035725827
587602355035725824
587602355035709440
587602355031539713
587602355031506944
587602355023118336
587602355010609153
587602355006353408
587602355002204162
587602355002179584
587602355002159104
587602355002150912
587602354993831936
587602354989637633
587602354989625344
587602354981199872
587602354976993280
587602354976989184
587602354972786688
587602354968625153
587602354956034048
587602354947674112
587602354947653632
587602354947645440
587602354943438848
587602354943434752
587602354939289600
587602354939265024
587602354935111680
587602354935099394
587602354935070721
587602354935046144
587602354930896896
587602354926657536
587602354918313984
587602354914099200
587602354909945856
587602354909933568
587602354909872128
587602354901540864
587602354393997312
587602354255585280
587602354226225152
587602354226212864
587602354222030848
587602354222014465
587602354222006272
587602354209484801
587602354209447936
587602354175873024
587602354171682817
587602354171674626
587602354167480320
587602354163347456
587602354154971137
587602354154954752
587602354154901504
587602354150735872
587602354150703106
587602354150703104
587602304922161152
587602304792072192
587602304741801984
587602304737665024
587602304737607682
587602304733474816
587602304733470720
587602304729219072
587602304725078016
587602304708272129
587602304699912192
587602304695689217
587602304695672832
587602304691527680
587602304691503107
587602304691503104
587602304687284224
587602304683089920
587602304678912001
587602304674697216
587602304670572547
587602304670572545
587602304670556160
587602304670531584
587602304662142976
587602304662122496
587602304657977344
587602304653746176
587602304653721601
587602304649531392
587602304645406720
587602304645394434
587602304645365761
587602304645332993
587602304636948481
587602304628617216
587602304628609024
587602304628568064
587602304628559875
587602304628555776
587602304624373760
587602304624369666
587602304624369665
587602304620220416
587602304620179457
587602304620179456
587602304620175360
587602304615997440
587602304615981057
587602304615972864
587602304611831809
587602304607637505
587602304607596544
587602304607584256
587602304603422720
587602304603389953
587602304603389952
587602304595058690
587602304595058688
587602304590868480
587602304590839808
587602304586620930
587602304582479872
587602304582471680
587602304582451200
587602304582418432
587602304574042112
587602304574038016
587602304557326336
587602304540479488
587602304540475392
587602304301400064
587602304263725059
587602304263725056
587602304263655424
587602304259514368
587602304255270913
587602304251076608
587602304246931456
587602304246898688
587602304238485505
587602304209137665
587602304200810496
587602304200740864
587602304192356352
587602304179773442
587602304167194624
587602304150405121
587602303961722882
587602303940694018
587602303936503808
587602226115436544
587602226098655233
587602226048331776
587602225276530690
587602225213665280
587602225201094656
587602225192689664
587602225192656896
587602225188446209
587602225184251905
587602225184251904
587602225184243712
587602225175916544
587602224941035520
587602224861294592
587602224848760832
587602224844558336
587602224836190209
587602224836173824
587602224836141057
587602224827785216
587602224827760640
587602224823566336
587602224819372032
587602224815157248
587602224810962944
587602224622206977
587602224559349760
587602224559325186
587602224555155458
587602224555130880
587602224550916096
587602224542576640
587602224542547969
587602224542539776
587602224542523392
587602224542519296
587602224534179841
587602224534126592
587602224529993728
587602224529965056
587602224529932288
587602224525791232
587602224525770752
587602224525746177
587602224525742080
587602224521601024
587602224517382144
587602224513163264
587602224508973056
587602224504799233
587602224504799232
587602224500629504
587602224500572160
587602224496439297
587602224496410624
587602224496381952
587602224492236800
587602224488042496
587602224487993344
587602224483827712
587602224483794945
587602224475480065
587602224475467776
587602224471285760
587602224467021824
587602224467017728
587602224462880768
587602224458702848
587602224458641408
587602224454438912
587602224450273280
587602224433496064
587602224425099264
587602224420941824
587602224420937728
587602224416747520
587602224416694272
587602224416686080
587602224412565504
587602224412524544
587602224412504064
587602224404176897
587602224399941632
587602224399921153
587602224395767808
587602202535026688
587602202497265664
587602202493091840
587602202493083648
587602202337902593
587602202333708289
587602202316906496
587602202312716288
587602202308571137
587602202304368642
587602202304368641
587602202304327680
587602202304315393
587602202291806210
587602202291806208
587602202291785731
587602202291785729
587602202291785728
587602202291757057
587602202287599616
587602202287550465
587602202279223299
587602202279223298
587602202279206912
587602202279182336
587602202279161857
587602202275028993
587602202270834689
587602202270793729
587602202270793728
587602202270760960
587602202266628096
587602202266578944
587602202266570753
587602202266566657
587602202262425602
587602202262425600
587602202262405121
587602202258210816
587602202258182144
587602202254057472
587602202254016512
587602202254008320
587602202253991936
587602202249822208
587602202249801728
587602202249793537
587602202249793536
587602202241409024
587602202237267968
587602202237206528
587602202233044993
587602202233044992
587602201633239040
587602201553567745
587602201507459072
587602201507430400
587602201507409920
587602201499033600
587602201499017217
587602201499013121
587602201494872064
587602201494822912
587602201490681857
587602201490681856
587602201490673665
587602201490673664
587602201486430208
587602201486426113
587602201486426112
587602201478111232
587602201478049793
587602201440350208
587602201440292864
587602201427730432
587602201427709952
587602201079578624
587602201025056769
587602200991531008
587602200991498240
587602200987308032
587602200983142400
587602200983117824
587602200978976769
587602200978939904
587602200974782464
587602200974753793
587602200970588161
587602200454635521
587602200429465600
587602200416952321
587602200404307969
587602200404303872
587602200400154624
587602200395968512
587602200395964418
587602200395964417
587602200395939840
587602200391774210
587602200387592195
587602200387592194
587602200387592193
587602200387571712
587602200387522561
587602200374996992
587602200374960129
587602200354037760
587602200353968128
587602200353964033
587602200349822977
587602200349802496
587602200349794305
587602200345649152
587602200345587712
587602200341442560
587602200341389312
587602200341385217
587602200337244161
587602200337244160
587602200337211392
587602200333017088
587602200328798208
587602200324603904
587602200320417792
587602199611576320
587602199598989312
587602199586463745
587602199586410497
587602199582273536
587602199582236673
587602199578091520
587602199578075136
587602199578042370
587602199578030080
587602199578017792
587602199573856256
587602199573831680
587602199569702913
587602199569702912
587602199569690624
587602199569686528
587602199569641472
587602199565508609
587602199565434880
587602199561302016
587602199561297920
587602199561252864
587602199561248770
587602199561248768
587602199557107712
587602199557058560
587602199548710912
587602199544475648
587602199540301824
587602199540281344
587602199540273152
587602199540269056
587602199536107520
587602199531941889
587602199531933696
587602199531905024
587602199531884544
587602199527739392
587602199527690241
587602199527686145
587602199527686144
587602199523545088
587602199519371264
587602199519322113
587602199515164672
587602199515156480
587602199506788354
587602199506776064
587602199506767872
587602199506714624
587602199502573568
587602199498358784
587602199498330112
587602199494193152
587602199494184960
587602199489990656
587602199481581569
587602162529763328
587602162529755136
587602162525597696
587602162525540352
587602162521374721
587602162521354240
587602162512986112
587602162512961536
587602162508763136
587602162483601408
587602162475257856
587602162475212800
587602162466824192
587602162458427392
587602162454265857
587602162454245376
587602162454237185
587602162450051072
587602162445897728
587602162445869056
587602162441711616
587602162437513216
587602162437509121
587602162433314816
587602162429140993
587602162429079552
587602162424946688
587602162416488448
587602162403934208
587602162399780864
587602162399739904
587602162382987265
587602162378797056
587602162378768385
587602162366214144
587602162366177281
587602162366156801
587602162361966592
587602162357837824
587602162353627136
587602162353623041
587602162349436929
587602162340995074
587602162340990977
587602162336796672
587602162336792576
587602162332602368
587602162328465409
587602162328436737
587602162324267008
587602162215165953
587602162034814976
587602162022227969
587602162001256449
587602161997127680
587602161997062144
587602161992871938
587602161988722689
587602161988665346
587602161984532480
587602161984524288
587602161980301312
587602161980284928
587602161980280834
587602161976143872
587602161976135680
587602161971961856
587602161971892224
587602161967747072
587602161963532288
587602161963524096
587602161959366656
587602161758035968
587602161753796608
587602161753784320
587602161749622784
587602161741254656
587602147761610754
587602147711254528
587602147690344449
587602147686092800
587602147673505793
587602147669364737
587602147665129473
587602147623231488
587602147623198720
587602147618988032
587602147610644480
587602147598082048
587602147593867264
587602147593826304
587602147589681152
587602147589644288
587602147585486849
587602147581235201
587602147572903936
587602147564515328
587602147564453888
587602147560321025
587602147560263680
587602147556139008
587602147556077568
587602147556065281
587602147556065280
587602147547729920
587602147518341120
587602147388325888
587602146666897408
587602134205652994
587602122239254529
587602122197327872
587602122197307392
587602122197303297
587602122180599809
587602122180530176
587602122176393216
587602122176356353
587602122172145665
587602122167955456
587602122163822592
587602122163773440
587602122163752960
587602121962496000
587602121886986240
587602121886937088
587602121853423617
587602121836666881
587602121832460288
587602121832431616
587602121828237313
587602121828208640
587602121819877376
587602121819820032
587602121811484676
587602121811484674
587602121811484673
587602121811480576
587602121811460097
587602121811451904
587602121811431424
587602121807265792
587602121803038720
587602121794723840
587602121790513152
587602121790464000
587602121786335232
587602121786294274
587602121786273793
587602121786269696
587602121777934337
587602121777876992
587602120662188032
587602120653856768
587602120641277952
587602120641273856
587602120637075457
587602120637054978
587602120632889344
587602120620318720
587602120616103936
587602120616075264
587602120611889152
587602120611868672
587602120611864576
587602120607723520
587602120599306240
587602120599273472
587602120595140608
587602120595087362
587602120595087360
587602120590942208
587602120586743808
587602120586723328
587602120578375680
587602120553140224
587602120544808960
587602120544780288
587602120540614657
587602120540614656
587602120540577793
587602120523776000
587602120515387392
587602120511254528
587602120507023360
587602120498663424
587602120498618369
587602120494489601
587602120494419969
587602120494415873
587602120481890304
587602120481886208
587602120481832960
587602120477700097
587602120477700096
587602120473518083
587602120473448448
587602120465068032
587602120456740864
587602120418918401
587602120410554368
587602120410529792
587602120402194433
587602115826167808
587602115821985792
587602115813580800
587602115800997888
587602115557777408
587602115553525760
587602115545198593
587602115545141248
587602115540975617
587602115540975616
587602115540955136
587602115540942848
587602115536822272
587602115515838464
587602115515830272
587602115515777024
587602115511644160
587602115503267840
587602115503251456
587602115503247361
587602115503247360
587602115503218688
587602115503202304
587602115499061248
587602115499032576
587602115494866944
587602115490643968
587602115486470144
587602115218055169
587602115201265664
587602115180306432
587602115180236800
587602115176112128
587602115167662080
587602115163529218
587602115163512832
587602115016593409
587602114978930688
587602114966347777
587602114957991936
587602114953801728
587602114953793536
587602114953641984
587602114936987648
587602114932830208
587602114920185856
587602114911870976
587602114886639617
587602114886631424
587602114882498561
587602114882498560
587602114882490368
587602114882441217
587602114878275584
587602114874101760
587602114874052608
587602114869927938
587602114865713152
587602114861518848
587602114861498368
587602114853134336
587602114853130241
587602114853109760
587602114853089280
587602114853081088
587602114853076992
587602114852950017
587602114848915456
587602114844696577
587602114840567810
587602114836373505
587602114836357122
587602114836357120
587602114836312065
587602114832179201
587602114827968512
587602114827911168
587602114823774208
587602114823749632
587602114819530752
587602114802749442
587602114781777920
587602114773409794
587602114765053952
587602114765021184
587602114760876032
587602114760863744
587602114760806401
587602114756661249
587602114756632576
587602114752438272
587602114752413699
587602114752413696
587602114748276737
587602114748252160
587602114748231680
587602114748223488
587602114748219392
587602114744086528
587602114744082437
587602114744078336
587602114744057856
587602114744025089
587602114739904512
587602114739888128
587602114735697920
587602114735640576
587602114731495424
587602114727309312
587602114727305217
587602114723065856
587602114723061760
587602114718892032
587602114714718210
587602114714689536
587602114706280450
587602114706280449
587602114702135297
587602114702135296
587602114697961472
587602114697912322
587602114697900032
587602114697895937
587602114697895936
587602114693746688
587602114693705728
587602114689572864
587602114689560577
587602114689560576
587602114689556480
587602114685366272
587602114681143296
587602114681122818
587602114681122816
587602114676948993
587602114676948992
587602114672783360
587602114668584960
587602114660143104
587602114651824128
587602114651754496
587602113976528898
587602113875836928
587602113875828736
587602113875812353
587602113859059713
587602113829699584
587602113825476608
587602113817141248
587602113812897792
587602113812889600
587602113808756736
587602113808752642
587602113808752641
587602113804533761
587602113804533760
587602113800310784
587602113796112384
587602113791950849
587602113791942656
587602113787756545
587602113787748352
587602113779359744
587602113770958849
587602113770946562
587602113770946560
587602113766809601
587602113326350337
587602113309630465
587602113309597696
587602113297002496
587602113292869634
587602113292869632
587602113292849152
587602113292820481
587602113288658944
587602113284440064
587602113284419584
587602113280221185
587602113276092416
587602113276080128
587602113276071937
587602113276071936
587602113276043264
587602113276022785
587602113276022784
587602113267683328
587602113267654656
587602113263468544
587602113263448065
587602113259315200
587602113259266048
587602112630157313
587602112571449345
587602112525312000
587602112521101312
587602112521097216
587602112521056258
587602112516853761
587602112516853760
587602112512655360
587602112500125696
587602112500072448
587602112495935488
587602112495886336
587602112491757568
587602112491737088
587602112449753090
587602112445620224
587602112445579264
587602112445558784
587602112441364480
587602112441294848
587602112437211139
587602112437211138
587602112437190657
587602112437190656
587602112433037312
587602112433025024
587602112428822528
587602112428773378
587602112424632321
587602112420433920
587602112374120448
587602112361721857
587602112357539840
587602112357466113
587602112353329152
587602112353325056
587602112349151233
587602112349130753
587602112349089792
587602112344956928
587602112344936448
587602112323911680
587602112319717376
587602112315531265
587602112315527168
587602112307208192
587602112307167232
587602112302948352
587602112298819584
587602112298803201
587602112298778624
587602112294576129
587602112290418689
587602112286224384
587602112286162944
587602112277835776
587602112269398017
587602112265224192
587602112265216000
587602112261005312
587602112261001217
587602112261001216
587602112252620800
587602112248487936
587602112240058369
587602112235835393
587602112231661568
587602112227442688
587602112223305729
587602112223272961
587602112219058176
587602112219054081
587602112214884353
587602112214884352
587602112214872064
587602112210739200
587602112210690048
587602112206544896
587602112206528512
587602112206479360
587602112206475264
587602112202309634
587602112202289152
587602112202276865
587602112193921024
587602112189767681
587602112185532416
587602112181317632
587602112177172480
587602112177168385
587602112177143808
587602112177115136
587602112177111040
587602112172990464
587602112172978177
587602112172974080
587602112168779776
587602112168722432
587602112164601856
587602112164536320
587602112156164096
587602112143618048
587602112135172096
587602112130977792
587602112126803969
587602112126787584
587602112126783488
587602112126779393
587602112122585088
587602112114249728
587602112114221056
587602112076509184
587602112076472320
587602112076455936
587602112072265728
587602112068132864
587602112068059137
587602112063897602
587602112063897601
587602112051286016
587602112051281920
587602112038711296
587602112034508800
587602112021925888
587602111434772480
587602111430582273
587602111426363393
587602111422144513
587602111422140417
587602111417995264
587602111417974784
587602111413780481
587602111409627136
587602111409614848
587602111409586176
587602111405420544
587602111405367296
587602111401197569
587602111401172992
587602111401164800
587602111397023744
587602111396982784
587602111396974594
587602111392829440
587602111388655616
587602111388643328
587602111388606464
587602111384399873
587602111384395776
587602111384387584
587602111380250624
587602111380246528
587602111380201472
587602111376072704
587602111376011264
587602111371857920
587602111371816960
587602111371812865
587602111367634944
587602111363477505
587602111363473409
587602111355084801
587602110721712128
587602110717493248
587602110709104640
587602110704967680
587602110696546304
587602109408874496
587602109396299776
587602109375315968
587602109371183106
587602109371125760
587602109350203392
587602109341773824
587602109341761536
587602109337640961
587602109337571329
587602109337571328
587602109295624192
587602109278904320
587602109274677248
587602109274652672
587602109266264065
587602109262127104
587602109262094337
587602109257928705
587602109253742592
587602107974336512
587602107806707712
587602107806658561
587602107798315008
587602107798269952
587602107798257665
587602107798257664
587602107794124800
587602107794120706
587602107789942784
587602107789930496
587602107789881346
587602107789881344
587602107789869057
587602107785748481
587602107785748480
587602107785736192
587602107785732096
587602107785707520
587602107781484547
587602107781484545
587602107781484544
587602107781480449
587602107781480448
587602107777298432
587602107773104129
587602107768901632
587602107764760577
587602107764760576
587602107764736000
587602107764727808
587602107764707329
587602107760582657
587602107760582656
587602107760566274
587602107760566273
587602107760562177
587602107760562176
587602107760541696
587602107760508928
587602107756376064
587602107752132609
587602107752132608
587602107747950592
587602107743764482
587602107743764480
587602107739598848
587602107739541504
587602107731202051
587602107731202049
587602107731173376
587602107726979072
587602107726966784
587602107722792962
587602107722768384
587602106829373440
587602106795843586
587602106791657472
587602106787438594
587602106787430400
587602106783236096
587602106779115521
587602106779115520
587602106779074561
587602106779066369
587602106779054080
587602106770706432
587602106770665472
587602106753933312
587602106749714432
587602106749685760
587602106741350400
587602106737102848
587602106732961792
587602106716160000
587602106716127233
587602106711941120
587602106707771392
587602106707738625
587602106233651201
587602106216906753
587602106116354048
587602106112200704
587602106108014593
587602106107965440
587602106107957248
587602106103816192
587602106103762944
587602106099638272
587602106099621889
587602106099617793
587602106099589121
587602106099589120
587602106095370240
587602106091249665
587602106091233281
587602106091233280
587602106091208705
587602106091184128
587602106087055360
587602106086985729
587602106082861057
587602106082848768
587602106082791424
587602106078666753
587602106078617600
587602106078601218
587602106074431489
587602106074423296
587602106066034688
587602106061889537
587602106061828096
587602103331328000
587602103327162368
587602103314546689
587602103314546688
587602103310405634
587602103285248001
587602103285239808
587602103285194752
587602103281004547
587602103276830720
587602103272660992
587602103268466689
587602103264272384
587602103251689473
587602103251636225
587602103251632128
587602103247462400
587602103243268097
587602103243268096
587602103239102464
587602103239073792
587602103234863104
587602103226470400
587602103218151424
587602103213957120
587602103213891585
587602103213891584
587602103205548032
587602103201325056
587602103201308672
587602103197130752
587602103188779008
587602103188774912
587602103184584704
587602103176167425
587602103176167424
587602103176142848
587602103176138752
587602103171964928
587602103171952640
587602103167819776
587602103167803392
587602103163604992
587602103155167232
587602103146827776
587602103146782721
587602103142653954
587602103138439170
587602103138418689
587602103138418688
587602103134224385
587602103134191617
587602103130050560
587602103130005504
587602103125856256
587602103125811204
587602103125811202
587602103125811201
587602103125811200
587602103125807106
587602103121670144
587602103121641472
587602103121633280
587602103109083136
587602103100669952
587602103088087040
587602103088066560
587602103083892736
587602103079739393
587602103079718913
587602103071350784
587602103067136002
587602103067095041
587602103067090946
587602103058751488
587602103058698240
587602103054573570
587602103054532609
587602103054532608
587602103054503937
587602103054499842
587602103041949696
587602103037747200
587602103033602048
587602103029407745
587602103029366784
587602103021019136
587602103016824833
587602103016824832
587602103012614144
587602103008387072
587602103004241922
587602102999982080
587602102995779584
587602101863325696
587602101859123200
587602101850787840
587602100546379776
587602100537925632
587602100529582080
587602100525391873
587602100525359105
587602100521201665
587602100517007360
587602100516950017
587602100512825345
587602100512825344
587602100512759808
587602100512755713
587602100512755712
587602100504395777
587602100361760769
587602100361756672
587602100357615617
587602100353441792
587602100353429505
587602100353376256
587602100349198336
587602100345040896
587602100345012224
587602100340846593
587602100340846592
587602100340809729
587602100340797440
587602100340789248
587602100340785152
587602100336594944
587602100332449793
587602100332449792
587602100332429312
587602100332421121
587602100332400640
587602100328210433
587602100324081666
587602100324081665
587602100324065281
587602100324032512
587602100324020224
587602100319887360
587602100319817729
587602100315623425
587602100311498752
587602100311433216
587602100307292160
587602100307243011
587602100307243010
587602100307238912
587602100303097856
587602100286332929
587602100286332928
587602100273676289
587602098704908288
587602098545647616
587602098533040128
587602098520465409
587602098516275200
587602098512068609
587602098499493888
587602098466004992
587602098465939456
587602098461741056
587602098453405696
587602098453348352
587602098449207296
587602098444972032
587602098440826880
587602098440818689
587602098440790016
587602098436644865
587602098436632576
587602098432409600
587602098428239872
587602098428215296
587602098428207104
587602098419818497
587602098419802113
587602098411466752
587602098411462658
587602098411462656
587602098411429888
587602098411417600
587602098407223296
587602098407215104
587602098403020801
587602098398834688
587602098398822400
587602098394628096
587602098390446080
587602098390437888
587602098386313216
587602098386239489
587602098382102528
587602098382077954
587602098382077952
587602098377883648
587602098373709824
587602098373664770
587602098369470464
587602098369462272
587602098365341696
587602098365329410
587602098365325312
587602098365280259
587602098365267968
587602098361131008
587602098361081856
587602098356936705
587602098356891648
587602098352709632
587602098348544000
587602098348498944
587602098344300544
587602098340134912
587602098323337216
587602098314960897
587602098294018048
587602096842743808
587602095748022272
587602093260673025
587602093126615040
587602093101428737
587602093101420544
587602093088890880
587602093072064512
587602093063720960
587602093051142145
587602093021728768
587602093013393408
587602093013360641
587602093013360640
587602093013340161
587602093009149953
587602093004980227
587602093004980224
587602093000777730
587602093000777728
587602093000634369
587602092996558848
587602092988174339
587602092984033280
587602092984008704
587602092975661056
587602092971454467
587602092971425793
587602092963078145
587602092958810112
587602092954619905
587602092950495234
587602092950474752
587602092950425601
587602092942065664
587602092937891840
587602092937846784
587602092937842690
587602092937842689
587602092933644288
587602092929503232
587602092929462273
587602092929454080
587602092929449984
587602092925255681
587602092921122818
587602092921094144
587602092921073664
587602092921069569
587602092921065474
587602092921061376
587602092916899840
587602092912746496
587602092912726016
587602092912672769
587602092904337408
587602092900143105
587602092900122624
587602092900114433
587602092900098049
587602092900093952
587602092895948801
587602092895928320
587602092891758592
587602092891754497
587602092891709440
587602092887564288
587602092887519233
587602092887519232
587602092887511040
587602092887506944
587602092879130625
587602092879130624
587602092870791168
587602092870762496
587602092870754304
587602092870733824
587602092866596864
587602092858171392
587602092858159104
587602092854026240
587602092845588480
587602092816265216
587602092816207874
587602092812066817
587602092812062722
587602092812062720
587602092812034048
587602092812017664
587602092807815168
587602092803682304
587602092799479808
587602092795285504
587602092795265025
587602092795265024
587602092795236352
587602092786847744
587602092782723072
587602091708960769
587602091704774656
587602091692163072
587602091599863808
587602091595685888
587602091587346434
587602091587334144
587602091587305472
587602091583111168
587602091583086592
587602091562106880
587602091549585410
587602091549577217
587602091549548544
587602091549536256
587602091545403392
587602091545362432
587602091541135363
587602091536949248
587602091528605696
587602091515994112
587602091411169280
587602091385978880
587602091352416256
587602091352391680
587602091331481603
587602091331452929
587602091331432450
587602091327250436
587602091323088896
587602091314655234
587602091289501697
587602091289477120
587602091285282816
587602091276951552
587602091272757248
587602091272712192
587602091264315392
587602091260190720
587602091260178432
587602091260170240
587602091255975938
587602091255975936
587602091255955457
587602091255934976
587602091251785728
587602091251781632
587602091251752960
587602091247591425
587602091247587328
587602091243364353
587602091239202816
587602091239157760
587602091239149568
587602091239145472
587602091235012609
587602091234983936
587602091234963457
587602091234951169
587602091226636289
587602091226587137
587602091226570753
587602091222401025
587602091222392832
587602091218231296
587602091218227200
587602091214036992
587602091214004226
587602091213991936
587602091213987840
587602091209838592
587602091209809923
587602091209789440
587602091205648386
587602091205648384
587602091201458176
587602091201429504
587602091201421312
587602091201404928
587602091197210624
587602091197206530
587602091193040897
587602091176284160
587602091176235008
587602091172061184
587602091167842304
587602091075579904
587602091071377409
587602091046211584
587602089674682368
587602089649577984
587602089632784384
587602089620144128
587602089615949826
587602089611816960
587602089607573504
587602089607565313
587602089607565312
587602089603420161
587602089603391488
587602089599197184
587602089590816769
587602089586642944
587602089586597889
587602089070714880
587602088470958080
587602088466710528
587602088462573568
587602088462569472
587602088441606144
587602088441602048
587602088441569281
587602088429019136
587602088424820736
587602088420573185
587602088416452608
587602088412196865
587602088412196864
587602088412184576
587602088408043520
587602088399675392
587602088399659008
587602088395468800
587602088391225344
587602088391221249
587602088387092481
587602088387076097
587602088387031041
587602088387022848
587602088382898177
587602088378662913
587602088378654720
587602088374509568
587602088370302976
587602088370294785
587602088370266114
587602088366055427
587602088366055426
587602088366055425
587602088366051328
587602088361910274
587602088361910272
587602088361865216
587602088357691392
587602088357666816
587602088357658624
587602088353497089
587602088353476609
587602088353468416
587602088345137152
587602088345133056
587602088345075712
587602088340942848
587602088340905986
587602088340881409
587602088336748545
587602088336740352
587602088336695298
587602088336687105
587602088328331265
587602088328331264
587602088328306688
587602088324177921
587602088324165632
587602088324157440
587602088324136960
587602088319983618
587602088319967232
587602088319922177
587602088315727872
587602088311521281
587602088307351552
587602088307339265
587602088307335168
587602088307331073
587602088307331072
587602088303165440
587602088298995712
587602088298991617
587602088298942464
587602088294817792
587602088294744065
587602088294744064
587602088290611200
587602088290562049
587602088290562048
587602088286367745
587602088286355457
587602088286355456
587602088282234880
587602088278020096
587602088273829888
587602086113767424
587602085983707136
587602085979500545
587602085975351296
587602085975306240
587602085975298048
587602085971152896
587602085971111936
587602085962719232
587602085958549504
587602085673328640
587602085602062337
587602085597831168
587602085597818880
587602085593686016
587602085593669632
587602085593645058
587602085589450752
587602085589430274
587602085589430272
587602085585256448
587602085581082625
587602085576888320
587602085576843264
587602085572714497
587602085572673536
587602085568507904
587602085551673344
587602085547507712
587602085547479040
587602085543337984
587602085543333888
587602085543305216
587602085539143680
587602085534916608
587602085534892032
587602085530697728
587602085526511617
587602085526507520
587602085522362368
587602084729610240
587602084725424129
587602084725391360
587602084717060096
587602084717006849
587602084708675585
587602084708618240
587602084704477184
587602084704473088
587602084700250112
587602084696084480
587602084696043520
587602084696039424
587602084691898368
587602084691836928
587602084687650816
587602084687646721
587602084687642624
587602084670939136
587602084670926848
587602084670922752
587602084670889984
587602084670869504
587602084666683394
587602084662501376
587602084662480896
587602084662476801
587602084662476800
587602084658343936
587602084654141440
587602084649955328
587602084645752832
587602084645724160
587602084645699586
587602084641579008
587602084641558529
587602084641513472
587602084637368320
587602084633174017
587602084628934656
587602084624760832
587602084620546048
587602084607959040
587602084599623680
587602084599619584
587602084599595009
587602084582817792
587602084582785024
587602084574470144
587602084574453761
587602084574396417
587602084566065152
587602084566061056
587602084566040576
587602084566011906
587602084566011904
587602084557651968
587602084553486338
587602032787349504
587602030916726785
587602030878949376
587602030870532096
587602030849613825
587602030845362176
587602030841180161
587602030841176064
587602030828597249
587602030820249600
587602030820196352
587602030811807744
587602030799233024
587602030795030528
587602030790840320
587602030786703360
587602030782509056
587602030778265602
587602030778265600
587602030774083584
587602030774071296
587602030765731842
587602030765731841
587602030765731840
587602030765682690
587602030765674496
587602030761537536
