700397696192872449
699649127651512322
696833938296188932
695694193809760256
694584726191902721
692115960908636161
691687534485643265
690591827976519680
689877411916185605
689508331157778432
687710235516010496
687346451559493632
686694678628978692
685237436461363205
684900881788059648
670678603135258624
670316241827926016
669953793157521408
669591432827572224
669244819903021057
669225192057667588
669214639557767168
668907928703795202
668899247819984897
668887687810711552
668875107385876480
668864249314344960
668855056876335104
668489173196673028
668121720570576896
667789934430978048
667779214045614080
667779027885801472
667768603337453568
667758694982119424
667426843461615616
667419098301734912
667086233353494528
667044380901969922
666678750885445632
666678677963313153
666675179154636800
666408610881105920
666372025347276800
666332236447248384
666331756354662400
666325998078562304
666318645946007552
666314083445170176
666088326479241216
666046004513280001
665997762488500224
665948579257651200
665734482134065152
665701791779024896
665665545958625280
665624611661328384
665575046342012928
665402263624552448
665385835412389888
665333357136379904
665317382672379904
665317355455578112
665276599978168320
665269943022161922
665261124095361024
665259145881239552
665258893971296256
665240766348787712
664993599151435776
664950947131449344
664911173192540160
664869282606551040
664868912161382401
664648524592582656
664608585444278272
664553609011396608
664541934216605696
664541895314411520
664541730763485184
664499242124242945
664441687310073856
664283919634698240
664224753763282945
664224699027558400
664219000939765760
664186772063043584
664186728249319424
664184404109955072
664182981460779008
664170738102865922
664144772852879361
664144722219307008
664144660349108224
663932831643467776
663926867934613504
663924804794191872
663922334714105856
663921282115698688
663920035933499392
663919299367596034
663918469075701760
663917411867824128
663915991047340032
663915363248111616
663914723566444544
663914588904165377
663913430961618944
663911573228883968
663910744832937988
663909396192169984
663901663590158336
663889106485641216
663842199629512704
663804283960201216
663793214889943040
663781375384813568
663781149445980160
663536107242393600
663478508719484929
663415820362518528
663147106845110272
663128847609524224
663089672722116609
663047148783603713
662813329975480320
662794663128989698
662736250206457856
662694598456639488
662687968868478976
662433003495251969
662354098843291648
662102078639095808
662056758060253184
662010613011386368
662010497701576704
661992229439864832
661977460116819968
661970986795982849
661970885872631808
661970805077712897
661970723838271488
661970604619378688
661970126934310912
661970037352357888
661969947682349057
661969870741970945
661969759148376065
661969669876764672
661720969254273024
661705961942437888
661705879025266688
661705786352103426
661675500788580352
661664242609754112
661664214210088960
661657191850508288
661656102199820289
661655982762774528
661655890077069312
661655243269267456
661655157567000576
661655076566646784
661654978549956609
661654897910267904
661654815852912641
661654733204099072
661654579591962624
661654489380859904
661652490690121728
661637753734434816
661637685488955392
661392377320308737
661354651824996352
661315625789206529
661315533627768832
661264340679397376
661225943785078785
661225921353900033
661225899069542400
661225844883361792
661219116112416769
661219048303128577
661219006423035904
661218967130800128
660954494520266752
660895693846872064
660578362633531392
660577686469742593
660520600780210176
660506160013832192
660505808384331777
660505762200883201
660259950178906113
660250767324909568
660250751936040961
660246031804665858
660213170770866176
660179032751734784
660123443786944512
659903667877777408
659791126325366784
659552419928371200
659414988348461056
659400549423554562
659182336135720960
659052664542507008
658790794002694144
658760163948556288
658717994055372800
658417772762796033
658357398688522240
658055393759772673
658019162497814529
657999993236684800
657685909471563776
657609817683431424
657383937182863360
657247468195721216
656987654488109056
656910119930753024
656625153829306368
656556144802959360
656230837424250880
656161899092938752
655866009274810369
655808441919778816
655505862522310656
655428128676843520
655150241390333952
655087590350032896
654813787669688320
654748621062017026
654706738852052992
654461734816616448
654408858891194369
654391118168064000
654351356296228864
654163479780134912
654159819985653760
654159389037740032
654158440965632001
654152149509668864
654145104131657728
654142797688107008
654138814164668417
654132771288297472
654125725931278336
654118930131238912
654112135522336768
654105339940372480
654099049134448640
654092506364116992
654085208484872195
654076905352622080
654068850107899904
654062559620804608
654061048652132352
654051236690309120
654033619577516034
654021289754017792
654013486243016704
654010718858051584
654001657739476992
653992346636255233
653981777996857344
653971208522760192
653961646247833601
653948342863446016
653934215843594240
653923643894816768
653911817362669569
653890676598272000
653875576600526848
653859472561954816
653845128507887617
653830277895032832
653669742520111104
653631132156563456
653283954007498753
653223592696528896
652921585532207104
652861217405468672
652569346435235840
652517823982338048
652187695528017920
651817813376544770
651451656836517888
651194064910442497
650121675833536517
650066415324545024
649645056672948224
649294947573628928
648920206186647552
648617161229926400
647474708057735169
647144339404001280
646746676892430336
646383491572039680
646034326434377728
645021833515761664
644577399108079616
644211244744896512
643846252317278208
643487888257196034
642491184108040192
642034910849437696
641672503459319808
641310272121098242
639864918469009408
639502092021841920
639187584569098240
638820897550266368
638460740613992448
637320177344876544
636972800419328000
636584980903165953
636317496572710912
635969416363012096
635225219133607936
634898990694174720
634424738824060928
634098192968220677
633750815950286848
633376135984758784
632319816691388416
631956205171183616
631570935292661761
631178324891414530
630871857101537280
629727280764317697
629455577387675648
629110909873467392
628729289026895872
628603806750642176
628603713553240064
628603613229649921
628389302838243328
628389228225802240
628389123527544832
628388992006787072
628388915355914240
627314755775000576
626887277902364673
626515010626322433
626488775275778048
626404408935366657
626392441659101184
