731544851326599169
730862884725489664
730095120628862976
729747848305106944
729035408122609664
728297637133180928
727573825907392512
726824920605405184
726135939156692992
725025667868446720
722512534251507712
708742022518022144
700738314324697088
700012486393597952
698201560673705985
697113914757087232
695683294902419456
694966084143702016
694684714221744128
694682809047187456
694596022777942017
694327311294791680
694327021325844480
694326711127650304
694326597520719872
694326174592270337
694306217385013248
694306059398172672
694306000745033728
694305851071266816
694305686205833218
694305624201400321
694305557734301696
694305472552128512
694069404158431232
694069179024945152
694069018974523393
694068697904721920
694068510972989440
694068457667588096
694068271805386752
694068122446266368
694067997938352128
693916700450816001
693915762889601025
693904806352584704
693904719530438657
693904644569849856
693904563296833536
693903848050552832
693903215033610240
693903134238707712
693902925723140096
693902873860534276
693902812934070272
693902730734112769
693902624232329217
693902560915140608
693902499518910465
693902251228704768
693902181880102912
693901733005647872
693901516592193536
693493958572281858
693131144707989508
692850552233811968
692850381689229313
692848288706396161
692846785270644736
692830350821601280
692830175784890368
692797388784709632
692792554799017984
692789657336086530
692768112605659136
692512595966869504
692483977878355968
692483856855863297
692481613452722178
692481199864987648
692481087033991168
692442298517315584
692440554135818240
692440485529546752
692439735017566208
692439342137090048
692439166844559361
692438913005264897
692438867438243840
692418483070603264
692397944276807680
692123650183557121
692102075681890304
692101973227606016
692101932031172608
692101866939809792
692082635535835136
692074740362539008
692070832168837121
692070756369305600
692070670767763456
692070300343599104
692070225135579136
692055270315290625
692054528523264000
692054355772452864
692054279851368448
692054188180701185
691802176860110853
691801969699201026
691801848655802368
691801692455751683
691801621274193923
691801472275746816
691722435406630913
691689625161601024
691689278401675264
691689165365248000
691689086826840064
691689023509651456
691688933529243648
691688847176904704
691688667165818881
691688563998482432
691688432691589120
691528103969992704
691528022160060416
691527950752022528
691527872884768769
691527808212860928
691527719809495040
691527621302054912
691497380827430912
691496913024077824
691496776860217345
691496708073586688
691496642185330689
691496556504068096
691496446864982016
691478267723804672
691478205899771904
691478155391991808
691478104728965120
691478042976325633
691477809336717312
691477707780022272
691477625747828736
691473928896671744
691473762399555584
691473703176003584
691473611664674816
691473481867759616
691470205457793026
691470120971948032
691470041615720448
691334153262923776
691324392207310848
691323665682550784
691320647171989504
691151272565575680
691151183436582913
691150742074191872
691150096298176512
691150002400292864
691149918405177344
691149770967031809
691149655128670208
691149153972260864
691142125837115397
691141912175087617
691141735116713984
691141662945357824
691141557743824896
691138650625544192
691138566382948353
691138487681069057
691130414354685953
691130165091414016
691130092785782784
691129780083666945
691129676228464642
691129576366350341
691129501929988096
691129372879683585
690957259229126656
690759618826399744
690757956896354304
690757897744035840
690757836452659200
690757761349496833
690757670005944324
690757600552452096
690757534378889216
690757462387855360
690757353944125441
690757227364220928
690755476963725312
690755391076958208
690755334252589056
690755146842673152
690755083139592192
690754985915584512
690754920471855105
690754855795732481
690754765198782464
690754640921554945
690754569861607425
690754471240937472
690754290630004737
690753510107799552
690753447155531777
690753380612878339
690753110587760640
690753004505403392
690752927938445312
690752836993351681
690752681543991296
690752590032728064
690752501738418177
690752389100400640
690752322356453376
690752256665223168
690752182371483648
690752041694593030
690734273884590080
690734171556184064
690734153147387904
690733943910338560
690729682828812289
690729584111673344
690728334401998849
690728154374144001
690728081384861696
690725972375502849
690725423831887872
690724599256875008
690724527823683585
690724349259583489
690724053456269312
690723965937942528
690723859637534720
690723805547769857
690723557828009984
690723476936613888
690723347781390336
690723222908612608
690721683158609920
690721520855875584
690721315322343424
690721097872859136
690721031208603649
690720989240434688
690720912639791104
690720724948881408
690720513971265541
690709802968711168
690709547397226497
690708431125131264
690707165208686592
690706723200307200
690706290528522240
690705571587063809
690705166396366848
690704702363676677
690704285705736192
690703699379748865
690703058712395777
690702802281082880
690702354849538048
690702088976793600
690701733484359680
690693937044914177
690693489378504704
690677840765779968
690677505640955904
690674313427456001
690674192555966465
690673718104760322
690673659657072640
690673576467267585
690673125348880384
690672749790924800
690672547340283904
690664644805992448
690650103418228737
690618638982868992
690610950123040769
690607466778734592
690361552470409216
690358298122567680
690357737490903040
690355192865366017
690354789696274432
690354367069851649
690353571838169088
690353233357869056
690351767683469312
690351367488196610
690350980441989120
690349794494128128
690349615057604609
690348719368212480
690346596823928832
690345878490648576
690345308501450752
690343753383571457
690343136665690113
690342608044953601
690342030531162112
690341501373538304
690340481767632896
690339568168480768
690330075607072768
690315902319927296
690315519618973696
690314928247279617
690314553326854144
690314123284885504
690309207350841345
690304864908214272
690281522713141249
690274814943072256
690273311431864320
690273160990580736
690273125418676224
690272058035408897
690271968185057280
690271638265298944
690261715854856192
690261693125890048
690261563446407169
690214760181174272
690213839716003840
690213702012809220
690064397876760576
690053106801967104
690051002096074752
690050044385456128
690049894514610177
690049722040631296
690049594189844481
690049558278045696
690049497188167680
690049336655376384
690049198226546689
690049097223553028
690048382853910528
690040851213357056
690040734104182784
690039460059152385
690038528617639936
690037915435474944
690037474819772417
690037099337228288
690035863393325056
690031435349135360
690031281644535808
690031188636012544
690031073980456960
690030965662564354
690030841007837184
690030671688024064
690030467530244097
690030341952634880
690029968282271745
690029789000929285
690029641252368385
690029433470750720
690029272627580929
690026154359533568
690025859776774144
690025794337382401
690025463733972994
690025365805350913
690025234619990017
690024764627378176
690024670419140608
690024555293728768
690024078418272256
690023791909584901
690023499553869824
690023388375416832
690023206573494274
690023140165042176
690023053149876224
690022983264526337
690022696474824708
690022673712320513
690022661087498241
690022373429346304
690022213353807872
690021929667944448
690021889427783681
690021761220358144
690021736876773376
690021715817160704
690017327270617088
690017277882802177
690017126405419009
690016947648466945
690016792622817280
690011273094926336
689990477362434052
689990108095844352
689989781531533314
689985960600301568
689981243744768004
689967038819864576
689962610255663105
689959407292190720
689956542083366912
689950676089192449
689947348819058688
689946482594607104
689945327449714688
689943485403672576
689943300527132672
689942934410539008
689942385610993664
689936029587939328
689899847072149505
689892039454916609
689603734213566464
689552286498971648
689538856769576960
689141595531169792
688798325076668416
688795517560569856
688766284230561792
688483555370864640
688483486752051200
688483444305731584
688481520416247808
688431647004332033
688148919944007681
688139120292397056
688134691396845570
688115872779534336
688073171447054336
688057217686175744
687775759021162496
687756147516784640
687731262706946048
687731210609508352
687730421635756035
687728081197379584
687727571287412737
687727254567161856
687727107590389760
687727033980289024
687718688816930816
687697675370676225
687400433623691264
687385754163531778
687376501126217728
687376258041171968
687376114444943360
687375788946030592
687363500730023936
687332418471108608
687108328321757184
687082849430679553
687082701732450304
687082547725991937
687082381124055040
687082201217810433
687082063304900608
687081856483733504
687081710563926016
687081452974936065
687081294560231424
687081123764019200
687080889021370369
687080747321049088
687080522007220224
687080177688383488
687080011652702208
687079875119681536
687079817326366721
687078023829401601
687077601257500673
687071028690825216
687059201395306496
687058945689567232
687026754830008320
687000225102213120
687000149025923072
687000083821285376
686992014823444480
686729568619634688
686728894930489344
686723738289610752
686723133676507136
686722782068015105
686722228130467844
686722102972387328
686721548867125249
686717214586634240
686717068058750977
686716245475893248
686708220354670592
686699279864352768
686698360309338113
686693274459877377
686693177303015424
686693058981662720
686692992829112320
686692859634794496
686685559549394945
686672335026307072
686672127043321856
686661208955424768
686614651723886593
685933421634273280
685933054242762752
685932792580980736
685932726105452544
685932581582274560
685932486170312704
685898839857823744
685623004521365505
685615735536615425
685550452763578368
685542477802016769
685536953983344640
685526413818998784
685525767225131008
685525468108357632
685525001546551296
685520312058818560
685268992584335361
685268716049698816
685267948282355712
685267861485432832
685256615583350784
685159005518364675
684890575825317892
684888231112867841
684887600759324672
684886947400032256
684849762210676736
684809066086936576
684533281212071936
684532998495014913
684510103685341184
684509448560226304
684488629561888768
684447324202897408
684445918016360449
684445512737636356
684187077349515264
684186889994121216
684177320366583808
684146538554105856
684131623621677056
684103143827746816
683115820973596672
682681856253284352
682622307232169985
682259916128571393
681897849055870976
680448146581790721
680085702667706370
679844878637875200
679773704251813888
679724727456288769
679408754798931970
679070139275284481
679069898186866689
679064330692919296
679064025481789446
679003052662112256
678708325324750850
678352810023358464
678351035698511872
678281422935691264
677997998622703616
677616266970947584
677274611113975809
677217290375557120
677187851293876224
676514236655341568
676513939501486080
676511825207418881
676461549163122688
676170663250399232
676169057628852225
675421948214681600
675420385396006912
675418978504822787
675374313378156544
674991797974786049
674771299814785024
674676760643022848
674654165411360768
674650150438985728
674466887024054272
674466204468121600
674465179057303552
674464845706563584
673983699785003009
673983484004859904
673982816586244100
673982584314011648
673639483359821828
673329115005476864
673329015160094720
672923139098222593
672893401017139200
672844835779272704
672551076927639554
672542666928857088
672525103616278528
672504476159180800
672502983448330241
672193551283847169
672145724499456000
671848587358158848
671481043459973124
671480311545503744
671405128117825537
671404994848010240
671404807161323521
671404257371889664
671184178302558208
671184001445531648
671183579423088641
671183283082907648
671182626074566660
671182073449836544
671181959025074176
671181824597565440
671181645257572352
671180699966283776
671180003749556224
671178968784117761
671177094706159616
671176807215980544
671176553846435845
671175763350171648
671174790443606016
671174524935798784
671173420843974657
671172722999877633
671171795270172672
671171673555664896
671171261687533568
671170901782765568
671170726657966081
671170277653544961
671170016373571584
671169662391046145
671169247738003456
671168937640480769
671168601735434240
671168386248941568
671168164110168064
671167483735355394
671166891596058624
671166757747445761
671166386538995712
671166158452715520
671165802146582529
671165221956927488
671164974300008449
671164564621389824
671164456525815808
671163739652161536
671163659775819776
671163483401113601
671162942654648321
671162693533999106
671162595232096256
671161654638456832
671161502473285632
671161063392583682
671160173898125313
671160070730817536
671159905437503489
671159720229658624
671159502423617537
671159328238403584
671159083345539072
671158994791198720
671156074456723456
671155418488545281
671154939381592065
671154346998951936
669967824572563456
669964108012343297
668819125276442624
668635988365672448
668546206713438208
668225123674169349
668225094548889600
668225056523329537
668129180266201093
667885331857829888
667837654109523968
667836609803350017
667836390583832576
667836122240651264
667835858695774208
667835665388711936
667835383065931776
667829045590036480
667522942394322944
667454611498917888
667381235988209664
667107425028284418
667107306761527296
667107192529674240
667069818990960644
664943380778999808
664914678028484608
664569872295309312
664569709501792256
664569548276899841
664569453502406656
664539060199886849
664503998695800832
661961563797069824
661958449039810560
661592173545148416
661592106759233536
661288795241906176
661288696218562560
661288607257395200
659411458296565760
658763102394142720
658763036996562945
658660735124381697
658660698030022656
658397188272300032
658397053526122496
657978952942751744
657606882937413632
657587324923084800
657235110757048320
656867509690200064
656866412279951360
656866270957076480
656866177524719617
656514765062295552
656485395820118016
656485294770925568
656485248138657792
656484975538229248
656219585742512128
656219530872639490
656147786497400834
656147714569326592
656147656339779584
656145562727792641
655858874629660672
655858791083286528
655858576242704384
655858418171924480
655472943930191872
655472888292708352
655472802812792832
655472642770735104
655166052364648448
655165912870428672
655142467914874880
655075791118671872
655075608410607616
655074849556201473
655074740240064512
655074650846838784
654775022267953152
654774621154115584
654774500706222080
654774442296389635
654774150410604545
654774079711375360
654750767216070660
654750455772254209
654750224196366336
654750053727232000
654749754627198976
654749392952422400
654749358101954560
654749270873018370
654742981115670528
654742784029519872
654742321146171392
654740852116291584
654738277631528960
654726731517923328
654726628459700225
654726553058738176
654703341402877952
654692908277170176
654692607574937601
654683358438363136
654683290310344704
654654433834340352
654654346974507008
654654247506546690
654550240301682689
654543187445284864
654543141899403264
654543124597833728
654543023867490305
654543015059419136
654542961439444993
654542947610812416
654542736188555264
654542533326798848
654542144938442752
654541996007157762
654541875903246337
654541803941564416
654541625490669568
654541600094195712
654541218899099648
654541187005595648
654540923196444672
654479264616546305
654479182395633664
654479046084947968
654464723040272384
654464558480928768
654451149651738624
654447905588277249
654425602016022528
654402703196422144
654312844918431744
