721023495832866816
720675568560132096
720310899064463364
719957192137265152
718509652757975040
718147929622454272
717771495410241537
717410666181632000
717037855629975553
715952086576402438
715582989497798657
715227080124805121
714882201163149312
714545798348800000
713514942263996416
713054208967061504
712694338728230912
712422631065030656
712347615942156288
712131677863043072
711963913546412034
710901239114928129
710608033525596160
710522980355276800
710155048131514369
709904652041457666
709901539326832640
709788581007532032
709426552430141443
708835534852915200
708423451040550917
708007915047636993
707639597174403076
707264202654638080
706903898921914369
705895099356426240
705827994279936000
705823831789731840
705458495949123584
705116494229712896
704728718598508548
704456251548131328
704428460970627072
704156375442546688
704151240813318144
704124483548741633
704074995983486976
704022420684845057
703709837545213952
703655598747815936
703361643422445568
702980415749894144
702922878186991617
702301633145769984
702301575008559104
702274222228246528
702239561477259264
702231448753827841
702184171599298560
701925806067417089
700135397938982912
697851199777714176
695318958887428096
695022636485578752
694974465008996352
694331045844418560
694331029864099840
693836928689418241
692747806851866625
692533853613875205
692087439502999552
692018111764140032
691708054811729920
691674079363870721
691672470810525696
691672430792691712
691294852961538048
690574660115664896
690219612932169728
689503840580710400
689502946388643840
689130525957607424
687680721557704705
687680212692123648
687654397493444608
687439879270080512
687384135053148160
687324604981878784
685627183566422016
685627152746713088
685627071075201024
685627018004709376
685626795610079233
685626700894355456
685626132356440064
685626060046753792
685625973249724416
685625746115575809
685521420831440896
685272595965423616
685235799177101312
685235723042070528
685235467348885504
685235214663204864
685235150448267265
685204442766032896
684866629650366465
684866566383505408
684866518740373504
684866473236430849
684866407922679809
684509492730437633
684493910010245120
684474959335276544
684469787527782400
684469729222733824
684469616895102976
684469514549854208
684469370496487424
684464531347750912
684414414129213440
684414316653641729
684132885247311872
684132811943497728
684132433327869952
684132387542859776
683331949398654976
682668079898308608
682319868813795328
682319762408476672
682319719031042049
682319523761025025
682258495899594753
681995674607460352
681888673915207680
681627156468764673
681627111698771968
681627001426280449
681626932606144512
681626739429126144
681626668679606280
681626578321707008
680459552374915073
680444675782643712
680089150528225280
679798721870090240
679753426289295361
679462529727242240
679461685220868096
679461189395451905
679460803779559425
679436523469574144
679419114582966272
679391063748939776
679120417169149952
679119648751677441
679119471685013505
679119225768665088
679119198841274368
679118900357763072
679118639828631552
679073937481842689
679028768896225286
679006269961703424
678681695202185217
678655202681995264
678607435607621632
678601610260418560
678363254549143553
678281397665210368
678279929906135040
678027481828466689
678027314177941504
678026661300932608
678024254923923456
677979266915688450
677957161444503552
677954613270605824
677934357856714753
677934332871356416
677910090708578306
677894059659288577
677737141078638592
677639495873904644
677637147357290496
677637067879399424
677637009687617536
677636875973238784
677636797107671040
677621847492599809
677579044473298945
677556401950986244
677282130242756608
677239372983443456
677227880670097408
677227801917808640
677227509025341440
677221690925932545
676900823725666304
676889092139982848
676859326347280384
676526414703624192
676209998825852928
676129911531290633
675812406585483265
675770139212517376
675752076232687617
675480244917313536
675404755380781056
675401871146803200
675134274077663232
675088772057448450
675033194954125317
675017801900277761
674993776381702144
674965897002409984
674965524254605314
674962896028217345
674962855666421760
674962823907180544
674812130424578049
674755681665314816
674732817432055810
674730927239487488
674725343111094272
674695252586942465
674664922253533185
674649992158511105
674399835340988416
674349788209348608
674327562537963520
673985439523586049
673976721482248193
673974333178417152
673953797211729921
673945767422246913
673945674983936000
673943148222001152
673928847021084672
673926135596498945
673906659526217730
673692497458040838
673692331409727488
673689962328395778
673626304948801537
673625745785131008
673622588933804033
673580960210792451
673580926136266752
673574340974153728
673574133410586624
673572457941352449
673572316744318976
673382770303889408
673378227893616640
673376129428799488
673368993651032066
673368149077549060
673366933375344640
673365124372029440
673359032413908993
673313912763236352
673275744571625473
673230473687003136
673202901544665089
673189659179024388
672925869325852675
672916545165795332
672861461442527232
672828918529785857
672828400629747712
672577714075791360
672572325288628224
672561271691083776
672559867580702720
672559686839721984
672559524046200832
672559322585432066
672217012404260864
672168566888644608
671768307272278016
671406994054582272
671374661125603329
670724036796809216
669657257454407680
669601857275195392
669323397965312001
669315853263855616
669309538483331072
669305795935207424
669190087196848128
669189732769792001
669189644613873664
668881794112946176
668858576551542784
668829214418702336
668816867683790852
668609937442910208
667883453480759296
667044251201462273
666374748142596096
666373946531409920
665284751134068736
665218220077387776
665208866389360640
665034872033927168
665034757311459328
664872651588939776
664868021505146880
664867070861905920
664853883705929728
646375045938327552
646374538981216256
646370302432165888
646370272367407104
646370234253742081
646370133770788864
646370089852243968
646322480596938753
646309980069433344
