925142959242096640
920040180064702465
788161016886538241
784079795298508800
769261617972293632
762695991229239296
761621796026146816
760867961183801344
760177700493332480
758364436604125185
758086795070312448
758037419052589058
757707125674024961
757243970107740160
756177911925780482
755827431085191168
755473405537689600
755117090193891328
754023811826135040
753346931615686656
752918174262112256
752900179557134336
752532952748216320
751520113463926785
751109018421039105
750736416146153472
750484310029766656
748992080551161856
748546746645614592
747942751069601792
746110964341211136
743956450607767552
740616189852815363
738782511522664448
735953154584387584
734823242343538688
733712162330312704
732296184585437184
723567363174473728
722843925900185600
722472563306139653
722137701323923456
721033666709688320
720319642707693568
719982950989692928
719935352123760641
719683001953550337
719615441035919360
719564271319822336
719219732457521153
719216364603330561
719216161234137088
718724081353236480
718575420153548800
718520535974412289
718492557269815296
718461032901926912
718460438724288516
718460289805524992
718460137208320000
718251086532902912
718249631033987072
718249515292168193
718239854362890240
718222323640360962
718221784693145600
718220211325788160
718190681542361088
718145533982806016
718140458900193280
718139756358426624
717877002166874112
717806653240770564
717773823597121536
717520870487384065
717513210031509504
717495737597034496
717467559331663872
717467528566411264
717433129540038657
717421697549209600
717421621556850688
717421360536903680
717421303515353088
717421234376413184
717397097058738176
717384915461869568
717253154920726528
717245439603396609
717245310586621953
717244931450900480
717151182263701504
717133989971034112
717121692020019200
717111506526019584
717061023417511936
717060950881214465
717060922557071360
717047859489546244
717019654690983937
715974952999075840
715931954151968769
715657251805990912
715594615080890368
715580450735935489
715574278935085056
715214676984860672
714848582352789504
714678704555819014
714488489287389185
713439095406661632
713397454838759424
713035836929871872
712681595979759617
712308222888022016
712056974213390337
712054915816824832
712054778742775808
712054657086922753
711969770464129024
711003427682148352
710971291864473600
710927504941297664
710927492488437760
710599911637524480
710585114833477633
710529801690296321
710529025148497920
710526115085824000
710234500681244672
710234449800105984
710201069008261123
710200244038983682
710200220668334080
710200210606186496
710200071925735424
710158304387813376
709801484184002562
709750202417025024
709423499681468417
709087355672469504
708747203326554112
708421972812701696
708414228302929922
708103585720995840
708103533241839616
708070521439592448
708063936449347584
708056130702876673
708022358817124352
707651018645868544
707388502313295872
707340876029120512
706913075971002368
705846146854334464
705647569246916609
705582457429454848
705525303796305920
705459340493213696
704066435857780738
704033718462238721
702297266640400385
699678608026050560
698905558179381250
698905424540504068
698318390503436288
698318182944092160
698316351966826496
698276077580394496
698175188328849408
697561076116750337
697130013674438656
696507849283768320
695706661529387008
695706652775854080
695700384547938304
692062911078895616
689885710690586624
689534774482894848
687752691955576832
686955818588049408
685143866610089984
682969898595782656
682635337001205761
682607175546437632
682363992854138880
680466466638970880
680070444204998660
675372369049817089
667567281396776960
667469859135983616
