679403354531880961
676825115078877185
659051365570867201
631136513288466432
624617215896109057
593634327386136576
593633953887563777
593633869498159104
593633560155717632
593632813070454784
593629674854461441
593620438028189697
593300545818886144
593215783267762176
593207211947589632
593168433396785155
593092091074498560
592777150522077184
592769487394439168
592762575902871553
592733316958281729
592445064791465984
592443428069343232
591716768994832384
591716525213638656
591662319429550080
591376462864900096
591368282503925760
590928787493163009
590589904662503424
590572091981836289
590570798198497280
590233173134417920
589141279470125056
588766100864663552
588427399504596992
588017482235060224
587664906373070848
587421118807482368
587414198566518784
587412618568052736
587410884567244800
586583107026948097
586295703682555904
586289404517470209
585886501336174593
585605549112369152
585204603756548096
585204395505090560
585203671106850817
582689443011661824
577908812608221184
576446503784443904
576443165642616832
573558004638949376
572810332667809792
570386401801441283
565578204594069505
560954076154699776
560925881195978752
560879365798383617
560169389442338817
559844351526715392
559491766131249152
559425533620936704
559294642668453888
559092401751339008
559092372273774593
559092326853640192
559092076990586880
559092021801918464
558819868720377856
558795536300404737
558795526435381248
558781185392771072
558781140694085633
558780932442714113
558780850670559233
558773893985345538
558763961898631168
558745354686832640
558735190147608576
558694446397534208
558693959761809408
558373394287054848
558366873499086848
558326006813954048
558323255228891136
558094981144252419
558091257663475712
558056359741382657
558037757927628803
558035455095357440
558033734453428225
558023495183896576
558017672940507136
558002492819005441
557975929910087680
557923218401398785
557697856526487552
557656325698899969
557651286347108352
557649342040145924
557333959843913732
557303515664494594
556988641109901313
556985212995792896
556968707277484032
556666725261795328
556518121524047874
556507249129291776
556500008392876032
556276680650551296
556188451595624448
556182435709190144
556173520900587520
556164010656006144
556155278454845441
556155266664632320
556155227624075264
555892251901960194
555861350820225024
555767958275121152
555606225204047873
555603759712047104
555603322460057601
555601671175151617
555553956462489601
555525890923184128
555521391315783680
555453334635556865
555450576087949312
555419326321147904
555419002327937024
555187931359367168
555112854873862145
555101697870004225
555085778875715584
554805219989544960
554765072044535808
554703213291528193
554441649628004352
554436848194297856
554427548554129409
554391672604217344
553974178815021056
553702053227151360
553662214494638080
553638390160060417
553382305645875200
553313993268281344
553287566372253697
552925203068497921
552887511396003840
552585452130021377
552509987378196480
552224543566073856
552217763297501185
551468066849046528
551090574657191936
550335658972045313
549633512869863424
548960786391912449
548920529466314752
548206574557069312
547803446720475139
547496889449332736
547157178776162304
547113999771254785
546801474760900608
546417770024275969
546053620924301312
545789396352380928
545715193150312448
545307511981486080
544632767892303875
543540345540079616
543162575970504705
542830148844666880
542784589362495488
542407126262378497
541321228233879552
540600949991956480
539528673972350976
538074861768146944
538029533895471106
534824633384452096
533307918653726720
522133851405955072
522122224929484800
508965404899696641
508964738147958785
