930593178947805184
922867197881368576
921414413491433472
918541905310318592
917803566584102912
913485569715445764
896071763720757248
895755431741501442
894322776651071488
894278847742459904
893532551393886208
888135788105392128
888102777028608000
888102712428044289
888102627812155392
884941456229543936
883441818976739332
882725084938489856
880930100354531329
879806630912606208
877034578212405248
876984073628950528
848329228391112704
847863729748414464
847863702015459328
839930558754848769
792425545795375104
779349141193240576
778990605523300356
778630354550652928
778264791844401153
777902343270522880
777537738094415875
777175365705838592
776814548892340224
776573900276707328
776454939929305088
776090065525088256
775815569547288577
775728295518187521
775451280286158848
775368198271045632
774373185093443584
774280958174388225
773955235966443521
773953598967324672
773916553599340544
773551914797510656
773197252068151298
772826653940527106
772464276325797890
772101930361335810
771739528805490688
771384297483665408
771021122280103936
770738389351936001
770697245314256896
770295776488456197
769565325067030528
769201999376113664
768847764897697792
768121723514257408
767757417920602112
765944502976557056
765584001587253248
763405891332780032
763045154664001536
761595593231699968
760871244354813952
760509875050860544
758365795680268288
756578455253311488
756183178671456256
755822260984827905
755546667600842752
755132582488973312
754850419877130240
754412432139755520
754016599229685760
747985575748075521
746402652225998849
746050963719528449
746016507457462273
745661590309994496
745360773086580740
745334191500431360
745318049788551169
744937107169280001
744575762552979456
744272855056027648
744213362603593728
743850852536877056
743563898557710336
743524448452567040
743495304872267777
743216604922712064
743193939423932416
743163193187414016
743133552410267649
742857903363743744
742851284206772224
742847561808109568
742839137850535937
742808600586780673
742779988605210624
742747115441491970
742008797850374144
741782219988078592
741736943105499136
741695231217668096
741658858318241794
741658605380763648
741658344503410689
741657026275598338
741449928317272064
741434085017427968
741419739826782208
741385942489960448
741374714963169280
741353921705185282
741336496578252800
741336463011241984
741336323332546562
741336199680249856
741336061196918785
741335425382391808
741335310693322754
741335223225356288
741335170024804352
741334385241120769
741334369952878593
741334344006926336
741334314894249985
741329004532105216
741314246424834048
741100607805652992
741099599373312001
741076112311123971
741059487620988928
741024210806394884
741018644491046912
741012156406202368
740972314246811648
740783888952381440
740779406759763969
740709216889929728
740687532493570048
740679305521307648
740674574237372416
740655362743750656
740648884490248192
740619282652897281
740590889613987840
740394691192049664
740385972496433152
740376680703787013
740374203166162944
740372958217011200
740371991471915008
740371428080422912
740370629405220864
740370187896029184
740369719996211204
740365126809747456
740364168474152961
740362338436403201
740361316368449536
740360372327063556
740354378498871296
740322484415660033
740317503868440577
740310708080939009
740272300637978624
740231947255877633
740229600488259584
740227443420581888
739910376469331973
739894026900406273
739890298755637250
739879210244669442
739879091759812609
739877707240984576
739877088870600704
739875869032734720
739874824978202624
739874804501598208
739874788378697728
739866342044532736
739863658776301568
739849929783431169
739547623447748609
739473070654558210
739262783556968448
739139882111631360
739109748855975936
738890372726689794
738888006275239936
738860300259069953
738854373363580928
738805559042801664
738782285298688001
738772819010412545
738536847899430912
738522082682626049
738495788318228480
738455510777614336
738414988994437120
738180481183678464
738135086286004224
738059735992143872
738059376225714179
737788738051264512
737765781832880128
737711419106304000
737689502559260673
736942123426013184
736582195502927877
736349693483982848
736327329568284672
736241938077077504
735964591050493952
735923381720076289
735517779365761024
735501059230203904
735168591905980416
734822378912382976
734405920952700928
734043155268390918
733846332557819904
733780449906954242
733741206782414848
733394300487094272
733371701262704640
733357973800681472
733356524228202496
733000025958055936
732677185711034369
732325702696079361
732324254658793472
732319297423478784
732306464623169536
732268473112367104
732265186434801664
731892766733557760
731335194473431040
731329796936859648
731308044743663616
731299585918787584
731291421236305920
731287459720466432
731287050444525568
731285682488901632
731284300105011200
731268220691333120
731267791261732864
731267618750013440
731267319352197120
731265683594588160
731265451125264384
731264982768291840
731264653817417729
731262632083263489
731242694836506624
731212493196918784
731197396818894848
731152258021228545
730813567218388995
730443069435170816
730200150715469827
730076903650926592
730076260945170433
730075332489846784
729822427371339776
729746104254869504
729744922430066688
729744660143443968
729744033812189188
729743334584008707
729742702858899456
729742206786019328
729741788085403648
729740729266929664
729721667975450624
728948877169020928
728744298418712577
728743978087141376
728743563505324033
728675749293481984
727992113422569472
727991463808774145
727991246887735296
727971487576133634
727970824972599298
727970126675492870
727969869854064641
727969077524860929
727968477026357249
727968178903646208
727920875719233537
727286065841627137
727193234699591680
726427811498450944
726179707985616898
725738563271200769
724749721982496768
723614065151496192
723298530350108673
723297727157665792
722836371551887360
722493920186212353
722199900105154560
722122841605312514
722098081911730177
721375446038786048
720676305902051330
720668166288834560
720668137553682432
720666078053945344
720665681302126593
720665492201930752
720041861440778241
720041851210874881
719691637505392641
718833888575954944
717758895964495873
717433563935805440
717433403486957568
717425175965339652
717425042309701632
717424132632260609
717421694063939584
717410834880798721
717410671869169665
717409969289752576
717409451276431360
717406606342942720
717406160937156609
717403206255554560
717402523359920128
717402218341777408
717401599723905025
717400800302080000
717400389885247489
717399621874683906
717399158525730817
717398277679874052
717366560487260160
717174323602128897
717035303916056577
715977542117822464
715924410851569669
715554609977286656
715308120608669696
715307793125736448
715296487773642752
714583551904190464
714575961476489217
714539460206047232
714518533363732480
714502494790017024
714502075808419842
714179960286543873
713870744921321472
713863281006526464
713824576417955841
713823888417886208
713822295224164352
713821162984316928
713820254053527556
713819620516491266
713819611028914177
713817864650809344
713816467767209984
713816138740666368
713811689456541696
713810295366397952
713806580530057217
713804788085882880
713796342951182336
713796333623095296
713787712499789826
713754262904242176
713565590095441920
712346806454259713
712345984454492160
712335557574135809
710985412450320385
707038211399286784
705486737028620288
704809558812692480
704782016806576129
704776897041793025
704767148086792192
704737395736862720
704733249814163456
704730083349516288
704728582325608448
703393503347343360
703309875464511488
702222743127859201
701915530362548224
700774409267761152
699740493782126593
699686016748253184
697891102645334016
697838409046315008
696816604147888129
686952949625393153
685158843362349057
684824658424692738
684785754631897088
667228985961484288
667228724396339200
667228670268805121
660491421045030913
660273131999772672
658728933404241921
657378485623631872
657378302852599808
652721726518784000
651859521350975489
651859421925015552
651537941718700033
649073036881084416
648578234573938688
648578166596829184
646150765510311936
646150723965722624
644577683217580032
644577654092398592
504318272125145089
502313748820799488
490248447371407360
489816319223537664
489467671881453568
407648741126979584
396033758366683136
395854503884255232
395809204734136320
395682187564969984
394952520134434817
394947883880812544
394272167862337537
394272142914629633
394272066456653824
394271892032344064
394271528994349057
394271469150023681
394271361343832064
394271039422615552
394192339251367936
393796784071262208
393272690485641216
393164963730055169
393157664990982145
393157415241134080
393150114765619201
393149871206563840
393135015195729921
393134769598259200
393122210761543680
393122183184019456
393119915101528065
393119666035376128
393105630174519296
393104815766511616
393089715710070785
393089473228984320
393074370051981312
392800313192632320
392702328299454465
392687423412379648
392320217260367872
391980263367925760
391261166724321282
391243543701753856
390992449348186112
390146312928108544
389803154654523392
389450700985352193
389073207891722240
388713493546819584
388354326671806465
387627590707470336
387625485124911104
387287429431824384
387258385118138368
386276360311676928
385086849829462016
384763756032454656
384006909566529537
383273936869285888
382181008075788288
381821484450054144
381100654543925248
379643386958852096
378933694792097792
372786420068278272
370245767862054913
367784066847752192
366996047668576256
366994624474140672
365936166547103745
365247610644221952
364455883168038912
364210667295088640
364191121963905024
364074284060532736
364072396690821120
364072174023622656
363875792167923712
363865119866232832
363707676624031744
363705255588286464
363536411359969280
363483041454624768
363433370258534400
363366108986093568
363343301140676610
363185574427238400
363185562901295104
363067329762312192
363012680824549376
362747219906408448
362703320097779712
362680691617566721
362661999332687873
362641635215015936
362374839635423233
362342008439832577
362306631796658176
362270897639395330
362070752318590977
362021317169520640
361985263632777216
361951210313502720
361719652495265794
361685412282003457
361663553134002176
361551965529972736
361533708513193986
361520032410386435
361519998981771265
361517065410060289
361275324689956864
361274083578617858
361255566456266752
361178557059305472
361178535269904384
361008493127405570
360972019120091139
360900707802554368
360869844515688449
360868079074418689
360816376509767681
360816238412328960
360614446294499330
360596300170924032
360576557359693824
360475058411560960
360449941291794432
360447421106491394
360272233068892160
360248499796852736
360208753636806658
360185126866526208
360169719212412929
360102910249553920
360100988453011456
360090803558821889
359882539160186880
359855547920560129
359839474856906753
359837238365929474
359813239674118145
359736794134220800
359736602991407104
359736586327429122
359736478454132736
359731727037505537
359731085007007745
359723931978055681
359515724127014914
359507536887554050
359486392360902658
359469690218745858
359427063503396864
359414125790638080
359414103699230720
359414053015261185
359411514366627840
359411176054071296
359411106747392000
359410911326371842
359385716662341632
359367022766854144
359366931188428801
359342895343468545
359215438346981376
359182331413671936
359160231747526656
359146095563128832
359136228429414402
359131520075710465
359115197249630209
359097186555932674
359091735802036224
359064142864322560
359059710340636673
359051327080370177
359041008245288960
359025708720332800
359004060722012162
358979899073114113
358845053357137921
358806031201087489
358791447077597185
358782220544114690
358751317264572416
358747888106471424
358741591151755265
358741545094086656
358741351770230785
358738226422349825
358737542943752192
358732884003143681
358703311739830272
358699124369014784
358692979206545408
358688113310187520
358678157999603712
358670060023328769
358649327444443136
358632730466070528
358607962664734720
358600213545492480
358593627468996608
358495506277728256
358470150191718401
358449824670027776
358417494819606528
358375870076960768
358367472014991361
358363045858254848
358330483806978049
358329942343299072
358325854230675456
358303031953080321
358259143175450624
358248278212616193
358131412274126848
358130505591439361
358129405811363841
358129270163374081
358066474465771520
358040580686766080
357988442954670080
357963625182789632
357961387848785920
357946739422396416
357910425297371136
357759154414301184
357716082305400833
357683350871736320
357657911893721088
357645064031703040
357606982741532674
357555853886382080
357513229305528323
357396020927283200
357372026006159361
357368988856090624
357333552976769025
357325417197215747
357317611714916353
357286711422119936
357251541079568386
357235181955977218
357205585176952832
357200786800918529
357200501386903552
357200421980352513
357199658696720384
357199137344733187
357198914698481664
357198826014121984
357198735903698944
357197861991088128
357197707355488258
357197604934791169
357197062284132355
357195931118104576
357193406482628611
357176501919154176
357011883447943170
356986308943568896
356978504337854464
356974228500791297
356966380505030656
356959568053555200
356952268182007808
356944942880403456
356943622303784960
356942649715990530
356942592937701377
356942529163296768
356940897994280960
356932471880822784
356900631233056768
356836769066520576
356633790426263552
356510296694722560
356263941992767488
356195159161053184
356073343285346304
355886465227554816
355842383218368512
355836593413685249
355802092411170818
355752762073554945
355744253919494144
355734777007063042
355576880038035457
355557891433967619
355539247886909441
355521323495202816
355472940378230785
355440497386459137
355419065344466944
355407169149087745
355404094715858945
355398157527547906
355379038837149696
355378034871771137
355377622672363520
355215170261360640
355195407812399104
355184797364133888
355173203968135169
355165206999072768
355163776766574592
355137923676504064
355099706814238721
355056633010860032
355025366190010369
355024129927299072
355023685037457409
355015736785252352
354992323760885760
354952897940824064
354866704439975938
354863956730445827
354863749687025665
354834511218999297
354827866363531264
354815473319297024
354791600980897794
354767138579431424
354721105606479873
354671875542118400
354489076881174528
354474464962027520
354474310146064384
354473891533561856
354473370756198401
354471340163596288
354471163474350080
354467810128314369
354461302330097665
354446344561242114
354445374880100353
354428837376962560
354418406113554433
354416826328948736
354327071251632129
354231536368885760
354099344779116544
354045547876851713
353933866442039296
353734078668877825
353689572397428736
353687442794098688
353684763095216129
353578607878221824
353573360824881153
353573024089374721
353310250725675010
353256816119005185
352978038637596673
352926542457880577
352838733361455104
352837845444087808
352622839297347586
352577557280989184
352474020089851904
352296602431533056
352220673998991363
352172369915293696
352132692323733504
352126149696040960
351883036104736768
351849082928627713
351791241819729920
351783120162402305
351782959587659776
351782687985516544
351782042435977218
351749031166361600
351547373769592832
351511003948781568
351496601593839617
351461540685307904
351441288513601539
351400446121869312
351397478932811778
351397238125240320
351393281382432768
351207711028940801
351173222840020992
351139542532755456
351136457496338433
351063767917928448
351058502808117249
351058241536540672
351022796194861056
351011536258609152
350841516148797440
350811228769226752
350759596488536066
350756615705739265
350756444930441217
350729833447292928
350712750395236352
350694642523709442
350685146363609089
350684598830776320
350683609717424128
350680931583016960
350679822806171648
350679703780212738
350672233007554561
350641731651387392
350481473163378688
350448645654585344
350447950838771712
350446597366218752
350443310126612482
350435919410626560
350433730382401536
350411975194443776
350404417985581057
350310951741960192
350181236624470016
350173672641794048
350148436676464640
350119655735697409
350110836704026626
350110089039994880
350108172456968192
350036228734853120
349975911233372160
349953435099074561
349953339116621824
349953265955373056
349939442208882690
349918971765592064
349732864293744641
349732700111908864
349670314164228096
349627999601172480
349627900401688576
349602242761986049
349580584315654144
349388064147247105
349356393503014912
349293945513197568
349235267548372992
349018015075012608
348934503969980418
348867538094010369
348665642590806016
348624585605918720
348620804197588992
348609166153228288
348604870187692032
348601159684083712
348599572022562816
348595967664197633
348593676320112640
348592388513611777
348585893344444416
348564447788412928
348539904214581249
348538365475438593
348512888819957761
348509061576265730
348495097777758208
348491359893725186
348490151472791554
348488742929039360
348487653617975296
348486697115336704
348486327987212289
348483586074238976
348483348685000705
348481337713360898
348481039963934720
348480603030691842
348479494547456003
348473873068589058
348454961958502400
348129663140380672
347910517408538625
347763318271922177
347036094728110081
346680187963965440
345727384063979521
345225630897557504
344940845755142145
344638474386817026
344638080617168896
344165760807088128
343791713598455808
343079616694607872
343069095975059456
342813106482839552
342756950666264576
342430674986348545
342003795032678401
341664538908827649
341600833307287552
341049779410841601
340620481491251200
340269026691387395
340179589118689280
339934412277944321
339909548292849664
339871916846362624
339190084945453057
338719476281393152
338419410865885184
337996859425554432
337759759455354881
337634267137978368
337268308015448065
336623848306905088
335911323592437760
335505650526339072
335209032275070977
335142866764562432
334813830716723200
334442370546401280
333711308841172993
333016346449297409
332681545016029186
332292909233741824
331894323543158785
331548823258267648
331112618179837952
330731774114140161
330019821876027394
329675991175790594
329371587432296448
329009427703279617
328563696269926400
327230849290485760
327146914510422018
326790778674364416
326398257070735361
326140499369005056
325425385024139264
325374222652276737
324980732630011904
324681146527006720
324320267600003073
324258725261107202
323597979619577858
323548213204377600
323494180808691712
323218793595801601
323120873928278016
322879182411542529
322828943419916288
322768321311297538
322555694190559232
322504291095048192
322487809489399809
322190172206792704
322092655045640192
322038346161463296
321439551807700993
321040190380576768
320977793200570368
320937174197477376
320703781744545792
320649642121515008
320583808405602304
320301400896720897
319935391593541632
319648422397370370
319565418438221824
319266259281788928
319235009187823616
319216070672142337
319202337610690561
319200114600206336
319139262400434178
318814791995109378
318777312571162624
318545241193988097
318518316094324736
318511870841589760
318458990042415104
318454044207239168
318408206500110336
318183506385719297
318119458612850688
318115018279366656
318096082745835520
318077231337447424
318075351018389505
318073029404008448
318072843176906752
318072675748687872
317791316484444160
317746311862558720
317705059125309440
317674745485213698
317484213253328896
317444246502264835
317432119532064768
317374251894190081
317374137683283968
317102300885831681
317082831270576128
316964548949196800
316768025456041984
316372620423602180
316314874017890304
315712774007291904
315576380614131712
314784206402236416
314544627866812416
314464793383800832
314426952960315394
313705853205245953
311986340571017218
311872838514642944
307607982529732609
307278063966765056
307277998560800771
307277395138859010
307277342894608386
307257787245801472
307226058900533248
307225728561340416
