732638015189737472
730439338220093440
710503895001268224
710255721774866432
677262806899490816
661971745042100224
654371106195812352
621085509960335360
621085400929406976
621050946261381120
620655711379283968
614488834177286144
612013446142365696
612008706939564032
611941573270462464
611671038812815360
611331466014801920
611209348266614785
610868386965360641
610868309177839616
610492042804727809
610263767385923584
609854821500227584
609539432727744512
609539390117822464
609454401497923584
609404776850153472
609090239831748608
609060311337844736
609042491501740034
608802193915805696
608802129470324737
608801669430677504
608801208543813632
608800958424862720
608800888656822273
608800443469156352
608800325634424832
608799539978379265
608799460194263040
608798722462339072
608798157955325952
608797740311584768
608797400287698945
608796799092965377
608796409622503424
608795848747548672
608795617809190912
608794908728524800
608794471967293440
608793821434945536
608793552676487168
608793071174586368
608791812312977408
608791229543768064
608790863615950848
608790291416416256
608790127142264832
608789607912579073
608789384205180928
608788739381329920
608788188077817856
608787461896929280
608787263531524096
608786937860587520
608786741839810560
608786097573761025
608785796263378944
608776174634795008
608775571745538048
608768934624362496
608768842983088128
608757081487777794
608747470491766784
608746152813428736
608734489007640576
608730303163584512
608729275517132801
608729212426395649
608725428027596800
608718628385492993
608718294049144832
608718238856273920
608712684763152384
608709095474909184
608703964758941697
608700066358923264
608692531426017280
608692520613085184
608677254638338048
608493009970171906
608492929607335936
608416879049383936
608415815235477505
608414120187207680
608412461683896320
608361224313663490
608355371414130688
608352270976204800
608352138771755008
608349273676238849
608345532151562240
608337962221334528
608337908030967808
608333638116249601
608317858829864960
608310554738835456
608309209415843840
608276857738231808
608078898014789632
608053868061184000
608053219760173058
607982436538916864
607982351394574338
607968091541139456
607955246917115904
607950390164742145
606929063370833920
606891544855977985
606554031863922691
606533238635544576
606506011491368960
606226086628892672
606156135163297792
606143521074999297
605876587754446849
605839003921707008
605780944524447745
605528758922014720
605472962641199104
605447866715238400
605418579727556608
604838829078409216
604838400919617537
604838289246294018
604838010023112705
604837445398458368
604837244042539008
604836557791465472
604836430632787968
604836386932297728
604835749360340992
604835491792322560
604834844468613121
604834524099264513
604834041766907904
604834025367158784
604833833993695232
604833709951324162
604833628565020674
604833228684296193
604833188150571008
604832474514857984
604832206079459329
604831802440609792
604831575558062080
604831083037736961
604830893107068928
604829261023703040
604829130194944000
604828732642107392
604828632054272000
604828421852532736
604827812264972288
604827029347778560
604826913152987136
604826729559883777
604826367138480130
604825968281141248
604825537186402304
604825379719626753
604824700326256640
604824204228182016
604823805798653952
604823600990806016
604823112501202944
604822783017631744
604822528230461440
604822291118059522
604822208435716096
604821601645817857
604821566078087168
604821073406746624
604821043102883840
604820969618694145
604820860067704832
604820223988891648
604819801886703617
604819479667732480
604819060224724993
604818931438592000
604818885636808704
604818550293852160
604817835127238657
604817694458667009
604817385250394112
604817368875855872
604816822102167552
604816364302266368
604815470923948033
604815308805664770
604815093361082369
604814582209642496
604813970172575744
604813498971910144
604813177889562624
604812879334809601
604812711025733632
604811593679925248
604799487769341952
604793851178450945
604793303523991553
604792331431051264
604791851741159424
604791649827319808
604790986766585856
604790550756089856
604693798686310401
604427049701273600
604426548221911040
604331273813819392
604061600945864704
604014133890023424
603699274946375681
603691657775702016
603620853469818880
603380923300581376
603345432379535361
603307118117179392
603305478836264960
603289107113082880
603244305709289473
602881842602115072
601815081857482752
601794355741872128
601516868801724416
601499445151301632
601432781529296896
601162501787688960
601149715544035329
601141818831474690
601141446259777537
601115402400235520
600799310112890880
600796207644942337
600795766307688448
600792751899185153
600792178562961408
600776495544406016
600767306935840768
600708487174172672
600346135660630016
600044113317113856
599323950460469248
599319897152180224
599258251734044672
599000762010730496
598959493305667584
598936599766773760
598898898850025472
598632993096237056
598616474651987968
598570479578779649
598545205696954368
598297726309150720
598246655960358914
598195175664390144
597870034619215873
597868411016777728
597862525812768768
597446074953928706
596810477268676608
596733110223392768
596411166202564608
596026084170203137
596004090443800576
594187517634564098
593881104379031552
593880029810982912
593159798524227584
593146700027428864
592780510755172353
591632594929758208
590913276994682880
590564714729603073
590560700977807360
590294986735751168
590274455718367233
590241352916410369
590222999481090048
590221975064313856
590221792121384960
590221305456287744
579052127751811072
578911273959591936
577224328565014528
576601876801544192
576601651248676864
575327466740281345
574981240287199234
574370967973068800
574296125538050050
574021142098374657
574021122997489665
573993179634089984
573992546155819008
573992537100271616
573956777294888960
573937553453154304
573909733741977600
573635692477071360
573606937239023616
573588933604331520
573530441312944128
573351655539785728
573351579270557696
573311571314667520
573311548451504129
573277964776816640
573255948480876545
573248857196257280
573244119595675648
573186518568681472
572919118824783872
572894588421070848
572852543136538624
572852183110057984
572851907082915840
572851704783245312
572851494761861120
572850118107504640
572824520266010625
572820648105361408
572562249052626944
572554414667395072
572513232352616448
572471820860825600
572203063965954048
572202964946956289
572163162713161728
572163133315264512
572162791710195712
572162500226990081
572101599222358016
572094240487944192
572086450306486272
571935333895553024
571926157983027201
571926036461449216
571897593757749251
571895709399564289
571870063248056321
571870039718027264
571869146155102208
571840530679635968
571840465152024577
571809453827219456
571784490495832064
571768567135268864
571762075996823552
571761823441022976
571754253775073283
571753159867043840
571752767896727552
571734980017053697
571734723560529920
571481167205031936
571468932214743040
571460352363229185
571460188869255168
571450718302932993
571438082576109568
571437970659487746
571430716149358592
571407006445076480
571406782645428224
571406624532795392
571401431485321218
571385395449098240
571354826161786880
571354789507784704
571129435753197570
571122370360033280
571118253482876930
571101256153853952
571063397803884544
571040866615164928
571021420295168000
571020238600278016
571005090468921345
570994731762651138
570994546621816833
570777719836778496
570768802281091073
570751798169837568
570745043465539584
570744448516300800
570739681056333824
570735091602706432
570718526391996416
570712123568844803
570698422434566145
570677985440899074
570656752523309056
570652453961465856
570652098603266048
570651938108211200
570455957437874176
570417919999389696
570390869661995008
570388106248982528
570342889751838720
570254754791575552
570000139609190400
569999312853213184
569989829875802112
569988903597268992
569949833647140864
569947175905398784
569945992704888832
569921750621757440
569716827296698368
569710165924016128
569683716538179584
569683672191737856
569682026162294784
569681963230965760
569656839001878528
569649804046782464
569632944182005760
569590370947846145
569564044635426816
569557340141170688
569546508443394048
569404617445941248
569398933530611712
569379709366054912
569376988768702464
569376952232124416
569376897408368640
569376691107332097
569374078961721345
569373861138923520
569369246351777792
569368793475977217
569366727420555264
569326215594582016
569310213309751296
569310023546830849
569309272971960320
569306983523753984
569306925487120385
569306641088126976
569292763977506816
569292634327375873
569292364956569600
569292056641740800
569291879105212417
569291715762204672
569291410324615168
569291201985138688
569289161124872193
569274453399482368
569268972161335297
569268896621965312
569268833715748864
569267623994634242
569264047729700865
569245922250530816
569243120891617281
569219832085811200
569219713978355712
569219563138609154
569199301705867264
569198615429718016
569197712412770304
569197195355754496
569194894696124416
569165491106750464
569041685377724417
569041452828725248
569030622984802304
569012830122479617
569012095745855490
568999476272230400
568993962704252929
568966027821756417
568964992709439488
568963927511445504
568963760666255360
568950725612404736
568950602903859200
568949462002855936
568946550363172864
568946189472649217
568945189533802496
568944913066242048
568944568491618304
568943506833608705
568940151319044096
568939945114468352
568939726327009281
568932801959104512
568924412176572416
568924383818854400
568918886764056576
568918595377307648
568918463692931072
568916038366003200
568909315051880448
568908193302122496
568907562357104641
568902644384731136
568902641931186176
568899848960806914
568894741053513729
568894359782993921
568891683774967808
568889446151512064
568887796112302080
568879834698379265
568877998847315968
568877727949856768
568877030483193856
568875780626731008
568875099513753600
568875048372535296
568871589279723520
568870029707444224
568863566536650752
568863393689563136
568862254466084865
568858760782835712
568858732395782145
568858320741666817
568858276609134592
568858078692519936
568857894667444224
568857894524825600
568857840200257536
568855236107837440
568852605876613120
568852453510107137
568849064306978817
568849042442031104
568844787358388224
568842765892583425
568842414971973633
568841120215465984
568840086512541696
568840009312108544
568839140655001601
568838819669102592
568838530224357376
568838112161325056
568837475088470016
568837381823991808
568837275267641344
568837056790573056
568837019540934656
568836853303889920
568836799503532032
568836763742920705
568836197792919552
568836125088878593
568836021174972416
568835960974086145
568835928497598464
568835900404137984
568833787729039360
568832583485689856
568831172496601088
568830474904150016
568830389487153153
568827955381563392
568824879081922560
568822237282770944
568822135528951808
568819314142289920
568818739178663936
568810494565310464
568806220007477248
568802094796247040
568801733633187840
568801468360237056
568801386118254593
568657354176237568
568656047809765378
568655916616130560
568655785502191616
568655705151967232
568654139900755968
568647388945985537
568607996311420928
568607271309045760
568606993713217537
568606816281587712
568604029535649795
568603627746496512
568603062782201856
568602598330093569
568602212730949632
568602010590666753
568597798884646912
568592047034257408
568591622289657856
568576863376838656
568576794556637184
568576714009243648
568576476800356352
568576067998498816
568572471835811840
568568414026874881
568561864537280512
568561750548697088
568542470692319232
568538810264330240
568537700988530689
568536310333325313
568524481313943552
568524304607870976
568516533699235841
568514853062578178
568514737589190656
568512630765129728
568512090203295744
568505300296142848
568500253953007616
568498479212961793
568496706842730496
568493525073047554
568486482232668161
568478753237692417
568473887857442816
568454950809833472
568454517718544385
568451586629849088
568444459714629632
568251289089363969
568250907835518976
568247080415834112
568232580815790080
568213055101739008
568198193822846976
568186663811162112
568171532951764992
568168569504051200
568164334469120000
568151611853254656
568140250779750400
568140148921098240
568113732359843840
567918816895717376
567918729234890753
567858543975464960
567858361435164672
567858144161837056
567857922211840001
567857302184673281
567834317243604992
567834281919168513
567802637006958592
567775372005150721
567760440579465216
567755310199500800
567748921179774977
567748687024377858
567746208324538368
567746047946924032
567730319990616065
567478311643652098
567461344794791936
567459966324199424
567451067269398528
567445141091151872
567435548701519872
567434572732706816
567409901157113856
567383207822106626
567110330057113601
567021351907495937
566703462721658880
566658202561814529
566408196328144896
566389016933580800
566382066795696128
566374599625936896
566372867420323840
566342199495774208
566326636706934784
566323376801607680
566313806347771904
566310917499924480
566301115411484672
566294992851726336
566282074630258688
566148269747630081
566147403883892736
566146903369216000
566146132779073538
566076674148556802
566075095391551488
566074201346301953
566072590096023554
566072191410638848
566071453054156800
566070207668445184
566069339653033988
566068784583032833
566068351428870144
566067965871681536
566066866095783936
566064908182122496
566063897665224704
566062628028416002
566061345351536640
566054182679900160
566041528263397376
566036511179554816
566035296215506945
566034314865815554
566025031416049664
566022259605655552
566008285350739968
565979982837465088
565971097049264128
565963609897832448
565963577832390657
565921534577868800
565737267214311424
565672206488043520
565670543966609408
565670517374730240
565667442022948866
565667424213958657
565667383789236224
565667363157446657
565663364127653888
565655841374998528
565647091548962816
565645576264769536
565645258458157059
565645171971588097
565645112030814208
565645090207838208
565645064840695808
565645043428765696
565641602086240258
565641579671863296
565640848780849155
565640797727760384
565640329899302912
565639927086735360
565639905305722882
565638947821617152
565638946802368512
565638902309212160
565638880838569985
565638853244243970
565634686907867137
565615006147170306
565593135578095618
565321594231615488
565314408357060609
565276416171081729
565276066986885120
565265517301493760
565265451232792577
565245501042216960
565244827168550912
565239006242553856
565238953855696896
565193565882429440
564910114889822208
564910008782311425
564909761934942208
564909681987301376
564909632247062528
564906810826850304
564906752156905472
564906730144808960
564906682871193600
564903731888549889
564873247972290560
564873226942042112
564872720236544000
564872052394323969
564872031850618880
564872007578583041
564871816162721796
564871773015920640
564870981366210560
564870909769428992
564870834020302848
564870805771669504
564870465030594562
564870373313761280
564870136041967616
564870093813731328
564870069746794496
564852983389622272
564852819505590272
564852621089861632
564848879447711745
564848701613416448
564848172728463360
564848096400527360
564847259582349313
564844210939895808
564665469634744320
564587134003052544
564166777681100800
564153068611043328
564123406954549248
563868665787871232
563857853849432065
563850300646105089
563850264738668545
563850195071287296
563847352872468480
563847324879699968
563847291509817344
563846987968024576
563846975561277440
563846685697126400
563846608672944128
563846478745960448
563821006310346753
563804375491952640
563782648829444096
563767239581519872
563502102295879680
563482724049387520
563482570953089024
563482392309301249
563482080911585280
563481100992147456
563464793634263040
563460082646536193
563445385994055681
563445328632770560
563445286878457858
563445241743552512
563445183212048384
563445054887305216
563444965049507841
563444780655337472
563444728641777664
563444666742231040
563443188275240960
563443112987471872
563443067722539008
563443016841445377
563442976064819200
563442926693269504
563442093306032128
563441967367876609
563441921847095296
563441880059240449
563441828872347650
563441773368733696
563441437962825729
563441188108136448
563434438344732672
563383116195065856
563383038306832384
563176397418799104
563176356716879872
563176317685080064
563176268695601152
563176229864751105
563176177897332738
563176121345531904
563176070921588736
563176004978757633
563172337332527104
563172293288136708
563172254985760768
563172201369989121
563172154481852416
563172114099109888
563172033585250305
563171967214583808
563171898369261569
563170203409055744
563170139039105024
563170085242961921
563169976434302976
563169908604022785
563169817155620864
563147559472861185
563112169756454913
563112110302171136
563112070112350209
563112021890441216
563111966357852160
563111908279336961
563111809574797313
563111694835417089
563111655203414016
563109869197475842
563109815384559616
563109765346504704
563109725886492672
563109686887862272
563109633469186048
563109582378385408
563109535494455296
563109464610701313
563107103284670466
563106857196478464
563106767727759360
563106677814493184
563106629735182336
563106571807645696
563106497052561408
563098580626714625
563095960939945985
563095611655065600
563095226844479490
563094346388754432
563056705899339778
563056506376314880
563042748295806977
563015914820747265
562869310142824449
562830432400465920
562815417178415105
562815402183766016
562788342228844545
562786085827538944
562785335470747649
562785194709884929
562785104037425152
562785045958905857
562784934277177346
562784853364867072
562784737006477312
562784622116093952
562783479268913152
562783341490221057
562782060075831297
562781950927470594
562781821717708803
562776922166673409
562776790452953088
562776601747009536
562774526866771971
562774085323984897
562733058739019776
562680663959420929
562680500394160128
562422826020245504
562418956003471361
562415730126114818
562415290470764545
562404770657222656
562392087555874816
562366141386227712
562360530640187392
561947126243287041
561629587029766144
561587352158879744
561338928868102144
561324706087702529
561278217537851392
561253002410209280
561046096974462976
561029064161759232
561028609193041922
560948025015939073
560930012682264576
560929576529186816
560878067158368256
560864835760840705
560591769260138496
560591732404805632
560580756435505152
560520265377914880
560520189846904832
560517426199425024
560287618773286912
560287228245843969
560287149749436418
560287065771089921
560286624857464832
560285478386421761
560285241240457217
560161409875845121
560138671685652480
560120570117750784
559912264606560256
559911969126219776
559911899131686912
559877235046227968
559860987457585152
559857193994813445
559840564930039808
559830840717217792
559811727055810560
559798803553718272
559798777372880896
559798583969341440
559612819243421696
559526933306683392
559526825164955648
559416699967897601
559083539761623040
558783903603769345
558761340450263040
558712702642573312
558712071164919810
558711665873940480
558711565050867712
558686287821959168
558366776535166976
558326929338531840
558079551776256001
558020116600741888
557982851572854784
557942815137619971
557768711353139200
557717990276612096
557674344684728323
557607130790760448
557323465066160128
557252547870588928
556922875991433217
556901017431068672
556875452066070528
556576615493148673
556217949141626880
556134600515145728
555879980916166659
555852892662267905
555828420395814912
555795810823049216
555565093681786880
555565068125884416
555529887306358784
555455757211021313
555455665414492160
555455625912528896
555437844957646848
555058743684395008
554784785332068352
554784649533067265
554784523192246273
554784232586100736
554346519797956608
554296570514919424
554296375551074306
554296041067933697
553982539920977920
553656653749297152
553626428613214209
553620349221228545
553606612615573504
553430240530165760
553430161232642048
553429948883415041
553429594326306816
553355287315636224
553255636339683328
553244633971453952
553244563402268672
553244462541856770
553244215983865856
553243588759257088
553243444018028545
553243262136238080
553242982170628096
553242861169164289
553242392027860992
553242296464838656
553242080210743297
553242007397609472
553241684964696065
553241489061343232
553241352750645250
553241150371287040
553240953503248384
553240762599485441
553240182602743808
553022152652636160
553021263804133376
552974468209848320
552943111840595968
552887486108540928
552845069850402819
552695290650587136
552694438414143488
552694185627615233
552694023308079104
552671909414830081
552670673588350976
552670506474676224
552669899743457280
552669573124612096
552665699735179264
552665470159970304
552665344502796289
552664969179721730
552663963930865664
552663583968878592
552662777290973185
552649053981253633
552648934426824704
552647498607513601
552647176468185090
552645697753739264
552644833219575810
552644728282292224
552644580256915456
552644450233491457
552644298915606528
552643846786383873
552643661201035266
552643457924091906
552643333982412801
552641964521160704
552640901575475202
552640796369768448
552632315705180161
552632024083603456
552631800099385345
552608849912295425
552600922858455041
552571791013449728
552563628692357121
552168821591527424
551802563859714049
551083178635440128
550353155859283969
550041684222832641
549980153137213441
549962889591652352
549661589331132416
549648070435037184
549646311486541826
549637444761448448
549626268954927104
548906900201287681
548178346786689024
548027424068222976
547469013149036544
546809544685670400
546727367658725377
546717296480497664
546096301926932480
546075599173734400
546003072829247488
545717346610860032
545641340940206081
545623928463314944
545605971410550786
545358550013186051
545352326962102272
545338863581806592
545322148810612736
545320685984169984
545317674398392320
545312684439113728
545294824291586048
545291947263266817
545285208400871430
545282414524657666
544998787748331520
544998702335541248
544941997581426688
544872475578732544
544718701727977474
544718378481356800
544615997223624704
544588765012836352
544578776361746432
544548889215266816
543849694418313217
543475719657910272
543108309260070912
543077782331207681
542889791151284225
542889266833920000
542840361995870208
542757659854659585
542732430801502208
542712201887236097
542694627568914432
542507002451075076
542449133374541824
542044441930788864
542017144934764544
541055740736065536
540971408990294016
540743681536299008
540428822894485504
540250745690652673
540247623513288704
540202017407258625
539892045481906177
539868850624663553
539497255435128833
539480428923457536
539114637174657024
538020129368334336
537675068185513984
537388037068427264
536965420993884160
536932120417943552
536680009948073984
536574014613749760
536364759868641280
536364570831380480
536308979920424962
536276295395450880
536266624337076224
536228946228965376
535965232557223937
535947854984908800
535905511237885953
535887572279390208
535887398651953152
535874772911927296
535842922411732992
535611571670511616
535514026352996354
535513938327117825
535485671859699712
535294847872036865
535138253502832640
535105620349685760
534938613364977664
534936682621960192
534873905132216320
534873771040317441
534873672381894656
534834461884829696
534808203511361536
534793322120765441
534792260785676288
534778075142037504
534773897640415232
534771882109571073
534771817156603904
534768727875936256
534765796049031169
534764330739589120
534760466849861632
534542682161295360
534466282070884352
534464528914710529
534463469672611840
534407564662800384
534043659318992897
533676703139115008
533324523978760192
533018132407795712
533001992252043264
532966766536687617
532966232228495360
532959875782160385
532959649063264256
532959234053656577
532959013152235521
531238343606947842
531197599563276288
531197430868762624
530876291218931712
530041907749982208
511584209069424640
486602919006179329
480029328915185664
480029162061561859
480029105841115137
480028918619971584
480027507454783489
479406769387499520
479390028494536704
479147307594551296
477268761611739136
477235905023848448
477235767953985537
477153306742386689
477153127851110400
476598415011221505
476598324959535104
476598316382175233
476176840550137856
476004184513208320
475782553803042817
475419404323155969
475419374249975810
475181900840333312
475181644186263553
475181531325943808
475181504343994368
475181452720496640
474407494819643392
473487233744244736
473487103158784000
472420510173626368
472191649607467008
471768554128551936
471734988359340032
471734982399234048
471734972672651264
471730942235922433
471730370980106240
471722948404203520
471718697393201153
471718674936918016
471718434859126784
471715443351490561
471715251571163137
471714481496924160
471713597681598465
471710281887141888
471709913862127616
471709333794095104
471708648964907008
471708635962556416
471707947442388992
471707924663115777
471707800759185408
471704858740133889
471694126879358977
471693858628448257
471693836738387968
471693799098691584
471693744967020545
471505724712157184
