702913700961779712
691386463464783872
691386179153833984
691039636316123136
690677930259709953
690594920474611712
690232544084668416
689943605226528768
689868888759136256
689614254157107200
689583762342969344
689538184284213248
689519075110682624
689518993401446400
689512411414421505
689213989054631936
688802485738209282
688438041019432960
688434198940483584
688213909468086273
688213650612436992
688213619222265857
688161732246638592
688161647324626944
688161517741584385
688161311667036161
688132243303219200
688130027934728193
688118912769081344
688118247883845632
688114232009699328
687798998778789888
687798975739465728
687798846001295360
687796577436450816
687790295275012096
687756422176616448
687756394225778688
687756209978343428
687749017078337536
687748394274574336
687748027079999489
687720426034745344
687419340925218816
687409220040421376
687408597748334592
687354157389381632
687344630061334528
687344535903408128
687340039668252672
687340012749197312
687339984815132672
687339723275149312
687339609122967552
687339319816663040
687339202506129408
687339099183685633
687084940039589888
687084859647340544
687084808887926784
687078322224771072
687044131361718272
687044059345502209
687043762304909314
687012654276198400
687002124933181440
687002097494048769
687001830925062145
686990077629603840
686964571983187968
686684818277437440
686684680419053568
686673263494217728
686673227469344768
686667495885783040
686667448162992128
686657768179150848
686647399377338369
686642137585168384
686631592513503232
686604412995780608
686604388501094400
686603872094175233
686418331981590528
686396073472966657
686366902298345472
686352829393457152
686352707330781184
686352584479645696
686352542108762112
686352461582344193
686352308641255424
686352226801958912
686352169017028608
686352143272431616
686314284880543745
686314260331298816
686314224344109056
686314207726284800
686314104647061505
686304856051548160
686304630230265857
686289197439696897
686288915926401025
686287304927744000
686287281850744832
686268466978897920
686268361253101568
686268178427588609
686267699375116290
686267660326146048
686267582140186624
686267564528287745
686267376011063296
686246208415780864
686117137610477568
686117031603666945
686116865731514368
686116648214859776
686047192847523840
686046819302834179
686046584035934209
686041437847175169
686039995446996992
686022704357486592
686021341426810881
686021041588580352
686021004284461056
686020992573902848
686020788235845632
686020757135077376
686020487416168449
686020457233952768
686020418486927360
686020388107587584
686019963488870400
686019636811284480
686019549087444996
686012956589424640
686012686388203520
686012643031658499
686012051567726593
686011907032023040
686011870159835136
686011632686764034
686011579473608705
686011476633489408
686011404227235840
686011352557563904
686011190414159872
686010520239865856
686010479890665472
686010439717617665
686010317533384704
686010150017077248
686010109114191872
686010004105609216
686009970945425408
686009824685899776
686004702123655168
685969295528955904
685969037377941504
685967515898351618
685967406112505856
685967147885961216
685937790844981248
685937051967963136
685936421538934784
685936404149309444
685936207415513089
685935966142386176
685934976722796544
685934607036846081
685736744419905536
685736629227536385
685736281989496832
685731303098990592
685731278973304832
685731258656137218
685731220236312576
685708058404601860
685707974413651969
685705482145640448
685705419386302464
685705365422387201
685705317011701761
685705299869577216
685705273642627072
685705055580758017
685704956184100865
685698241417973760
685691573397393408
685691355322974209
685691312117420032
685690932776140800
685690900219990017
685690863431716865
685664150538731520
685648121494286336
685648098924736512
685648081941966848
685648030482087937
685648025629270016
685647974223880192
685647963348049920
685647770607210496
685607590101831680
685607108197257216
685607056741498881
685607008527978496
685606937119965184
685606720056340481
685606511192625152
685606345928642561
685606312638468096
685606286679867392
685606270401822720
685599983526019072
685577847600070656
685577825571581952
685577512567476224
685577413368004609
685573153213382656
685558065198936064
685556735763857408
685556722342080512
685556690175922177
685556624916754432
685556609087492097
685556452165959680
685556434570850304
685547740529438720
685547730878377984
685547461557882880
685547386253389824
685547315445141504
685547292993044480
685547130224652288
685547108070391808
685546998674526208
685546961231953920
685545857286983680
685529627456966656
685529594275864577
685529567776260096
685529550948708352
685529450411200512
685529417855025152
685529385479221249
685529295687569409
685529191081574401
685529153341276161
685520770223607809
685520712090570752
685520701361537024
685520658982256640
685515947365380096
685515927224369152
685515902138228736
685515829283164161
685513741350252544
685511323149418496
685509663798902785
685508025340149761
685508007472447488
685507828841250816
685507769751867392
685507708699590657
685489552014753792
685323836498165760
685309001324605440
685296449341394945
685279914828763136
685279885699358721
685279429858177024
685276193197707265
685276061186146304
685276044148867072
685276008048558080
685275807388839936
685264303021113344
685259925069537282
685254937425477632
685254795830009856
685254065618456577
685254051240386560
685253916653518848
685253793387163648
685253768007397376
685253730267037696
685253699447328769
685253680988164096
685253655734267904
685230788510498816
685230616346923008
685230257893330944
685223720470745089
685222829445386240
685222742828822528
685222693046587392
685222628093607936
685222514595774464
685221137064710144
685216369877516288
685216211014004736
685216171704987648
685216113622269952
685212384516939776
685212191339888640
685203566571589632
685191585974243328
685190906622787584
685190882962743296
685190504653262848
685190491076296704
685190352047751168
685190338026188800
685189977496399872
685189928901160960
685189608263421952
685189537350324224
685189469230645248
685170609047912449
684952255410253824
684938226419666945
684933658650644480
684889929499938816
684866890678718464
684863156238200832
684814671782649856
684814631592919040
684814582771245059
684811246063890432
684810476174372864
684810372717645824
684810322943848448
684810259651780610
684810222737698816
684783735867355136
684783684432576513
684783483856748549
684783246056538113
684783208215539714
684783142968934400
684783115726893056
684783055182139392
684783035456294912
684782848767848449
684636057166467073
684602853168525312
684588290092077056
684588062832132096
684565594042060800
684565457341304832
684565376584122369
684565311429849088
684565291855028224
684522134626942977
684508265883947008
684507838874402816
684506292669399041
684506232116260864
684506200340172800
684506096065617921
684506042886012928
684487079573602304
684472170840330240
684472133506838529
684472027814596608
684472016552894464
684469072835158016
684463982392913920
684461410307330049
684459173988311040
684458808739905536
684458790012366849
684457828396863488
684457729985871872
684457659047653376
684457610175631361
684436623468052480
684399131301965824
684263835872575488
684178375645122560
684178351137763328
684178327767130113
684178290202902528
684178266303762437
684151378667683840
684148935808569344
684136863427239936
684122800219529216
684122774843949056
684122752811315200
684112131243913216
684111740259287040
684098600259878912
684096538906202112
684095746086309889
684094591914520576
684091683835793408
684083178080829440
683875384832712709
683834586338603008
683832491824803841
683824724208558080
683383627732938752
683332355000434688
683309434450280448
683049721926029312
683007265180262400
682623150069174272
682260000874479617
682179585954443264
681911981800984576
681535376784113664
681274921993912320
681192990438731776
681192649689292801
681191709355732992
681191618762911744
681191556628525056
681166400572932096
680829255819857920
680829122680061953
680828898477772800
680828760959090688
680828189233561600
680828128822996993
680828091896360961
680828032454668288
680821122200383488
680812714315284480
680435641889361921
680144891607957509
680144884062404608
680091893905014784
680085045776748544
680082802637848576
680082316840980480
680082270422614016
680081962783014912
679781363470340096
679394593297723392
679394486129000448
679394378096361472
679389290594508801
679381071297953796
679124225203044353
679111796960182273
679111652730527744
679087884209684480
679087600662130688
679060536944893952
679060059930927104
679044337578065920
679044111450550272
679043794164035584
679043780591226881
679043729366192128
679043710403801088
679043668712415233
679041834874728449
679039401163378688
679039248843034624
679033210655907840
678741737695670272
678680991804882945
678374445874937858
678016331174821888
677944824696213504
677905407986167808
677633207299407872
677626644404772866
677625998909841408
677625675185061889
677625661499011077
677625609640681474
677625594738294784
677625522516574210
677625221512372224
677322200462974976
677322187380920320
677298628717752321
677196098667065344
677182780631941120
677182724398964736
676578751648391168
676201597030928384
675831650912079874
675774781669658624
675447299384860672
675398748084633600
675398685610545152
675398392554516481
675388663522455552
675374544777973760
675073861206044673
675031460844347392
675031055276056577
675030003898302464
674735731613405184
674722249924980736
674648611196551168
674443068423077888
674313633552207872
673934842938023936
673407277806710784
673192672945823747
672956236124413953
672903069718347776
672902824108298241
671848542483312640
671848522652647425
671421876749627392
669614114277351424
669613946463199233
669613745258237953
669613558230044673
669267355411701760
669267131314237440
669267003673214976
668849675185754114
668849525453275136
667813269084594176
667479800718581761
667468623447896064
667463155363135488
667462847287300096
667462694593687552
666319779225989120
664876201253564416
664875679956119552
664601637181218816
664601010426372096
664157162290085889
662387898348535808
662363472257134592
662363329592070144
662363131792875520
662363018089492480
662333722075619328
661612262419886081
660541057461972992
660320123115323392
660211090832293888
654352055541170176
654035162036985857
654034671840264192
654007180853534720
651122257796816896
650034479877107712
650011453206867968
650011368813277184
650011048355823616
650010976851394560
650010665751478272
650010427338813440
650010269939183616
649629924521709568
649331849324572672
649269312268558336
648996719254835200
648995835141689344
648945607357431808
648945419330781184
648945346740023296
