714119795101270017
711220700762210304
710858376792645632
708699082139811841
708336705338798084
707302392245542913
707255415394816000
706887156959219713
705817933373550592
705119289267752960
704722781326467073
704359283379408896
703263295034232833
703030665059536896
702898998676291584
702659081639583744
702644081399214080
702618472614789120
702544195467288576
702214740785831936
702206470939496448
702183649664442369
702173092093644802
701886758930219009
701879501035331584
701816919209279488
701119142183751681
700806145242312704
700769240735875074
700724403164688384
700472652956209153
700370751036100608
700132367588069378
700068282250895360
700062614701764608
700010732839014401
700007965370109953
699699816922685440
699652070509453312
699324991347634176
698914626445123584
698576128726867968
698276523254620160
698189852857257985
697869094352089088
697827468397432832
697177193261064196
697105890323771392
696814717348810752
696814688609419265
696467835011203073
696383177007337474
695687600108081152
695653139849027584
695465094352769024
694566922608705538
694237232845058050
693136888962482179
692112241118720000
692037381273178112
691666897641668608
690626187824013312
690591642689126400
689523665755439104
688125901519761408
686992402452590592
686616451201957891
684867681787351041
684787876266119169
684548441075105792
684494075513409537
684077024189624320
683708082979864576
683698705015296001
683342276848795648
682985101563576320
682734237682761728
682236289567952896
681925633170014208
681567138289553408
681527098096365571
681164959284211712
681164939721977856
681164921434836992
681161559075205120
681161534840508417
681158484981776384
680821810573643777
680421074148831232
680072085230628865
679717029700440066
679423083061448704
679011902475882497
678773488749031424
678679723279384576
678358954418692096
678303640310837248
677624753990082560
677549059507281920
677266143560642560
677186224453378048
676911097610244096
676867220400541698
676466600204087296
676099587942158337
675450054388256769
675449802918727680
675427412201443329
675375930756337664
675351404643422208
675090890042535937
674951112085098496
674682492138426368
674682065007206400
674681637074919424
674680651702861824
674679880601047040
674646460563083264
674390917873143809
674304071021420544
673971827073511424
673917127556882432
673584329511989248
673547526503403520
673284864804696065
673281522821038080
673281135674167296
673279319435677696
673225570910470145
673192711881490433
673192574669074432
672914188725968896
672903012126363649
672896527115784192
672895952290615296
672848740558880768
672614870789976064
672476205174538240
672183968226144256
672173483317723136
672125078100836352
671856592313122816
671841355677622272
671803708863197184
671771906803134465
671767796309622784
671766611221581824
671753206234537984
671509364025331712
671440558074822657
671397607583956993
671394280800444416
671358888206143493
671165755476467717
671165563595427842
671165451200630784
671165344963170306
671165234883616768
671165004196921344
671164833136377856
671164807349862400
671074885188194304
671055800534622209
671042062007988224
670995900597190656
670730435962544128
670697556079280128
670664014548963328
670651876015149056
670392717738840065
670392659224104960
670392473429012481
670392421608370176
670392390419517440
670392050177609728
670362255867834368
670359012366376960
670356879885795328
670356647244468225
670287452850880512
670013259727015938
670012519172325377
670009844946989057
670009399805526016
670008397819871232
669927259763900416
669750354083381248
669743926387994624
669743546379825153
669716690360381440
669676162587619332
669649311345479680
669645067221528577
669641901608341504
669636941449596928
669631306511192064
669624447758831617
669623231242989568
669600758388641793
669545147491708928
669396620543459328
669345187739602944
669344968327208960
669344203604893696
669343702842802178
669343078533226496
669341538586075136
669338829493440513
669338309227712512
669337794066538496
669313679687467011
669304157942099969
669288294119686144
669287522682343424
669281087802073088
669272616310411264
669256371158708225
669233307876331520
669215315633422336
669188922082095105
668929484293144576
668914026265468928
668913592431849472
668913547028525056
668911552880181248
668887064302104576
668868609523904512
668842974562926592
668580046378954752
668519821470924800
668474148482519041
668170791247196160
668146092488265728
668145776531341313
668144904602652673
668144693364920320
668112520419241984
668096355508748288
667945568375697409
667930478188490753
667900296635355138
667898732784979968
667890802056667136
667875337242439680
667871872931901440
667870288772620288
667870105649328128
667862220412293121
667862161209716737
667853278382678016
667809440704270336
667788776966643712
667786295238750208
667764330415263744
667522407691763712
667479240854515713
667478387540099072
667478246594777089
667478118974648320
667477929794777089
667472202787192833
667463016779153408
667387623023837184
667135583773323264
667115464976261120
667072046640340996
666886974104473601
666878303999909888
666864549023215616
666863293588336640
666863255340511232
666863237535690752
666760449782734851
666742889951576064
666690358592450560
666676864568700928
666659133542629376
666451835910275072
666433484068646913
666433066857050112
666432850812604417
666416695079235584
666329389458571264
665697327848419329
665679857129496576
665650823238553600
665650765311021057
665596136435003394
665587420486758400
665562598859931648
665306466266419201
665270438063304704
665262767960662016
665254105607094273
665225833724809216
665002590527074305
664970907241181184
664929570450071552
664894858813829120
664871596641951747
664649076424634368
664613773500481537
664573260101754885
664513662682398720
664495901835046912
664495883426246656
663794171124150273
662878191250358272
662874961061658624
662115610285895680
662042316379590657
661959757268303872
661959312835743745
661598301024751616
661233080552697857
660829170168033280
660656950682632193
660513064035315712
660462457027104768
660260850796752896
660214313550938112
660213959006355456
660168468910632960
659940099497443328
659931059392393217
659465847879127040
659038103277932544
658743697350115328
658356405800341504
657222833261572096
656940352725618688
656182985813700608
655170729252622336
655063077403029504
654858862747627520
654778883103813632
654693156861050880
654333891562610688
653673538453245952
653660181528600576
653440363433033728
653435977847869440
652874091058204672
652781686388690944
652781465487343616
652778580749893632
652281374045421569
652272240457744384
651451455191150592
651381970350444546
651377482461933568
651019079759753216
649998402688819200
647569227705110528
647556795783778305
644593517524709376
636358417318150144
633790682121945088
633670092635574272
633639547268558849
632361177968873472
632361054517915648
632360979339186178
632353628897050624
632347761862647808
632347704442646528
632313271475814400
631948407389597696
626821773451890688
626525709180088320
625017640050778112
623918375811440641
623615709612937216
623614878847102977
623568640298909700
623536248662011904
623522928403988480
