913855318928404480
897809070203088896
897808912413450240
818150007035531264
818148456862720000
816391213351862273
816382537522036736
810933984624607234
801398128184356864
800877190124621824
795977266924814336
795977105142153216
791011408070737925
789180436802961408
789143733866491904
789139736879304705
789139516955168768
788721612715659264
785176468880064512
783635766824009728
783310935620476930
780431534557917184
779769927645458432
779745199220195328
768772807698382848
768532420740210688
765910780659298305
765506541931954176
765179192661114880
764550258701508608
764547581716393984
764021124002779136
763119397242298369
761329105333784576
761328960823291904
760246588791029761
760246526111350785
760141910694584320
759849170773553152
759849155250434052
759532746301734912
759531813161361408
759530488516280321
759517218069700609
758342887444807680
757680142894391296
757679679121813505
757327300006440962
757327289252212737
757010708060106752
756826816292261888
756825135928242176
733192849118908416
727544108374482945
718726295744573440
715488518655451140
713137579290394624
711873059968389120
700728883973382144
699928190538661888
697883544291561472
689124943351668738
688451890900811782
686955853392515072
681809281256157184
679999830370959361
677097334132617216
668185586864431104
668085125352185856
666231277893386240
664857996275634180
662471077323522049
662470993986891776
659444380223180800
659178664924282881
651004554662805504
651004405815377920
646321171722539008
646321064914612224
640844552807522304
633981714663088128
631847282548285440
629359453150793728
621038320118853632
621038119723343872
621038081391632384
618925498740133888
618859358630375424
618859308210626560
618859221807951872
616263636949012480
616016119757975552
615880489497399296
615880397990297600
615880322350231552
615880147913297923
604367450155696128
604367409001140224
604367375467728896
604367263525965824
604367247461765120
593208972469006338
593208950247534592
591292453216464896
589795131244568576
538301239940096000
536155337938972673
525673806497853440
521692360800223232
521691795257061376
521403637323808769
521403576686747649
516680046632005632
509008165397364736
509007524562235392
505746481476014081
505746472076607488
505331904443604992
499480183062425600
497439913663795200
497370844407296000
494608996868038656
494608596538519552
494608507011084288
494608471464349696
494608423460552704
494608359656783872
494608305051148288
494608284813647873
494608251858997248
494608224637943809
494608186696298496
494608136733741057
491596792317091842
491596747899404288
491596673974796288
490757874432610304
490672712583749632
490672398505885696
490321459915808768
490203842345467905
490200661766979585
489976657412096000
489508480248975360
489508409755324416
489449146055942144
489112585762267138
488889300822810624
488829714845687809
488829605378543617
488493801087180801
488150511326330880
488123588466470912
488122710208577537
487752540474597377
487751958644944896
487369165322608641
487369117834674177
487059778452336641
487059766632779777
487059732935761921
487059722898792449
487059713390305280
487059607362469888
487059598457991168
487059590350393344
487059582049861632
487059574844055552
487059513892421632
487059493071884289
487059403045343233
487059389367734274
487059381243379713
487059360523509761
487059345386242048
487059336708251648
487059330966257664
