839929604114538496
660233207967690752
659780495409029120
659070957210865664
658700753482092544
657238453063553024
656874217162588161
656523539277680640
656150973908254720
656150849261928449
656150070455173120
655073643567775744
654774152289628161
653959507366711296
653613670233079808
652528367678320640
652165393583202304
651633499695247360
651621416748478464
651615387369385985
651547059707772928
651526574924148736
651517105318133760
651480572099821569
651471852389335040
651453403734781952
651282490104004608
651116994968686593
651073318724866048
650035695671619584
649635719669936128
649635340383186945
649635304328945664
649301820796375040
648889109226754048
648532189693370368
647461856039186432
647077426749571072
646743508661964800
646367914442928128
646005674548199424
645294289489018880
644932490751311872
644572280937287680
643813534296506369
643458030554615808
642729426279501824
642446977339228160
642445028380401664
642013035561750528
639188074035986433
626828305463783424
626517495726239744
624659916700155904
624328893202194432
623924311716442113
623919892824223744
623566573937291264
623203814410207232
623170337182773248
622454426926718977
622454059228917760
622127729421459456
622122083145940994
622095257321115648
621883018572075008
621879001670356992
621877633698111489
621847645972250624
621457147029815296
621419423266639872
621024249583677440
620769048410910720
620722776274567168
620722425718812672
620643891969159169
620640496642334720
620405331957563392
620369501687836672
620293281667284992
620047037262897153
620046795201228800
620046744643108864
619984085759455232
619983982759931904
619936643227717632
619892776763850753
619714603711340544
619691511748411392
619674943396163585
619672929228455937
619639975571771392
619634889965617152
619627121795854336
619627053856489472
619622675045064704
619622556606300161
619610767726395393
619610367950483457
619609968954765314
619605047857520641
619599557010132992
619544264129642496
619524272541843456
619520733232922624
619387876451618816
619339392461709312
619336700993634304
619331886792474625
619305543967076352
619255843024990209
619247092674904064
619213898978361348
619199177210359810
619030038273355780
619022169645842432
619016960601272320
618980518068137984
618961886365749248
618918789556609024
618888054623698944
618828543234048000
618821565816246272
618796234132729856
618695457535954944
618669720649117696
618669655989710848
618659888860794880
618657339592183808
618654858657173504
618649903451865090
618649382083170304
618649049990737920
618649035826532352
618647090386743296
618644618171711488
618639594100101120
618632981872144384
618627044167909376
618623419999846401
618619179428671488
618616311204020224
618615823008071681
618615747292467200
618614144669995009
618610019362181120
618608022600839169
618607773434183680
618604896271642624
618602116655874048
618599092143398913
618598191794143232
618597879771365376
618590356985221120
618543740156776448
618465522695286784
618442044311146496
618441914505785345
618223565704335360
618214545564155904
618204219204599808
618177865519992832
618121353766371328
618075647274020864
617842142153736192
617775771894067200
617105834154295296
617047292089077760
617000851119415296
616772787194195972
616752476964782080
616745905975267328
616714830666334210
616674015026003968
616670700926038016
616369929722404864
616354989594710016
616323101874372608
616297336923291648
616293450963509248
616003303621562368
615694059512942593
615261334318362624
615247547695652864
615220394262290432
615214019687813120
615202069297807360
614966462730498048
614966141866250240
614234727126560768
613832939021959168
613760687974711296
613480325600124928
613453340840738816
613046758986231808
612336542959448064
612149721981849600
612135604424278018
612057506794242049
612037943138623488
611671178063802368
611610576448552961
611579600892620800
611339116932931584
610616201819992066
610578541680422913
610578396066762753
610224269541269504
609457218036101120
609012525523460096
608724702585085952
608018628223467521
606924117850374145
606920387868393472
604065999772631040
603369997000450049
603360748929216514
603238771249782785
601836737711575040
601478063814266880
601477532261683200
601450401381027840
601450372465500165
601419289829056512
599378051751813120
598258101867958272
596805045749874688
594291000358653953
593818756188491776
591687959490924544
590609354023444481
589215548518596609
589080284475351040
589080019756044289
589079900549681153
589079142953521152
588793521202593793
588793321100742656
588739607123992576
588739592137768962
588705286946295809
