834919119317168128
827517283727704067
827319267926216704
771004327137869824
770288616648089600
769210629710282752
768847790353031168
768494414347972608
768467492847124481
768126706360066048
767753108822822912
766669618714931200
766314928928092161
765944938471325697
765578424060637184
765216356383985668
764129405748797440
763902707195412481
763765558798057472
763042133200801792
762685047774257152
761611967744344065
761264893710467072
760879568932761602
760507315422425088
760216124197859328
759055692690960384
758343014171439105
756530673595387904
756165471314075649
755075646779428864
754037061020225536
752964897512820736
752586443093110785
750712700804661248
748531709067534337
748176559090053120
746360923166646272
745994976731987968
743831023977304064
742673273704435714
740921573943709696
740242037845417985
738802611843964928
728253426962960385
727891858425253888
727532397667999744
727173091764346881
726811851942707200
726444595341565954
726078746852216833
725713137387880448
725444583656706048
725436231878774785
725346663792054272
725124190509092864
725083265397342209
725036234024751104
724997561422102528
724991455161409537
724674918537900032
724636832173010945
724626179995631616
724492925707517952
724483596224843776
724478564301565952
724477610248433664
724472042964193281
724467395037810688
724465864666271744
724434327975649280
724428317906997248
724426429308391424
724414835421667329
724409387872219136
724407980892934144
724401646902464513
724400360324927488
724398958211031040
724391781572321280
724391502567231488
724386970789548037
724376023077285888
724373839572926464
724372583198543872
724371243579793408
724369619473965056
724364547641872384
724364426195804160
724364068803334145
724363125336612864
724362596279705601
724362366977077249
724362190875070467
724359877410222080
724357234340204544
724356900997849088
724356616263344128
724355954800644096
724355881861705728
724354466254716930
724353559756595201
724348544077811712
724347023097384962
724343571839508481
724342770731622401
724342124041265154
724341743341199360
724340820933906432
724340784988721152
724339898581307392
724339767945519105
724339259159650304
724338403299319808
724335735201894400
724333894984564736
724332871389859840
724332241610936320
724332132542218242
724331631666827264
724330962113335297
724328765656956928
724328650493972480
724328650099691520
724328336550318080
724327617046794240
724327189097766912
724325846001950720
724324500301447168
724324499903012864
724323379944120320
724323326269657089
724321256837771264
724319816434077696
724319754119335937
724319207840583681
724318104306622464
724317867919826945
724316921458364416
724316897743761410
724316284054167553
724316284045824001
724314476552450049
724314452581998592
724314041666007040
724312443057373184
724311713051373568
724310993757593601
724310364347752449
724309919445315584
724309326907633665
724309272251621376
724309091477151744
724309091087077377
724309053149564928
724308997306601472
724308488139067392
724307455514038272
724306321525211136
724305732791750656
724305285465038848
724304894727847936
724304413880262656
724304252584099840
724303544682082305
724303077512114176
724302705053724673
724302511968940032
724302366254616576
724302112218206209
724301148140638209
724301135855542272
724301111536930817
724301027004940288
724299174611550208
724299162800390145
724298476989734912
724298470719254528
724297409812029440
724297345278435328
724296834819198976
724296791022166017
724296760479211520
724292984313769984
724291196089036800
724290474735869956
724289790137376768
724289437161541632
724289275638874112
724288538104061953
724284460930232321
724284117714497536
724283912340393984
724282916692324352
724282379783655424
724281820490031104
724280983768305665
724278452707184640
724278251623878656
724277765176840192
724276471263436800
724275802188062722
724275546792697856
724271000876015616
724269492860125184
724269383577534464
724269226614124544
724269106224979968
724268713344552960
724268191254384640
724267818951168001
724267579678687232
724267026496163841
724265300879806465
724264212889915392
724262027531669504
724261781418311681
724261781414125568
724258572373123072
724257231634468864
724255495981125632
724254162641281025
724253031039008769
724252362764767233
724252250269315073
724251788098953216
724251545328455681
724251042896994308
724249222858428418
724249172333875201
724248774688690176
724248123179077632
724245102340661249
724244113046949888
724243865448763393
724242414043467776
724241047446949888
724239930608652288
724239626118930432
724239504366686209
724238638901403650
724238523956523008
724237733816750080
724236873615331328
724235012128698369
724231616478871552
724231442570465281
724231116790501376
724230702993051648
724230072383623168
724229998907793408
724227887092535297
724227863201779712
724227784613076992
724227519692460032
724226472882266116
724226066986971136
724224209488994304
724223467764084736
724222736084537344
724221830307835907
724221170627665921
724219505489006594
724217850378887168
724217426674503680
724216979331141633
724215920957124608
724214228802883584
724213907120738304
724210900261986304
724210414536413186
724210384576475139
724206671598243841
724206641965469698
724206185654550528
724206083540054020
724205676994555904
724205556878053376
724203390192902148
724201790372085762
724201366583812098
724201197557555200
724201188434931712
724198575773618177
724197733096022016
724197489205596160
724196907279519746
724195489466318848
724188037610004480
724185639298600960
724185379683729409
724180317066522624
724172761128558592
724168444409577473
724165730283876352
724165292352380928
724165057693638656
724163811956027392
724159422998552576
724158097288126464
724157693926080512
724154488714498048
724151511714926592
724151395960557569
724150638062399488
724150259333521408
724149997210472448
724147427121438720
724147390110822401
724144210073378816
724138755431354369
724137477431156736
724136470026420224
724132428525146113
724132190590619648
724124940258017280
724119747474776064
724119028445274112
724115631579123713
724110195144560640
724110113129160704
724109771003944961
724108517200695296
724106165466992640
724099280726683649
724098627149262848
724092706486505472
724091393505796096
724090777152835584
724087184760791041
724085820571848704
724080878620532738
724080104150695936
724079624662077440
724075769949888512
724070527409647617
724067638876360704
724063636549816320
724062053191704578
724059649847136258
724057516003315712
724047800460152832
724046030107381760
724045994535489536
724045221273567233
724044513694507008
724044484166602754
724041556496289792
724041112587931648
724040605676896256
724039930461097985
724036118614708224
724034760020922368
724032580010397696
724026653647601664
724024605011124224
724024423368380416
724024090990772224
724023766771064834
724023668347523072
724023668339142656
724023007874678784
724022480180908032
724022336089804802
724022099820433408
724018202775166976
724016361387618304
724014829971734529
724014318426058752
724013673597923328
724012654029729794
724012308305829889
724011703889874944
724009199093469184
724006277567770624
724003557205123072
724002301908643840
723999607118659585
723997643395850240
723996608933720064
723995637016989696
723995276365590528
723995025147752449
723993193444872193
723991883941212160
723987010864566272
723983953632186368
723983880747769856
723981390140698628
723981026763001856
723981020945518592
723980089130553345
723978115072987136
723977470743994368
723976573011906560
723975509948813312
723975049439367168
723973396829085696
723973275835981824
723972683088551937
723972437637885952
723971726464274432
723971654259351553
723970224563736576
723969892228075521
723968622192775168
723967889175248896
723966481617158144
723963838610051073
723961197658132481
723961103546388480
723959380098469890
723958829642223618
723958615908872192
723953622032093184
723952233881030656
723951540071845888
723950848506621957
723950627806535680
723950574153007104
723949961843380224
723949470744875008
723949470354825218
723949091588182016
723948959727652864
723948476623515648
723947621782429696
723946342561644544
723945779170168833
723945182282977289
723942387559460864
723942312695336960
723941266002595840
723940852637175808
723939817994608641
723939346156408832
723938606520233984
723937239114227712
723937119673044997
723935508162707458
723934645570535424
723933470553034752
723933260414230529
723933150485737473
723931709339652096
723930796604551168
723930259456856064
723930053558431744
723929686842056704
723929379672190976
723929212373991424
723928265195327488
723928209197125633
723927686146482177
723927153067225088
723926663243784192
723926604615847937
723926258325708800
723924919432536064
723924823060045824
723924157046497280
723924127313063941
723923488013058048
723923178133692418
723922720312856576
723922628298174465
723922537793482752
723922385913581568
723922014793129990
723921881170989056
723921547786768384
723921158832168961
723920278196092932
723920121236844545
723919437305237505
723919294644391936
723919209449672705
723918563610759169
723918137071013888
723918096554041344
723917538258644992
723917235098542080
723917086758559744
723916893506031618
723916535970959360
723915844602847233
723915026453528578
723914384074903554
723914165883047938
723913543490248704
723913185099583489
723913136567283712
723912684538744834
723912237094555648
723910377411481601
723910203851169792
723909914469376000
723909138061791236
723909096060018688
723908328661766147
723908123862265856
723907820106588162
723907567454281728
723907236028772353
723904007492800512
723903557754191873
723902184425840640
723902159834648577
723901740609732608
723901436333977601
723901261788008448
723898996733796353
723898645976780803
723897729441751040
723897337685266432
723896554394787844
723896395615207424
723896225859129344
723895999379333120
723894804036231168
723894785862295558
723894277680439296
723894057299152896
723894033253158917
723893828659212289
723892670309896193
723892568778379264
723891859689328641
723891476187348993
723890010533953536
723889762960957440
723889272386801664
723888737998901249
723887309133742083
723887182474149888
723887156792463360
723886503579901952
723886344255086592
723886200423993344
723885211147067393
723884878857523200
723884765003157505
723884611189665792
723884368851140608
723881528841785346
723881122443059200
723880781051912195
723880514856177664
723880399823212544
723880015062925312
723879930619002880
723879486760968193
723879163677925376
723879152047116288
723878372015632384
723878107514445824
723878107510235138
723876147579092992
723875638872920064
723875188463427584
723874439096471552
723874102805565441
723873858852249600
723873318168711168
723873269271556100
723873154649612289
723873100199124993
723872886608388097
723870586984779776
723869589994512384
723868377563860992
723867453772550146
723867357685248000
723863137707954176
723861539552272384
723861314779504640
723860264479653888
723860184859185156
723860028755574784
723859557814951936
723857691542581249
723857024396599296
723854311671767040
723854253618401280
723853452422471680
723851757055414272
723851625354268673
723850780436889600
723850738049257473
723849154821152768
723848376282836996
723847949726314496
723847393658044416
723844295631863808
723844053880598528
723843866671996928
723843155439673344
723837920189116416
723837617574281216
723836490912927745
723836261815881728
723833194269696001
723832969605971969
723832081327869952
723830128942288897
723826760823889920
723824732362006529
723824648547258369
723817640897089536
723810715312615425
723810248901808128
723809880377708545
723809846408040448
723808174617153537
723805288453656576
723804497076604928
723802980739215360
723802628988100609
723801948395204608
723800506296979456
723795474600198144
723795369897787393
723794610246410240
723794477219909632
723793606037909505
723790120176881665
723788263564042240
723787904879718401
723783851219161089
723782209434349568
723781965506183168
723781942114553856
723780825402105859
723778834512801792
723778278062886912
723777313511329792
723776745631969281
723770477810880512
723769969050193920
723767158577070081
723763459913998337
723759610910240768
723759279153381376
723759116779294720
723757127508992006
723754870402998272
723754612218425345
723750876888723456
723749096691916801
723747427962871816
723747403703054336
723746252593061888
723745712710676480
723745036874059776
723744452016111617
723743428459134976
723741284158971904
723738178213957632
723737048876601345
723736088754282497
723735108037955584
723734495988326400
723734015442706432
723732163678490624
723732022913458176
723731930705854464
723731182907596800
723730802383552512
723730368583503873
723729957663318017
723729191628201984
723728921682800640
723728226430779392
723727972637663232
723727552376791041
723727004739072001
723725152832249856
723719414357446656
723719378206760960
723718744871034880
723716230335500289
723715609054212096
723715429504409600
723714521911562240
723710872388956160
723704178455904257
723703897479487490
723703867167268864
723703849282736128
723703045897375744
723702354139209728
723700558733840384
723700484318470144
723699380201517056
723699138248867840
723697856192749568
723696583154368513
723693007321485312
723692409540866048
723692014764597248
723690153160527872
723688635103465472
723687004752338944
723686879120379904
723686854831169536
723686147994472448
723686092625469444
723684530620502016
723684355080491010
723684144174100480
723684037231955969
723683989182009345
723681736450674688
723681081786916864
723680421926424577
723680278007308288
723679433505165312
723679122375876608
723678489388310528
723677506050514944
723672744961839104
723672703190835200
723671316205719554
723671193992060928
723670948797243392
723670646039834625
723669865693728768
723668543900766208
723668411192999936
723667908459515905
723667070794125312
723666674168143873
723666396350046209
723663843348484096
723663156359241728
723662557253275648
723658586866356224
723658562786844672
723657204658655232
723656510211944452
723656038436757505
723655952159805440
723655712916668416
723655090381312000
723654142984515584
723653486148091904
723653449498271744
723652309159272450
723649542646714368
723648066624966656
723647857840914432
723646937048604672
723645911667109888
723645322178625536
723644759483383809
723643532926275584
723642336257798144
723642191965380608
723641336004501509
723640284119072773
723639630038335490
723639582617559040
723638897113092097
723638897104711680
723638239647522816
723637358751440896
723635571260710913
723635469032910848
723635081969963008
723632418083602432
723632112021200897
723629454744907776
723626939303366656
723626423437512705
723625237783412737
723624702342627329
723624542019543040
723622369550434306
723622308930162688
723619346589712384
723618439164616705
723617776192114689
723616786063577090
723614009237200896
723613673361534976
723613085282377728
723612435572105216
723612252180348928
723609916531826690
723608488547512321
723608335988056064
723607437584945152
723607209343479809
723605855417958400
723605768893698048
723605707761688576
723601941826146304
723601773110259712
723598900913807361
723598471186374656
723597587635281920
723596127442862080
723595675707961344
723592906011865089
723592650830442497
723592055197294592
723591985597042689
723591794634547200
723591782269743105
723590823988871168
723590638621446145
723590297645543424
723589502074130436
723589200923107329
723588851348828161
723588286837563392
723588066338697217
723587804509282304
723587176546488320
723586741890768896
723586263207518209
723586110069166081
723584931880816640
723584463054065664
723584270787219456
723583563807879168
723583016753225731
723580432109867008
723579299077312512
723579102142160896
723578762705530880
723578643037839360
723578563866157056
723578175515586561
723577735075876865
723577163341942784
723573756149428224
723572887576186880
723572584281821184
723572294426054656
723572275451072513
723572143485669377
723572012556275712
723570632932225024
723569956936241153
723569237327933440
723568705083310081
723568460534415360
723567812950683649
723567553662996481
723567502316306433
723567464575983616
723566091771891712
723564778942160896
723564495533019136
723564375991177218
723563423372451841
723561711622447109
723561630483648512
723560240831062017
723559596397199361
723557992424071169
723557851608715264
723557361281957888
723556996994076673
723555742175776769
723554245757177857
723554226815664128
723553179271462912
723552438158938112
723551997983490048
723551306745413632
723551218790858752
723550831258128385
723550381729452032
723550064283508738
723548090444046340
723547845521862656
723547782544400384
723547726302978048
723546854638518272
723546592448380928
723546428841164800
723546338814652417
723546201191129088
723546021477806080
723545848001351680
723545542815424513
723545082356355072
723544868383911936
723543226813050880
723542631607721987
723542562984869888
723542543388925952
723541627680133121
723541508347944960
723541294631391232
723540928737071106
723540745802534912
723540583826870272
723540352074829824
723539930626953216
723539700137381888
723538365996367872
723538222056243202
723537322390646784
723536766397984768
723536432271233025
723535395942592512
723535249674637312
723535082179297280
723534455537721344
723534214235230212
723533926417866752
723533857962659840
723533386627719169
723532850494996480
723532754235863040
723531161365032960
723530222365069313
723530197018906625
723530018366717952
723528559684284417
723528164396269568
723528063967879169
723527875891068928
723527594751070209
723526821954785290
723526471558426625
723526137951875072
723525372243922945
723524903731781633
723524159188267008
723524109351550976
723522425908928512
723521964208312320
723521713028239361
723520942073253888
723518798540640257
723517146874007552
723516692928696321
723515630792511488
723514919363039233
723514900258021379
723514843236442113
723514608724496384
723514316649963520
723513968698880000
723513824540651524
723513717862723584
723513705032355840
723513580218249216
723513126096785408
723511782518616064
723511769474322432
723509572174942210
723508462798278656
723508165610868736
723506507405381632
723506451306569728
723505895938789377
723505237806313472
723504408139460609
723503884837081088
723503626191147009
723503181242585088
723501291524091905
723500989177716736
723500860832010242
723500367581868032
723500248081924101
723500203710406658
723500159691182081
723497951406903296
723497876505038848
723497266992939008
723497139939106816
723496883532914689
723496058299392000
723495598813368320
723494951812616192
723494114956734464
723493766967889920
723493717693206529
723493648373977089
723493263324246017
723492894108082177
723492787107168256
723492687848951808
723492258561937408
723492152953606148
723491763269173248
723491600710537216
723491214301913088
723490700608688128
723490303458430979
723490105533431808
723490038583939073
723489998721290240
723489787877847040
723489627370221570
723489575834771456
723487797462474753
723487415306866688
723486916629270529
723484880768630784
723482458151223297
723482301686931456
723482077602045952
723479665541701632
723477606071304192
723477403226374144
723477284905054208
723477039676710912
723475466045136896
723472892407631872
723472797981245440
723471478662946816
723471022393942017
723470272624369664
723470171726192640
723470005363306496
723469401987551232
723468802411888641
723468504188346368
723467906323865600
723467567105347584
723467548247760896
723467035619909632
723466873476501504
723466735056080898
723466638482264064
723465467730386944
723464562188521473
723463647515701249
723463604347899905
723461615379578880
723459335771152384
723458712245927936
723458420293038081
723454555069935616
723453190650236933
723452558006603776
723451647511285760
723451130726883328
723449419576676352
723448770390708228
723447544857038848
723447419552194560
723445972567617536
723445753058725890
723444011181056000
723442211564589056
723441475493621761
723438698126143488
723438481188384768
723438481171570688
723436656955510784
723435497444405249
723434846253535233
723434136879259648
723431173188280323
723430131977482240
723427948426993665
723425971739615232
723423377851994112
723423220632674304
723422781866549248
723419880775503873
723419848894599170
723419464893526018
723417314352209925
723413508457553920
723406222720823296
723403788577439744
723402539408871424
723402116874686465
723402058276065280
723398818289459200
723395577665351680
723390182167212033
723389624471580673
723387338986905600
723386361479225348
723380866412498944
723380642784772096
723380321299750912
723379647669395457
723379275940798465
723378635814502400
723378280032661504
723377657505681410
723377040636813312
723376984345059330
723376740534362114
723376603049291776
723376277097320449
723375342782566400
723375285740032000
723373486954045440
723372414793474048
723372039256440832
723370508251598852
723369835233570816
723369766321164288
723369302619918338
723368990521724928
723368822955102208
723367248799260673
723366396613120001
723365744885424130
723365489322283010
723364990078451712
723364951230836738
723364214534868993
723364085090258949
723363405537517568
723362832922738689
723362415241371648
723361786343215104
723360760856875010
723360389681975297
723360358530879488
723360263051730945
723360057082040321
723359928954449922
723359916937764864
723359885056823297
723359351558152193
723358849063772160
723358641017868290
723358233411231744
723357412221050881
723355582976008197
723354920271773697
723353864611631105
723352958809726977
723352927939653633
723352271958904833
723352061664858113
723351437837656064
723351418749353984
723348948484653059
723348879266054144
723348442697715713
723348299533541376
723348211834834944
723347987238281216
723347881269170176
723347788755390465
723347033281564673
723346628350877696
723346326298062848
723345818086871041
723344931184480256
723344269805641728
723344173542334465
723343537614389249
723342651508985856
723342125501272065
723341202083319809
723340679988940801
723340564519784448
723340184297721856
723338885414055938
723338763074560000
723338159438745600
723338055814246401
723337967679332354
723337723264655361
723336578425221120
723336578425217024
723335680131096577
723335533955411969
723334915765374976
723334713700569088
723333524695076864
723333455572963329
723333442847416322
723332839140249600
723330648694366208
723330387263393793
723330184049389568
723330052134301696
723329547773480960
723329152951017472
723328832971788289
723328715430621184
723328116597235713
723327823058849792
723327573250306048
723326944842899457
723326664415973377
723326278045061120
723326265516646401
723324862622666753
723324126618755072
723323720668848128
723322460372750337
723322198379745280
723322025075318784
723321825845866500
723319935544348672
723319581905801216
723318854038888448
723318847382515712
723318295235956736
723318013340971008
723317598914371584
723317535785910273
723317397545881600
723317159884005377
723315385471098883
723314004593004544
723312124223594496
723311516590567424
723311447321640960
723311346217963520
723311309341614081
723311146015412224
723310105844809728
723309837249978368
723309761530220544
723307667448422400
723307610498199555
723306177883316224
723305425894920192
723304667250188289
723304153833828353
723299481710530560
723298903534108673
723298569977880576
723298463337717762
723298055445835776
723296769459646464
723296555730489345
723296301744459776
723296289060835328
723296289027330049
723295987645587460
723295949477449728
723295917542006784
723295905403654144
723295532286775296
723295317047668736
723294611003723776
723293936756748288
723292336453652484
723289835914465281
723289279628120064
723288235883925504
723287896212414465
723286200723730433
723285288382922754
723285213002887169
723284923264700417
723284472804700160
723283808577970178
723281842216919041
723278031960178688
723277831292096513
723277473870290945
723276844351381504
723276298286587905
723276261187981313
723276223653154816
723276173963186176
723276135535009792
723275384184139776
723274491422343170
723272737226006528
723271211757637632
723270971134607360
723270330308014080
723270026229227520
723269654806851586
723269604311597057
723269448107356161
723269109706723328
723269045164761089
723267776463269888
723267222634790912
723267197548683264
723264786100690944
723264628189351936
723264473985765376
723263826632679425
723263813332561920
723262090455056385
723261961211797505
723261898985086976
723261700963635200
723259343743799296
723258131921268736
723258125537562624
723257908150996992
723257411209822208
723257075619356672
723255804149682177
723255681449492480
723255605549404160
723255262744813569
723253439514316803
723252645423538177
723251034231992321
723250797341876228
723249348532785152
723248667893731329
723248405875552256
723248327710498817
723247808275353600
723247634358505473
723247142035316741
723246997495504898
723246471592579073
723245746179297280
723244125034680320
723244087860584449
723241774966255616
723240737685413889
723240440980365312
723238940753297408
723238112378245124
723237507056308224
723237333282131969
723237066016849921
723236935364284417
723235193935396865
723234668158423040
723234225344765956
723234132591943680
723232866977488900
723232358665576448
723232107258990592
723231921526824960
723231722213527552
723229820272795650
723229626214948864
723229600411619328
723229163474178048
723229100601528320
723229042514620416
723228417697554432
723227919233904640
723227318387273728
723226322869198849
723225678028541952
723225657199583233
723225583916711936
723225132915793922
723224740421193729
723224437131083776
723224189231083520
723223012699312128
723222194373849088
723221971027156993
723221896146214912
723221617745125376
723221318892552192
723221218124398592
723221193172488194
723220600039206912
723220500030189568
723220033455837184
723219780329570306
723219632551694336
723219632174170112
723219353508806657
723219213603594240
723219028538335232
723219008867065856
723218867930034177
723218285915852800
723218066448875520
723217425563447296
723217194906046464
723216962180943874
723216071579172864
723215670821842944
723215630128713728
723215420719656961
723213696583929856
723213584793096192
723212767268761600
723212530491912192
723211748086403076
723211367486906368
723211166541975552
723211073256480768
723210767915356161
723210743156330498
723210660792803328
723210497911218176
723210401123454976
723209666935689218
723209102965374977
723208816720928772
723207750390423552
723207348181864448
723207228644171776
723206819783413760
723206696395374598
723206472029491205
723206236305395713
723205969761554433
723205453212061696
723205386744922113
723204678469582848
723203661279596544
723203346740338689
723203071774363649
723202374861357056
723202161035726849
723201202284945409
723200989562466306
723200442419703808
723199268664672256
723199162645270528
723197960293470208
723197465344634882
723196549317042176
723196423588577281
723195953067380736
723195915029217280
723195296633606145
723195115443879936
723194597430562816
723194285546307590
723194266780987392
723194197952499712
723194066658193409
723193835510079492
723193490495008768
723193421733617665
723193311951900672
723193156280307712
723191562352517120
723190667627765762
723189140376813572
723186814018678786
723186196621316096
723185748430622720
723183955957014528
723183693263597568
723183655598706688
723183424534548481
723183405890818049
723182996350607360
723182853358411776
723182388822437888
723181797157171201
723181416498892800
723181235657297922
723181001594142720
723180835822657537
723180779589640192
723179240984702976
723179066258415617
723179016379752450
723178263783202817
723177797561143296
723177661451800577
723177475849654272
723177338028982272
723176711903318016
723176284826669056
723176021940273153
723175893011554305
723175729865756673
723175631756791808
723175538500608000
723174486044889088
723174242796212224
723173884246151168
723173606646112256
723173599914250241
723172926107721728
723172716388327424
723170716141527041
723170321692413952
723169983635705856
723169679032782848
723169128949768196
723169048352034816
723169005456871424
723167770783801345
723166603408334850
723166131263930368
723165801264504833
723165261956714497
723164420315082752
723164198679642112
723164085181804544
723162689288048641
723162170079338503
723162021651320833
723161456674394112
723160967866019841
723158988565549057
723158975961653248
723158425803223041
723157926576168960
723157384781131783
723156400902275073
723156262658015233
723155856217378817
723155434102657024
723152848800751617
723150509348016129
723149731526889472
723149180928028672
723143783701839876
723143534824423424
723143436732231680
723142496356724736
723142186150195200
723140839526916096
723139625431093248
723138495930208257
723137330924523520
723130150414503937
723129596971900929
723128701655752704
723128164906471425
723126441349509122
723124669281247233
723115342206132225
723114541236674562
723114342149836800
723113754104205313
723112871681363968
723111297521324032
723111290994987009
723107267550171136
723106539028897796
723105340397486080
723103107534614528
723102918061125632
723101103278039040
723089684428017665
723085257814102017
723081938647412736
723081154232877056
723079871119794176
723079846117568514
723075587586154496
723069957056000000
723069889158639616
723064359023312896
723056076459905024
723052733750603776
723052241389641728
723045394368733184
723044673929912320
723042171482316801
723038823706288128
723034037539889152
723030823734124544
723026416434958336
723021330463911936
723015700176986112
723015667247505409
723012675525988352
723005066597158913
723001063524044801
722997211718520832
722989423747436544
722988347900104706
722982964246642688
722959250100617217
722958850316361728
722956326192603136
722950677450878976
722947889975062528
722942499463954433
722924319341289473
722920041193181184
722918012206972928
722913989840084992
722911117035503620
722906957057630212
722891019730063360
722884011048046594
722881204882542592
722870810537365505
722862845092757505
722860989838790657
722847623263064065
722842107140911104
722838136363950081
722836916404523008
722836799232446465
722836321421537280
722815777758269440
722815495607427072
722813456148070401
722813355518349314
722813273289007105
722810775912316929
722810608253440005
722808353525616640
722807572453920768
722806959448023040
722806063339147265
722801282776338433
722793950436728832
722792372757602304
722792167794544640
722789844460568576
722788568049917952
722788264030023680
722787339399901186
722784808070291457
722773383331520515
722773152095297537
722767691874852864
722766971213721600
722766958647578624
722764460172005376
722761190267465728
722760675391512577
722759949990776832
722756671118790656
722756646108180481
722753655250690048
722752144902782976
722749820364922880
722747931263049730
722746064604794880
722746045831073794
722745838749876225
722744401571631104
722744081214877696
722743618063077377
722743247685033984
722743085453606912
722741561511940097
722741517534662656
722741236382040065
722741174553804801
722741118639558661
722740546804944896
722740402994872320
722740265702662144
722740079194542080
722739930116390913
722739749836853248
722738804147138560
722738505386823680
722738230559248384
722736512987635712
722736432545013760
722736153976119296
722735572360429568
722735300015816704
722734954036080640
722734752365588480
722734352698712065
722734083147599873
722733769136865280
722732266535800832
722732260030427138
722731180227887105
722730682191982596
722730530794397696
722729422709596160
722729124649787392
722728954323296256
722727886394789888
722727753561157632
722726094822977537
722724615315808260
722723295720648704
722722646266261504
722721789093273600
722719696848560129
722717869897883648
722717801975312385
722716941085974529
722715695734202369
722714333499781120
722714197012975617
722713819303292928
722709681081294849
722708125665665025
722706981946044416
722705373392695296
722703099224330240
722700988491132928
722699984731316226
722693950839078912
722693720399855617
722693486458322944
722693241494245376
722692216733507584
722687705734320128
722682897950515200
722681442619273216
722678273218605056
722678028430667776
722675241449861120
722674276495659008
722673557302587393
722664898979880960
722664665155768320
722663686582755328
722660134921572352
722658060775374848
722651011723210752
722649523366060032
722647912690360321
722644827486228480
722644254712074240
722643395701837825
722642797908619264
722642673518125060
722639661999513600
722635628853256192
722634845432782849
722630303978663936
722627746577272832
722627435930329088
722625791419256838
722620072754163713
722618360031088642
722618265592147969
722616784566652928
722616465203994625
722616351475441664
722615434374021121
722615289242738689
722612543370342400
722612090511331328
722610324554121216
722605805543895041
722604721156927489
722604419620012032
722603547636801536
722601883727044610
722600801110069248
722597696389849089
722597171355226112
722594175892324353
722593798274945024
722593268349861889
722591144865959936
722589137954410497
722587949745897472
722587748394119168
722587356352487426
722583394576510976
722582385103994880
722580206154702848
722579133830553601
722578780942766080
722573817000828932
722573065360515072
722572009310257152
722570658924736513
722570601353711617
722567729555726336
722567729547350016
722566874353893377
722565741606621185
722564771870957568
722564175021494272
722563575059853312
722563350979170304
722562828503109632
722562449048645632
722560763202678785
722559479280107520
722559472611102721
722559083505561600
722558881000325121
722558119646072832
722557977165635584
722557334468202496
722556229940162560
722555919574310912
722555820454518784
722555546654478336
722554291248975872
722554201411158017
722554000386600961
722553909257117697
722552691017129986
722551280313307136
722550343779782656
722548663927640064
722547934290583553
722544926030843905
722544782912782336
722544688121556992
722540322996166656
722540278666502145
722539907848114176
722539431324848128
722538718192504832
722538110215524353
722535755302633472
722534939812450305
722534634429423616
722533557097267201
722533141408120832
722531132739166208
722529748631465984
722527218723721216
722527192760979460
722524225706156032
722523322542456832
722522817808347136
722522586194640896
722522299421708288
722520559704154112
722520460542418944
722519937676234753
722519506069794816
722518561244053504
722518364812259329
722518112533225472
722516713477054464
722516675434655745
722516430537625600
722516075804364800
722515615945129987
722515491076485120
722515434260434944
722515315347722240
722515153820917760
722514643135016960
722514063922573314
722513440191881216
722513427952840704
722512809142067201
722512412423757824
722512108013813761
722511352871268352
722511143948804096
722511033923821568
722509831404294144
722509739138023424
722509340742029312
722508345614032896
722507497370615809
722505819699286016
722505196685774848
722503085755478017
722502542660231169
722502341782417408
722502234756354048
722502028115574784
722499704227901440
722499509650006016
722499378473140224
722498963828441092
722498664153747456
722496771356659712
722496490510229505
722496070387785728
722495510704095232
722495427497431040
722495219275464704
722495144302288896
722493929686302720
722493309499736065
722493049989758976
722492741234458624
722491456129093633
722490450507005952
722490125372948481
722490118984962049
722490006250463232
722485380985917440
722484987547762688
722484377070927873
722484376676618240
722484214017339392
722483860752044032
722483674785054722
722481892528762880
722480929705316352
722480620614524928
722477298054615040
722477180303728640
722476932781060096
722476827067813888
722476802665353216
722476734180753409
722476406869897216
722476003369443328
722475616184848385
722475279109623808
722474765353521152
722474628589817858
722474454773698560
722474236808302592
722474009418289153
722472129623695360
722472049604579329
722471514704990208
722470907466285056
722469645521817600
722469645517590528
722469639159025664
722469639133892608
722469626236375040
722469527313715200
722468979466371072
722467786929233920
722466747014451201
722465654553468928
722463556227047424
722462279569055744
722462266059202561
722460004024889345
722457885364461568
722457595861016576
722455367100203008
722454715577937920
722454057021931520
722453970879315969
722453441365159936
722453286616309760
722452477728006144
722450971436003329
722450690094727169
722450225265152000
722449021915103232
722448358170714112
722444035135111170
722443904939732992
722443577800794112
722443571459006464
722442917873324033
722442298093473792
722441967892717568
722441242819203072
722441242819170305
722441156659810305
722440331187200000
722440318742728704
722439287367557123
722436826410037249
722436517667299329
722436375077728256
722435907018629121
722434759469637633
722434441595858944
722433424275845120
722433360472113161
722432970208911360
722431547475779584
722431263076782080
722430795139289088
722429630804668416
722427450869678081
722426731169079296
722426214862860289
722425998042509313
722425602624528384
722425405102104576
722424945188347904
722424272711385091
722422978508525568
722422373308194816
722421700604788736
722421262119636992
722420523905331200
722420374579732481
722419255015116800
722418926236213248
722417575817117696
722416444521066496
722416334055682049
722416254431010817
722412978818056192
722412849335697408
722411976425484288
722410934220685312
722410307142823937
722409426787770369
722407987701125121
722407428805951489
722407384614735872
722407260874387456
722406997480484864
722406649600675845
722405824824356864
722405438352809984
722404529388412930
722404110968815616
722403160619286528
722401255646072832
722401230555783169
722398434326523905
722398264792723457
722397961771024384
722397421762781184
722396720919805952
722396567273996288
722396057498300417
722393574340308993
722391112669728770
722391016423104512
722389727597318144
722389665928450048
722389589474676737
722387679669669889
722386867178446849
722386853895114753
722386237177274368
722384377250840576
722383589438935040
722382368351203329
722382312466305024
722379934472085504
722379934090432512
722379710798245888
722378791310401536
722378489152712704
722378272412016640
722377367356727296
722374700223979520
722373447167291393
722371405967261696
722371171010805760
722371147719790592
722368395019063296
722367829006102528
722367493549862912
722367407717625856
722364044452040704
722361746166382592
722361635227115520
722360111432216577
722354918552506368
722353337643851777
722352519439978496
722352395552882688
722351468339027968
722351209588199424
722342226198540289
722338306457886721
722335693414871040
722335390934257664
722334424335912961
722333819081064448
722332752725434368
722330492914180096
722328993957961729
722326925360779264
722326082251153408
722324895321853952
722324544032083969
722323632597311490
722323525583810561
722323347980165120
722322872958455810
722317802191724544
722316323598913537
722310355318235136
722308723985620992
722308524932399104
722307562612219906
722307531339464705
722305022822756352
722302146775875585
722300819865874432
722297222637838336
722296132487892992
722295296818974721
722294936490520576
722294572252934145
722294100620288000
722293833711489024
722291845695279104
722291157523243008
722290948298772480
722290923887943681
722289932140589056
722289901530513413
722289635234164736
722288629872103425
722287731888381953
722287400139894784
722286857631825920
722286618309033984
722282467852324864
722282040456970240
722281935796445185
722281884739178498
722281075569860608
722280493677301760
722279659212185601
722278460081606658
722277946770128896
722277236561195008
722277186976108544
722274482635735040
722265851026546689
722259005398122497
722258467629563908
722255956537552896
722250802882949120
722245201926889472
722238315831775233
722238009379131393
722234680368451592
722231014391582720
722228537910960129
722228234180521984
722226767109292032
722226019319418880
722225919520169984
722225906995990528
722225459832836096
722224453896110081
722223461528023041
722222807396974593
722220973781491713
722219560158375937
722217911801151493
722216658568282112
722215592367816705
722215368454877184
722215337312129024
722214707705151488
722212770066800640
722212608737026048
722212032859115521
722210630501949440
722209720010866688
722209367022436352
722208883821797376
722208332430192641
722208006201446401
722207179898368001
722207154342486016
722206967737896960
722206781519167488
722206266580275200
722206183780528128
722205616429608960
722205369624240128
722202232716808193
722200553585975296
722194993419395074
722193078203723776
722192684639649794
722191730674536448
722186521504124928
722184227815489537
722181224056270848
722180554804711424
722179519872835588
722178924814307328
722178796229505024
722174598985289728
722171849283489792
722171429014282242
722171017368510464
722170351602442240
722169459318726657
722169441174224896
722166040327630848
722165000924626944
722163169385287680
722159000398106624
722157808037199872
722156993838854145
722156415490531328
722156010572369920
722155856209383424
722154937312907264
722154931029807104
722154906409263104
722153553851129859
722151916872990720
722150550691655680
722150296961454080
722150111795486720
722149228135329792
722148224606150657
722143541514731522
722142153355300864
722140318838095873
722139825231409156
722139683308703745
722139061842882560
722139061758992386
722136397440634880
722135877476962304
722133046044921856
722130397711040513
722129138388062208
722128706756485121
722128395958484992
722127956185886720
722127822181928960
722125847126081536
722124497919184898
722120972644450304
722120057380155392
722119297879793664
722117362678272000
722115425148899329
722114751073882113
722114430612348928
722114418260070400
722113588865818624
722112578000801792
722111561641377792
722111295529422848
722110456077295617
722110099053936642
722109591459213312
722109522941071365
722108920609673217
722108551519309825
722108381167616000
722107780920836096
722107584497332224
722107505510252544
722106488072708096
722106218169257984
722105730623406080
722105027595079681
722103102392774658
722103034382196737
722102977712926720
722102658610307072
722102250093412352
722101544062025728
722101336850829312
722101197453144065
722101025667035140
722100805352837120
722099258736783360
722098081408241664
722097668701483008
722097549121748993
722097266991849472
722097088088002561
722096750601707520
722096491330871296
722096490944995329
722095978220638210
722095638771466240
722095358659076096
722095177691635714
722095032115679233
722095025736126464
722094816591413248
722094340625924098
722094150200352769
722094026044780544
722093585550614529
722093457536212992
722093407795937280
722093128987979777
722093072675246081
722092998582861824
722092530230165504
722092524064497664
722092299077812226
722092044198371328
722091610524102656
722090974302773248
722090844371562497
722090623839260672
722089644280516608
722089217883377665
722089113231298560
722088885522534400
722088817184735232
722088661219540992
722087923407917056
722087564425826304
722087223009513472
722087111462027265
722087086984028160
722087067992260608
722086764165206016
722086690626506753
722086684435714050
722086592190349313
722086530223710209
722086511940796416
722086230930759680
722086159900233729
722085850503196672
722085129066131457
722085030105722880
722084986891800576
722084883510591488
722084360694796288
722083651081490432
722083461704495105
722083449683599361
722083191482228736
722083078894522368
722083053573517312
722082990445101056
722082915648036864
722082745967456256
722082544548577280
722082512504131584
722081906716639234
722081364510543874
722081327814541312
722081303051395073
722081019969441792
722080798933778432
722080260427153408
722080003316264961
722079751297306627
722079750903074816
722079616165289984
722079492991156226
722079436628070400
722079429418045441
722079388603260929
722079009312346112
722078981130825729
722078919210323972
722078826595885056
722078170891968513
722078121889914881
722078090608771073
722077730255151105
722077323743358976
722076793201537025
722076768312512513
722076486853726208
722076438761869312
722076118459637760
722075915723808768
722075849218887680
722075603956961280
722075472410968064
722075138582192128
722075058114416640
722075040041279489
722074990191861760
722074976149307392
722074132397957120
722074026160422912
722073589856382976
722073528422391808
722073208061440000
722072875893522432
722072653712850944
722072374292578304
722070881355345920
722070804788158464
722070365774548993
722070264033349632
722069935036346369
722069706929102848
722067983418327040
722067925373333507
722067654630965248
722067440159436800
722067395171385345
722067325810135041
722067193005903872
722066847986651137
722066585414819840
722066183613100032
722066063127515136
722065764316946432
722065540949278720
722065379661447170
722065044674994176
722064905629663232
722064792194646016
722064627132030976
722064581644853248
722064542943948807
722064408403312646
722064300630630401
722064237124714497
722064218350944256
722064103544463361
722062749660872706
722062351139086336
722062344650498048
722062098478411776
722061481961848833
722061129405431814
722060903756091392
722060839629381632
722060782532333568
722059542998097920
722059260763316225
722059027975241733
722059002788483072
722058424351989761
722058423924187137
722058228733861888
722058103311589376
722057914987352064
722057516599758848
722057185618845697
722056355184402432
722055912442040320
722055863884587009
722055863863644161
722055686406819841
722055448363307009
722055447977406465
722055349084098560
722055253001015296
722055085765701632
722054812011864066
722054693011136512
722054607510179841
722054253787742209
722053963659350016
722053893698428929
722053605541289984
722053336019566593
722052823400058882
722052362882297856
722052157403373569
722052031322546177
722051930176905217
722051792536608768
722051779819495424
722051685686730752
722051685275668480
722051144978006016
722051107141234688
722051043974975488
722051026614755328
722050993257451520
722050898407493632
722050744786903044
722050644006342656
722050625031122944
722050528553750528
722050440783736832
722050244083515393
722050168388866050
722050137355190272
722049408645210114
722049044034420736
722048965831569409
722048705541484544
722048290263465985
722048126907867136
722047030864908289
722046580782551040
722046404948983809
722046278436147200
722045597537030144
722045191356424192
722044369251872769
722044344337731584
722043829541429248
722043185183088640
722042573846552580
722041261025140736
722040661780762625
722040345844850688
722040273425928193
722040168710942720
722040030986829829
722038857101758464
722037738652827648
722036474770685952
722036433347698688
722035910380916737
722035747176361985
722035721536540673
722035382871674880
722035275845607424
722034935666638848
722034860433387520
722034823028584448
722034816527372288
722034766422237184
722034766380269568
722034740853735424
722034627477540864
722034621035061249
722034526617079808
722034463769825281
722034211780108288
722033903662342149
722033740860424193
722033428326010880
722032539385204736
722032146601213952
722031983577014273
722031356847390720
722031173195542528
722030903476682753
722030828302110721
722030241707728896
722029835225157634
722029594644054020
722029387021836289
722029022863953920
722028595577622528
722028563281551360
722028463201202176
722028412320112640
722028300017672193
722027768762884096
722027693600952321
722027499756998656
722026802202300416
722026758380228608
722025458313768960
722025278336151552
722025239643688961
722024617620078592
722024544135815169
722024394017476608
722024193072586752
722022549907906560
722022440826580992
722022046918529024
722021762767003648
722021724343001089
722021045998264322
722020268206522368
722019965583302656
722019839007543297
722019826273689602
722019466356215808
722019309074034688
722019202735808512
722018931649544192
722018867816456192
722018762627547140
722018756591902721
722017471541039104
722016895562461185
722016805665910784
722016774179262464
722016768076570624
722016642046173184
722016502002503680
722016280073469952
722016211194621953
722015578383261696
722015297134137344
722014753686560768
722014365155663875
722014193168162816
722013469587845120
722013027654979584
722012826592645120
722012687316623360
722012206427037697
722011904558764033
722011867024134144
722011774879281152
722011440064770051
722011294077857792
722011001063743488
722010787678593024
722010743919353856
722010536062267392
722010460233400320
722010276715847680
722010140820447233
722009860355674112
722009048292327424
722008840250601472
722006692909559808
722006335169036289
722006103714766848
722005503233032192
722005415051964420
722005055595884544
722002813660729346
722002260088135680
722001276385435648
722000047643107328
721998473243983873
721997940084969472
721995602456776704
721994418136297472
721994408611028992
721991362858475520
721991218251452416
721991042086490112
721990821856149504
721990088746344448
721989607907196928
721987797884612608
721987510419652609
721986750713737216
721986544576233476
721986430885441536
721986318285156353
721986180795924480
721985371983060992
721983715824369664
721983329419964416
721983328811769856
721983088348168192
721981167860224000
721981146737680385
721980897281515521
721980868114272257
721980668704493568
721980509312524288
721980410138198016
721980147574792192
721980147557998592
721979538830282753
721979164891328513
721979055269019648
721978548181839872
721977291648016384
721976543044472832
721976171114532866
721975925437403136
721975905476698113
721975577989611520
721975571324936193
721975256198414336
721974913637060608
721974404452749312
721973977938137088
721972974614499329
721972834545721345
721972140082200577
721971579752620033
721971265548865536
721971219231158272
721971128529367040
721971001601318912
721969912785215489
721969739795304450
721969719914405888
721969165142138880
721969038805458944
721968650584850432
721967762151645184
721967156678799360
721967156066267136
721966766721622016
721966590967685120
721965046985691136
721965046599802880
721964858263011328
721964575340384256
721964469937569792
721963805677228032
721963658213916673
721963158072504320
721963123985424384
721962668945354753
721962452770885632
721962267974049793
721961865736159232
721961197642207232
721961026984357888
721960163503026176
721959494578638848
721958822684659712
721958474129625089
721958129492058112
721957811056287744
721957783663353856
721955982771757061
721953292633280512
721950473243066368
721949888729079808
721949232869998592
721948977973698561
721948637329162240
721948517296525314
721947288185114624
721947193783898112
721946744007688192
721946616182116357
721946269443166208
721946083266461696
721944640086093824
721943561566945280
721942593492295680
721942491969105920
721941646087233536
721940745213456384
721940576648634368
721940520419733508
721939987214667776
721938780391759872
721938690092601345
721938288362151936
721937662978818048
721937425501519872
721937310023946240
721936980544589824
721936875254980608
721936470638891008
721936086474166272
721936077552885761
721936001459822593
721935567869468673
721935442124275712
721935242404057088
721934506182086656
721934456668295171
721934436695019520
721934322383462402
721934253282340864
721934160764342272
721933371392155648
721933243281375233
721932042095624193
721931640025382912
721931526623997952
721931501269438466
721930931058049024
721930285068095488
721929463538188288
721928631614738433
721926964831911936
721926242425905152
721925781283147776
721923566329958400
721923554975952897
721923027659653120
721922534212370432
721922114891059205
721921936767385600
721921311962828800
721921055749582851
721920982127026178
721920557235642369
721920365543297025
721919840542306304
721919812683694082
721919720849444864
721919048322121729
721917834968739840
721917438497939456
721915179055714304
721914244531249152
721913657555230722
721913459751784449
721913117702094848
721912687702122497
721912317881876480
721911742037512192
721911390605152257
721910657327570944
721909958489473024
721906777093066754
721906138174717953
721905228488900608
721905189939060738
721904580154368001
721904043476422656
721903888517844992
721903875196719105
721903679406669824
721903346781528064
721902673604161537
721902582155706368
721900871127142404
721900456344072192
721900253868269570
721899644846940161
721899421806387200
721898894595006465
721898344402976769
721898105868656640
721897633254510592
721897379419402240
721896929152479232
721896796209831937
721896753235013634
721896714785808385
721895882862407680
721895826172223490
721895807075528704
721895499280744448
721895223081570307
721894953413005314
721894654212317184
721894211440627712
721893748360122368
721893596115243008
721892857276080128
721892352697114624
721892308124172290
721892117438566400
721891075422429185
721890748249952256
721890193754599424
721889956247941120
721889749154160640
721889239856644096
721889173263650817
721888877766582273
721888097139445760
721887804855201792
721887691365699584
721887647388446721
721886971899940864
721886623097442304
721885933658722305
721885176700076032
721884992314322944
721884979899174917
721884813427212288
721884794137681920
721883759037952000
721883136204746752
721882729659256834
721882221255102464
721880521060392961
721880318383239169
721880248808132608
721879683285983232
721878793476935680
721878677332439040
721877587027369984
721877438892879872
721877323499180033
721877100945215488
721877012273590273
721876614502420481
721876467261448192
721876364584857600
721876085735059456
721875214355726336
721875011171065858
721874463692693504
721874404947263489
721872107236249600
721871822468157440
721869616562110465
721869300634484736
721869262734790657
721869052021374977
721868905094844416
721864860653330432
721864592930934784
721864357806649344
721864013718552576
721862294594936832
721861342991228928
721859590199988224
721858559307173888
721858423495778304
721858287277215745
721858124806684672
721858080783216640
721858054761742336
721857495979831296
721856731928637442
721856611925364736
721856164242137088
721855775614705664
721854786627239937
721854751025942528
721853669977632768
721853587819593728
721852679937339392
721852082744000512
721851793479630848
721851626315583489
721851543171936256
721850503550803968
721850071734550528
721849866180108288
721848760448393216
721848471649591296
721848169248608256
721847816075673600
721847293893156866
721847214440468480
721846991207043072
721844614244642816
721844045421551616
721843744241090560
721843583469228033
721843491702091776
721842266050940928
721841561210740736
721841387486859268
721841179835240448
721841053100150784
721840995176853505
721840942748073985
721840875676958721
721840836527296513
721840772203487232
721840537813188608
721840450487750656
721840181263736832
721838807180423168
721838393420701696
721838317252120576
721838159818981376
721837286036361216
721837165378818048
721837144440877056
721836380163182592
721836005251088385
721835707006713856
721835681333403649
721835034559193088
721834990284054529
721834831693291520
721834132163002368
721833919197216769
721833540267081729
721833395043434496
721833358754390016
721833331432620032
721833307831283712
721833194396319744
721833175773630464
721833028419330048
721832809673809921
721832079944626176
721831432373477380
721831193004486656
721830840578084865
721829197132357632
721828786984087553
721828599406301184
721828118885892096
721827774764167171
721827078664904705
721826649679921152
721824952211480576
721824236243779584
721823769921126400
721823669274550272
721823288607936512
721822331811704832
721821607254097920
721821337983930368
721821219104759811
721820960165273600
721820337776668676
721819053652779008
721818503469109249
721818348644728832
721818226062065664
721817951179919360
721817519766409216
721816893758132224
721816461379960832
721816221759315968
721815327802155008
721814887802884096
721814867728924673
721814510344876032
721814396582793218
721814387254648832
721814055288053761
721813756091637761
721813374346997760
721812692575518720
721811329208594432
721810850999308289
721809667630825474
721809142390755328
721808849934503936
721808056737083392
721807974910418944
721807652318121985
721807645955330049
721807267897565185
721806837905903616
721805812788785152
721805787538927616
721805387469496321
721805362341347328
721805085420859393
721804893753769984
721804636173131776
721804533651779584
721803802290950144
721803617531854849
721803374589390848
721802522726260736
721802433643417600
721801957346676736
721801956977541120
721801727347859456
721800494688014337
721800229108862976
721798915507367940
721798691053371392
721798195714523136
721798094384279552
721797928285638656
721797911319687168
721797878683860992
721797822081683456
721796815301906433
721796189952184320
721795893041606656
721795834254221312
721795757825589248
721795336394526720
721794970823168000
721793996998115328
721793395862016000
721792751927361536
721792700299608064
721792622923112448
721792289706680320
721792270723260416
721792181460029440
721792116939067392
721791038302490624
721790680587079681
721790286741970944
721789606392254464
721789370915692544
721789337398960129
721788973345976320
721788904408416257
721788840080375808
721788185693425664
721788011017441281
721786710665732096
721786526053445632
721786030198628353
721785635837575168
721785291376230400
721785129144745985
721784843051216896
721784701174677504
721784072268161024
721784071882297344
721783873525272576
721783532658368512
721782845300051968
721782800634896384
721782500385665024
721782455955394561
721782437571731456
721782007697543168
721781931512180737
721781348516519936
721781199195152384
721781147835846656
721781147340898304
721781121525030912
721780812908113921
721780337638944769
721779002763976704
721778583442599936
721778126276026369
721777486539796480
721777409532387329
721777000315117568
721776695460499456
721776527696736256
721775495960899584
721774824113053696
721773493625364480
721773316466323456
721772358969655296
721771935336517634
721771845310021633
721771763013591040
721771502689918977
721770997372719104
721770963528863744
721770559915237378
721769830865444864
721769771704844292
721769202093174784
721769172456198145
721768886450782208
721768822886117376
721768802841591808
721768485143994368
721767744882933761
721767699961937920
721767635520651265
721767629002657792
721767110284673024
721766482779058176
721765934348632064
721765872860180480
721764824074493952
721764424592166913
721764006864654337
721763746905915392
721763234508701696
721762799676891136
721762666692251654
721762471908761600
721762100771598336
721761795560452098
721760857978306560
721760725417394176
721760448907902976
721759707770134528
721759522612613120
721759520335089665
721759069292273664
721758607050612736
721758201117433856
721757573439827968
721757287853854720
721757193641394176
721757175589109761
721756541158694912
721756312996962304
721755737400037376
721755530000117760
721755193826672640
721754956802306048
721754688920530945
721754559840845825
721753730329120768
721753531481333764
721753281261776896
721753094942384128
721752758550798336
721752665927995392
721752546495193089
721752254500315136
721752185969577984
721752128704815105
721751962484510720
721751924400193536
721751570560327680
721751405787099136
721751343086481408
721751294642262016
721751083484188672
721750711218753536
721750281092923393
721750072656994304
721749866976653312
721749772369928192
721749740795211776
721749696499159040
721749465866973184
721749344517394432
721749106155126790
721749037171408896
721748898193145860
721748873278926848
721748726931304448
721748078370299906
721747735733403648
721747704355770369
721747622512295938
721747117216149505
721747085444317184
721747053299150848
721746771710312452
721746230271827968
721745971667820546
721745939988230144
721745698325024768
721745203418103808
721744439450816512
721744439064928256
721744253206958081
721743645427150849
721743613563043841
721742977782013952
721742696121937920
721742355523440640
721741897127997441
721741859039481856
721741813954904065
721741781629411328
721741770699046914
721740936208711681
721740868999258112
721740567034527744
721740534717394944
721740325719375874
721740273642901504
721740054926757891
721739664688713728
721739579095560196
721739515883196416
721739185640460288
721738716595662848
721738540934017025
721738442355265536
721738424021950464
721738280933335040
721737936966799360
721737284320493570
721736635650408448
721736115992965121
721736078328078336
721736059273412608
721736009088524290
721735940494888960
721735839470850048
721735322082488321
721735296560144384
721734853725593600
721734669541060608
721734638226386945
721734625542803456
721734543745490944
721734328577699840
721734277742882818
721734175951183872
721734163670282240
721734150932172800
721734049631330304
721733891321561088
721733728402165760
721733692092121092
721733408397758464
721733282337914880
721733184979775491
721733066205454337
721732964787232769
721732736029863936
721732412577681408
721732103050637312
721731706894438400
721731261211934720
721731072107515905
721730844730130432
721730768809013248
721730613305167873
721730505989758976
721730005672177665
721729987699679232
721729290925142016
721729109315887104
721728950917935104
721728722303225858
