801236302238797824
722470720274477056
721351248272875520
721072102053285888
720698980452044800
720345869162131458
720025470884978688
718818340089786368
718497684999438337
718139122800431104
718134594915020801
717841716405927936
717521679082098688
717521581279354880
717520855681474560
717059226070331392
717057277069361152
715680210956341249
715680147014160386
715563149773127680
715217086163759104
714934848473800704
714934683444727809
714932154115825664
714931957281349632
714609859941900289
714147096677322753
713432784656666624
713030217070211073
712854014862430210
712723871367954432
712360450839552000
712032925873782785
710617222561931265
710615631846965248
710215310800920576
709895127825719296
709550459975929856
709462915745652736
709171423298760704
708377393468022784
707984085759578112
706180068771569664
705934375087505408
705182897334956032
704822767091191808
704821992835297281
704160516143316993
704160394168791040
704110414670360578
704101230142861312
704100554167885825
704100505161601024
703630785178439680
703271250324561923
702960800789475329
702594620736155648
702227315611164672
701853111929810944
701828242089488384
701783465667092481
701107640600952832
700742059435495425
700328744226058241
699707306712248320
698250675046653952
697856599994421249
697851439905832961
697156660704313344
696494599078948864
695785958352924672
695785472090476545
695785384614100993
695782033977581568
695379514155622406
695328403990323201
694970926622855168
694589256153436160
694239098299506688
694237916986347521
694237870974857217
693859885591695360
693859548461940736
692209948881715202
692209855013191681
692209496077238274
692067761086857216
690659706658881536
690643307521662976
690240956981911553
689869013820682240
688959431904604160
688959304812990464
688959194876100608
688145495441543168
688065000993239040
688063467442421760
687798187516506112
687792144908685313
687701565864452096
687695999033278464
687636570493419521
687636016971157508
687634473203011584
687633382566576130
687631561122959360
687629626500202496
687331795176538112
686973250975318016
686680233408266240
686384453808046088
686371680369786880
686368734953406464
686368676472201216
686366567345463296
686366427406708736
686365210081267712
686352701064531968
686344379288559616
686323812086894592
686323771926429696
685925303059922944
685619102078009344
685596525108461568
685578883018559488
685564646313463808
685558928910843904
685558398620807168
685555307133583360
685553436373336064
685552646296485888
685552125305200640
685551793032409088
685503469193527296
685296733333536768
685292048744722437
685247597758447616
685197716117303296
684770554050560000
684495351470899200
684489674186870784
684411396092628992
684196043462815745
684133215515217920
684076664163143680
683735164116021248
683704773514768385
683704745559744513
683704231333900289
683036249804926976
683005114597031936
683004994732175360
683004866642317312
683004829854072833
683001624487329792
682833288994488320
682828715538006016
682828662966648832
682821139668664320
682797456636039170
682791344381673472
682781342698844160
682774397812211712
682772534639476736
682770159317078016
682746786918739968
682746498275098624
682743927611392000
682742956399316992
682740392349978624
682736105095970816
682736009935585281
682736001031077888
682729432457461761
682725913646116865
682723855522074624
682712091732520960
682710528343449601
682709621941772289
682708717515575297
682708618995580928
682706492114354176
682705356774969344
682702601629007872
682699668225015809
682699450284810240
682698665819914241
682697956961562624
682697806230863873
682697718234349569
682697399643451392
682696380196884481
682695483647635456
682695312121696257
682693734031478785
682693594453393408
682692469415251968
682690344194977792
682688554007330816
682688441314705408
682688414655774720
682688122128220160
682685987277766656
682685630300590080
682685548750766080
682685491838234624
682685074832113665
682684189200629760
682684040034439169
682683686005817344
682683383781011456
682681918937104384
682681626539606016
682680183128604672
682680161414717441
682679795621101568
682678971234828288
682678139462406144
682678078410076160
682676248917639169
682675606631260161
682674658315874304
682673816942714880
682673590412525568
682673397382291456
682670343182356480
682669821322903552
682668652932431872
682668552139063296
682668341635321856
682668212643704832
682668067504062465
682666293711880192
682665598057189376
682664881003216896
682664779966578688
682663093705392128
682662645934108672
682662360243281920
682661706632331268
682661458681827328
682661355422236677
682661133979877376
682660227804565504
682660161375178752
682659396711677952
682658504000159744
682657748425682944
682655642935529472
682655312415985665
682654409533296641
682654310946189314
682652544930283527
682652525372305408
682652491851415552
682651713971601413
682651359427063809
682651248395456512
682650899366416385
682650650262515712
682650445450444802
682649855458734080
682649028253888512
682648637684486144
682648488350498816
682648359786659841
682646955743404032
682646576741888001
682645877165408256
682645656981364736
682644513144311813
682643834417840128
682643575075659776
682643364156706816
682641405102145540
682641052289888256
682641032392081410
682640768947847173
682640621090254848
682640527309828097
682639680295317505
682638623481663488
682638153388261376
682638001097281539
682637834419834883
682636904827846657
682635860966256641
682635816733151232
682634746367721472
682634105801015297
682633935633924096
682633281741938689
682633085209415681
682632333527265282
682632180003123200
682632066345865217
682631968207552512
682631399803875329
682630192234364928
682628437207564288
682628380001452032
682624397065216001
682623687112179713
682622249740955648
682621080373202945
682620469116284930
682618094301364225
682617931247796224
682617495702876161
682612405025767424
682611990838276096
682611342377893888
682610905612423169
682610653530603520
682610268208234496
682610097466568705
682609732402675712
682608695696584704
682608608962572288
682608594982989825
682607435459223552
682607334804291584
682606332579581952
682605729208004608
682605054008901633
682604226325966848
682603483212722177
682600760199221251
682598307542216704
682597561337774080
682596847215636480
682596306670465025
682595514270007297
682595490148552704
682595425480753152
682594960722509824
682594932859781120
682594917378572290
682592784843411456
682591763148726273
682591619460239361
682591579060723712
682591551999098881
682591319907254273
682591028721889280
682590669865652224
682589534589202432
682589399331258368
682588945847332864
682588865035677696
682588734479536129
682588640426471424
682588581374857216
682586827522502660
682586801257713665
682586609380929536
682585568589574144
682585360707252226
682584716898336769
682584433124360192
682583619005726720
682583160383758336
682583082671697921
682582647021944832
682582393073577984
682581763756023808
682581731610890242
682580743986540544
682580689888370689
682580551203713029
682580340301512704
682580260739743744
682580077415133184
682579885966147585
682579687655235584
682578823108538368
682577710485471232
682575966716203008
682575443132854273
682575370709774336
682575158473822212
682574766750973952
682574585628364800
682573742627753986
682573514088513537
682572967679770624
682572909903245312
682572462828204032
682572248369238016
682572172544618496
682571986627883009
682571869829099520
682571451338244096
682571088547737600
682570930321752065
682570350996156417
682570239792549888
682569402215182336
682566309553520640
682566203055992832
682565644135624704
682565323023843328
682564996551847937
682564772764737536
682564286468780032
682564211063582720
682563591606779904
682563308306731008
682562178768068608
682562151882559489
682561607625478144
682561265395449856
682560834111959041
682560026708439044
682558605334282241
682557764510609409
682557131657232384
682557072685273088
682555872816533504
682555288461930496
682554614982537216
682552575011483648
682552381104599040
682552008088367106
682551814168952834
682551452653481985
682551338107023361
682550617420738560
682549540289953792
682549195451056128
682548913547702273
682548607724175360
682548047541317632
682547653318701056
682546873996066816
682546606890168320
682545758030135296
682545166973038592
682544526880276480
682544204392861697
682542829906857988
682542250442756096
682540191433756672
682537022221869056
682534542192848896
682533820634140672
682532022678589440
682530537408335872
682529228512952321
682527244468764672
682526563745804289
682526278772219904
682526118252032001
682526104301768705
682524910040821760
682523296143900672
682521585958424576
682521504228179968
682520206346981376
682520043587002369
682518111526993920
682516878720397313
682516175369142272
682515264114659328
682512549053640704
682511085522522112
682508325569847296
682508253348130817
682507498142707712
682507121112543232
682499508807286784
682498614099337216
682497807161389057
682496585415131136
682496559234314240
682495565976977408
682495231175077890
682494771835842560
682494628067700736
682494369274925056
682494251494707200
682493404496936960
682490813369217024
682487970897723392
682487869156491264
682487200844529664
682486169540669440
682483774261751808
682483721153425408
682483663804731393
682483494296092672
682482568999104512
682481973672173568
682479297630744576
682477590377021440
682476541801009152
682476423450390529
682475913196531712
682475656752578560
682475164588728320
682472352429518848
682471720947724288
682471686353108992
682471571408183297
682471429829431296
682471336753631232
682471328587362305
682471212996497408
682470795172540417
682470624330125312
682469341481287680
682469292152074240
682467706365440002
682466671496396800
682466516651130880
682466030619373569
682465754294411264
682465095969038336
682464968659329024
682461629443891200
682460907553845249
682460907172196352
682460803333767169
682458945752023045
682458938802089984
682458808325640197
682458578213548033
682458570554781696
682457734399311873
682455119460470788
682454418827132929
682452384027684866
682452261189062657
682452052832849921
682451729603031040
682451397447663616
682451330842144768
682450272422113282
682449737908404224
682449729972781056
682449309640556544
682448559241826304
682448170920620032
682446339343540224
682446189011300353
682445297419730945
682445097347215360
682444721386569728
682444502502617088
682443900036972544
682443142373715969
682442764341112832
682441969814089728
682440530526093312
682440442747699202
682440416722087936
682439886469775360
682439370746544128
682438694494670850
682438165232226306
682437561290223616
682436717203296256
682436666083119106
682436221734391809
682435772557955072
682435681382187008
682434857620914176
682434534286209025
682434216345350144
682434137882497025
682433877332353024
682433695538614274
682432978925039616
682432910121693185
682432197790400512
682432128479531008
682431728275853312
682430825825202177
682430741356109824
682430567925837824
682430527597576192
682430364246257664
682430224542396416
682430167910858752
682429995067813889
682429986796638208
682429947860922368
682429853166088193
682429540241661952
682429485858320385
682429440186531840
682429426672504834
682428659144220672
682428387860836352
682428102295859202
682427600761974789
682427420964728832
682425613102235649
682425380905578496
682424302503903232
682423945090469888
682423151444242432
682422962608275456
682422702762770432
682422659892801536
682421815365472256
682421075800682496
682420880572592130
682418691259133952
682418535059091456
682418312026927109
682417318832566272
682417209579335681
682417181464883201
682417108374974466
682417073818042368
682415941838323712
682415921173032960
682415844069097473
682414808042450944
682414756712546304
682414311516573696
682414288225611777
682413374391582721
682413212046897152
682412457353199616
682409952917504000
682408853976276992
682408619304992768
682407574730371072
682407427589992448
682407203849015297
682406849187020800
682406549894086658
682406496789987329
682405056646377473
682404468600758273
682403457744125952
682402741902270464
682402507100930050
682402348715642880
682401911077744640
682400865286766592
682399713782558720
682397970503987201
682397388531695616
682397155974377472
682397090828390400
682396934825455617
682396803577282562
682396582713671680
682396462119055360
682395110567460864
682394630265139201
682392965587820544
682392689279635458
682392367614279680
682391450542276608
682390881509466112
682388502219194368
682387771504357379
682385377148166144
682384876918714370
682384550308278272
682381845951057920
682381756918546432
682380125573361664
682378963491110916
682376893673385984
682375745583345668
682375226341093376
682374914435842048
682374452303282177
682374287341293571
682374022475198466
682373926140440585
682372962822041600
682371598763077635
682369045694382081
682368805297848322
682368721000726528
682368578377617408
682367998448013313
682367709590503424
682367396611534848
682367293259689984
682367271692533761
682367260246306820
682367029807022080
682366824227434496
682366730694463488
682365753421631488
682365671951437825
682365260087619584
682364821816356864
682364141433131008
682363762591035392
682363676339363840
682363039404978176
682362702556229636
682362595697909761
682361505073991680
682360944207466496
682360776787640320
682360308493631488
682360009402019840
682358268233150469
682357464805806080
682354331090305024
682353770332831744
682352807991705600
682352027113000960
682351988055605248
682351333572231168
682350341640335360
682350178997813250
682350156986101761
682349829352218624
682349254980046848
682348734399696896
682348308921122816
682347486556454912
682347302531366912
682347294717423616
682346915069952000
682346361732243456
682345174018568192
682343941404889088
682343872047886336
682342719570591745
682339395219800064
682338748047085568
682338608599019520
682338008616452099
682337875535368197
682337166257618947
682336941342248961
682336269259558912
682335800910991364
682335742358466561
682335056778543106
682334026078683137
682333918456987651
682331268722233344
682329557127397377
682329403964010496
682328972303011841
682328443858489348
682328045265358848
682327666599407616
682327011176546304
682326645735178241
682325982133366784
682324895934603265
682323882724978688
682323875636637697
682323577350258688
682323148444930049
682321459293872129
682319269254819840
682318697999020037
682318596635242496
682317623426695169
682317297499910144
682317041592889345
682313616129941505
682311975569874949
682311429475700738
682311305949229057
682311143269003264
682306372990533633
682306074964287488
682305808730845186
682305297503907841
682305117920575488
682302780585996288
682302080275623940
682299761106546689
682298991019737089
682298548738768897
682298288117280772
682298271994372096
682297886533619714
682296820379303937
682295714655768577
682295094284840960
682294824796434433
682294652540563456
682294047193497601
682293024424988672
682292084397617152
682291319260069888
682290830636261376
682289984301219841
682289944828624900
682289848493817856
682289521094856704
682288866414350337
682288042791448576
682287840596594688
682287449830105088
682285628050944000
682285099962904576
682284441096425472
682282789929025536
682282730621505536
682281243807842304
682280637923852288
682280129465348097
682279996300263424
682279809523712000
682279354244575232
682279229434662912
682278870079254529
682278005377376256
682277580053954561
682275401746403328
682274933938900992
682274600768569344
682273940186611712
682272836535189509
682272808244613121
682272519613595649
682272177345806338
682269977626324992
682269900874727424
682269765365182464
682269449215328257
682268058627391488
682266329689100288
682265469760323584
682265408670318592
682265317616164864
682264291135717377
682263141405704192
682261437620727808
682259913569996800
682259148369571840
682258716175908864
682258285550948352
682256852810248192
682256525738442754
682255043706273794
682254473545121793
682254077435088896
682252248215240704
682251162427379712
682250754095054848
682250402390122496
682250143706435584
682249921089556480
682249461947469828
682249259089973249
682248862975668224
682248670209773570
682246816931262464
682246258925289473
682245339408023552
682245069747793920
682244748560601088
682244038494294016
682242804785913856
682242760653410304
682241175865049088
682240346764357632
682239758756519936
682239435589599232
682239380413521921
682236271981248512
682236217438539776
682234920517763072
682234509182369792
682234341884207105
682233435465777152
682232750661746690
682232146547769348
682229914511118337
682228504201539584
682226987071479808
682226895585320961
682226755948523520
682226120914173952
682226112219332613
682225984393723904
682225514900131840
682225252194099201
682223802495840256
682223622434390016
682223606143692802
682223387679170560
682223079288778753
682222967607050240
682222803655852033
682222573539610624
682222494665736196
682221614591639552
682221558652211200
682220497472376833
682219991609946113
682219879840137216
682219067751546880
682218948893384710
682218719913721856
682218547594973186
682217729848299520
682217599610912769
682217544652951552
682217276758556672
682217154188427267
682216948659167232
682216851917541380
682216624775016448
682216616021495810
682216417765146624
682216316258750465
682216204019220480
682216006496854017
682215451737210880
682214530462560256
682213690628702209
682211485003563008
682211281047175169
682210654694944768
682210534184255488
682209886906654721
682209463038705664
682208732487364608
682208532997902336
682208133532368896
682207899909664769
682207649388077056
682206571431002112
682205853185785856
682205804754108416
682204686724665344
682204558517338114
682203937483587584
682202513529946113
682201689370185728
682201602606809088
682201156991365120
682200506903609344
682200477048553474
682199951649067009
682199688506814465
682198942679867392
682197960633892864
682197859760918528
682197315151474689
682196596453314560
682193175612502016
682191647442997249
682191633056579585
682191238599065600
682190405627064321
682186443603591168
682186244869079040
682185475440775168
682184983872585728
682184237768769537
682184108412239872
682183196176330753
682183139804876800
682182585317900289
682182307441033217
682180042516893696
682179541322735616
682179237168549888
682178847559688192
682178581200416768
682177144630317056
682176960877838336
682176439794307073
682176142346858496
682175878495748096
682175640594874369
682174922462920704
682174569784868865
682174397507964928
682174327903539201
682174318818627584
682173440539807744
682172691248357376
682172537694883840
682172382069428224
682172330852782080
682171732539518978
682169959804350464
682169877369495552
682168351234240512
682165593219272705
682164968872001536
682164421175595009
682164067075674114
682164058158567424
682163754411294720
682158279066177536
682157443644669952
682155982701465600
682153621836845056
682153337660149763
682152674419052544
682151138443960320
682149277657792513
682148154431520768
682147975699632129
682147911958843392
682145857634832384
682141741739184128
682141184433639424
682141032385912832
682140956544532481
682140849333911553
682139639566606336
682128459993231360
682127226007982080
682125107083382784
682125017535021056
682124371687653378
682123943214333952
682123521456144384
682123472051372032
682122708079886337
682121481350819840
682120871859732480
682119283011223552
682119241055666176
682118062955315201
682117610092105728
682117173897072641
682116642189381632
682116264769105920
682115310560780288
682111722551808001
682110555813842944
682110286979969024
682110195208601600
682109631280222213
682108636093497344
682107860176617473
682107810532818944
682107283090714624
682107237574131714
682107022846738432
682106362294218752
682104227657719808
682102345598017537
682101832546582529
682100955173683200
682099833235050497
682099704356704256
682099695750008833
682097142261878785
682096630351265793
682095917227327493
682095711282839552
682094808047878144
682091643718086656
682091303769800704
682091295305646081
682091228494561280
682091130549178368
682090623722061824
682090390938234881
682090328409546753
682088865109131264
682087881758785537
682087634957504512
682087485480947712
682087382716256256
682086926006931457
682086391832940550
682086251139170305
682086119245135873
682085988605140995
682084206793502721
682083958452916224
682083463034372096
682083184759025664
682082401900613632
682081470437916673
682081420668350464
682081276879175680
682080524714639360
682080371970682880
682079409596071936
682079307833851908
682079299055128579
682078953461256192
682078815565160448
682078316820430848
682078235442561024
682078123211411459
682077931229675520
682077770961137664
682077770038444032
682077114904887297
682076955168997376
682076747869769730
682076467765772288
682076371514855424
682076228707196929
682076088428662784
682076015586246657
682075649083703296
682074760109400065
682074610343387136
682073589558870016
682073580805357568
682072616958439424
682071804307869696
682071477055700992
682071296885170176
682071218925604867
682070938444152833
682070256517382144
682069875125170176
682069057080668160
682068699461730305
682068484440735747
682067885489954816
682066956405477376
682065745828655104
682064407518511105
682062201692131328
682061233613225985
682060476511989762
682059493677506561
682059120954888192
682058747489849344
682058291149578242
682058156092964864
682057691783507968
682057567036542976
682056543689248772
682055619457646592
682055589275435008
682055528852267008
682054325338677249
682053912635949056
682053587367665666
682053248685969409
682052688314417153
682052429718802432
682052134028746753
682051362641715200
682051331733864448
682050922562760704
682050313570758656
682049923047542786
682049503038324736
682049493508866052
682049101135917056
682048296349642752
682047979214094336
682046258198908929
682046154050154496
682045615358922752
682044202977329152
682043263834968064
682042699403280384
682042456481730562
682042357546549248
682042320900890624
682042238273114112
682041970793910276
682041879299407872
682039294303715328
682038637756694528
682038557507100672
682038278158069761
682038213754523649
682037528459739136
682036310811344896
682036238413611009
682035859110010881
682034739809665024
682033400094441473
682033195471077376
682033052806021120
682032585573142529
682031843009511424
682031809413120000
682030837722828800
682029954687619072
682029371444494336
682029077683765250
682028692202106880
682028611784708096
682028340241276929
682028234729369601
682027907540099072
682027420963082240
682027316738850816
682027123347869696
682027096063873025
682026979059609600
682026499520634880
682026116719063041
682025811507941376
682025684911304704
682025612593106948
682025155397160961
682024784859803650
682023848661925890
682023522055499776
682023470297825280
682023051433607170
682022006536077312
682020880185069569
682020820261060608
682020651054436353
682020051201863681
682019233706868736
682019052848418820
682018643413082112
682018307461939201
682018272548487168
682018007917318144
682017396375158784
682016358859554816
682015692703444993
682014591799328768
682014426900254720
682014398550904832
682014121194172417
682014027090886656
682013883448492032
682013752133193728
682013251878584321
682012272617627648
682011438416695297
682009674145636356
682009246951587841
682008999869296640
682008991589732352
682008839869186049
682008315073671168
682008276125368320
682007974152245248
682007855851945986
682007630328410113
682007549437063169
682007322130948100
682007149501759488
682006466480353282
682006319612571648
682005747060715520
682005380952543232
682005289046900741
682004491974004742
682004427536904193
682004074330378241
682004014381182980
682003696574578689
682003505716932611
682003333163307008
682003161993707525
682002937220968449
682002000154722305
682001747510857729
682001460700164096
682000926937227264
681999763978387457
681998652743626752
681998301353259012
681997848506793984
681997847835705346
681997198888800256
681997036611227648
681995883957731328
681995489252737024
681994684739096576
681994362377474049
681994235160076288
681993688721981440
681993659642871810
681992978567532544
681992535238033409
681991120377659392
681990975783239680
681990533464498176
681989457885573120
681989222115328000
681987832643059713
681987712291713024
681986950501302272
681986436569014274
681985984326533121
681985674946281472
681984885150515201
681982475552198657
681981491056791553
681980940923478016
681980347899228160
681980253166673922
681979884957118464
681979799955312640
681979700672073728
681979430806237185
681978482490884096
681977391002955780
681976725287211008
681975246476333056
681974603493675008
681973646898757632
681973337740869632
681972431636975616
681971389075558400
681970692879855617
681970067358138368
681966460441264128
681965329694748672
681965294408044544
681965184160788480
681965140170899456
681965031651721216
681965013448302592
681964163590049792
681964118610333696
681963862158000128
681963414902583297
681963030033203200
681962964627243009
681961962868064256
681961495161257984
681960696620302336
681960592467333120
681960077125787649
681958085712187392
681954676594446337
681954498856620032
681953485865107456
681953274996523008
681952044643561472
681951980269404160
681951317011513344
681950987230167040
681950449671393280
681949971575214080
681949750627717120
681949544578330625
681949038296473600
681948469574012928
681947034488717312
681946961482653696
681945118555815936
681944491503136769
681944438571073536
681944323022168065
681944191627165696
681942633875255296
681942295747244032
681940787471355904
681940101291589632
681940101274845184
681939602358153216
681938862587838464
681938862554255360
681938337167360000
681937690573406209
681936788928073728
681936734804819969
681934836777402368
681932459391332353
681931788013322240
681931715846082564
681931495955533824
681931229986304001
681931024687697921
681930477335216128
681929996366053376
681926500010999808
681926458210553856
681926051870576640
681925924145606657
681925742746157056
681924529979920384
681924495381168129
681920946110775296
681920062979059712
681919501873446912
681916698790727680
681916680231120897
681916534403432448
681916287874760704
681915885846564865
681915795073437696
681915654920773632
681915449919979520
681915214938243072
681915179278319617
681913814976086016
681912541702787072
681912129402765312
681910851276677120
681910724155707392
681910608078360576
681910326351151104
681909980845322241
681909840373940224
681909182090448896
681908733845225472
681908726073176064
681908651976568832
681908622306099200
681907045839208448
681906894814855168
681905033105915904
681903494287110144
681902998407086080
681901626752274433
681901414793129984
681901393561518081
681901350108688386
681901301358186496
681901156998619136
681901080880398337
681900963444097024
681900497075224576
681899349345869824
681898862051590144
681898686272503808
681898606819840000
681898421607772162
681898412963315712
681898028756631556
681897371253342208
681897370653556736
681897070815350784
681896956432486400
681896921632358400
681896605771956224
681895014557876224
681894640333684736
681894609018945537
681894148538908673
681893982113153025
681893558970781696
681891883660922880
681891796780056576
681891144423182336
681890688926093312
681890598190624768
681890274658795520
681890021410869248
681889748965691392
681889566412767232
681888948054966272
681888734954926080
681888726310457344
681888611000684544
681887911193661440
681887618875797504
681887618636746752
681887091953827840
681886046158626816
681884167781548032
681883504871776258
681882968399282176
681882859901091840
681882849633415169
681882695782146049
681882391275700225
681882183884079104
681880312922558465
681880125273579520
681879515321114624
681879383217287168
681879271149719552
681879011467767809
681878661801185280
681878578351349761
681878578338729984
681878196824887296
681878128390606848
681878107557466112
681877572943126528
681877123556982784
681876953779970048
681876514435014656
681876061559259136
681875805266247680
681875527821467648
681875019987718144
681874953633857536
681874716227813376
681873272342880256
681873149588148225
681872585525604352
681872194159312896
681872072918749185
681871429785104384
681871209072472064
681870643424411648
681870384975581185
681869668353585153
681869583662227460
681869480612384769
681869451067666432
681869077673934848
681868437593825281
681868346145439748
681868103727198208
681867283585605632
681866997299216385
681865933728567296
681865873280208896
681865811875631104
681865581964832768
681864738582577153
681864662242074624
681864604436180992
681864487197003776
681864486853083136
681863846386991104
681863499543261185
681862871131635713
681862807994814464
681862631079030784
681862564372860932
681862546899337216
681862535620857856
681862477764628480
681862412237053952
681862323330351105
681862074897547264
681862064474689536
681862000201220096
681861952981745664
681861815773433856
681861740636680192
681861258778251264
681861201479864320
681860915319328769
681859819800666112
681859703886905344
681859406569447424
681858882587639808
681858524394094593
681858107031457792
681858033199087617
681857060456153088
681857030223577088
681855550993256449
681854362671386625
681854180617617410
681853399982190593
681853194851364865
681852678570283008
681852034228719616
681850750729764865
681850729456254977
681850359808036865
681850084045135872
681849815752286208
681849343544963072
681849304726646784
681848946386321408
681848801766735872
681847766935445504
681847521002438656
681847430309003268
681845796262658048
681845341797261317
681844757430026242
681844482506002432
681843976022827009
681843900764405760
681842680666521600
681841853985980416
681841485260521472
681840941112532992
681836895442210817
681836808527818753
681836732761915392
681835843749675008
681834764270092288
681834645244149760
681834441505771520
681834043554402304
681833685746765824
681833593648197632
681833054118150144
681832997528580096
681832889495846912
681831221991587841
681831144237617152
681830384821112832
681830080528515073
681828970040410112
681828625709043713
681828595740745729
681828420431392769
681827873791934464
681827405321777152
681826919608745984
681826525889466368
681824686175436800
681824630139535360
681824355597168641
681823865434054656
681823765248913409
681823167799660544
681822280347860992
681821975216443394
681821627227582465
681821263308918785
681820007936856064
681814344871493632
681811614106955776
681811263207260160
681811120420552704
681810957388087296
681810697840295936
681809893918019584
681807511897255936
681807195025969152
681806308178137088
681803272273838081
681802964156067841
681802856228196352
681802180160958465
681802151132151810
681801877101490177
681799898551812096
681794166666338304
681793471355596800
681792029773316096
681791946717675520
681789218100658176
681787715566698497
681778378077147136
681776721905909761
681776624484798464
681776574882918401
681772587219681280
681772229206519808
681771575381639168
681771028888944641
681770724885790720
681769423431020544
681769330481049601
681769158736920576
681765733706014720
681764502375809026
681764478883504129
681759702900850688
681759007892094976
681757373711581184
681754188687122433
681753231110746113
681751025351446529
681749924459839488
681749905740697600
681748247031885824
681747913500852224
681747608419708928
681746496694259713
681746155156324354
681745814893428736
681745389989396480
681745197714165761
681745029824561152
681744770213875712
681743862298095617
681743789451427840
681743309836922880
681742743668785152
681742680154505216
681742226418839552
681741880162295808
681741837426540545
681741793650589696
681740303066267648
681739395284647936
681738888461729796
681737786718720000
681737066284236801
681736862419927040
681736117314441217
681734479656828929
681734470290903041
681734274488209409
681733142172971008
681732728014782465
681732141009354752
681731745775931392
681730540685234177
681730107182985218
681730019857567744
681729936009240577
681729174227165184
681728062531080192
681727653762568192
681727090278809601
681725696075370496
681725594791313408
681725548041601025
681724098410491904
681723978415652864
681723344979275776
681723004200431616
681722106539802624
681722106501939202
681721611930566656
681721513871949824
681721318778130432
681721236452327424
681721029878661120
681720558900264960
681720179860967425
681719945479127040
681719526006722560
681718889118482433
681717683612565504
681717614742122496
681717410802438144
681717227607855104
681716780721553408
681715655825952768
681715427798454272
681715061413425152
681714515226931201
681714493219418112
681714310066745345
681714286083751936
681714077375139840
681714034672963584
681713763494395904
681713107903762432
681713082247168000
681712229964582913
681712011915350017
681711955258691584
681711899243773953
681711854683475972
681711692212912128
681711674986909697
681711421856428032
681711364952358912
681711079458652160
681710681855406080
681710209413189632
681709964528779264
681708772520112128
681708598771101696
681708208780513280
681707747625185281
681707068282163200
681706987621486592
681706863629434881
681706832386129921
681706341665095680
681705620840382464
681705370457227265
681704835817684992
681704516496953344
681703729502932992
681703276086050816
681702774074023937
681702492527181824
681700127464013825
681699241316630529
681698957576114176
681698853154783234
681697797280641025
681697606771146752
681697365527416833
681697086304161793
681697013776289792
681696482546679808
681696454226776066
681695943662542848
681694644158083072
681694516831588352
681694341396480002
681693575654936576
681693491861139456
681693307961884673
681693281240010752
681693184523546625
681691962240450560
681691906221289476
681691511172403200
681691199594348544
681689959992983554
681688709436051457
681688657871245313
681688577583890432
681688256728055808
681687661849907200
681686750050123776
681686552632672256
681686453261185024
681686452799803393
681686387981066240
681686373271666689
681685675104579585
681684668337373184
681684548946534403
681684523986235392
681684005712887808
681683769179279360
681683568712519680
681683269763510272
681682473944657920
681681450840637443
681681442250739712
681680903387492352
681680544103399424
681680524000112640
681680026018791424
681679186155573248
681679074775830528
681679056174120960
681678982790516736
681678277354770432
681677340615684096
681676565961297920
681676307801882625
681675968604319744
681675871116070912
681675861754429440
681672716609404928
681672607481999360
681672598946627584
681671310825492481
681671025696706560
681670888350089217
681670329396154369
681669824620048385
681669197571559424
681667407333556224
681667213628063744
681666809708216320
681665742568173568
681665432311336960
681665092279091200
681664410746671104
681664245986009088
681663492974231552
681663196051062785
681660177687265281
681660094237556736
681660065489620992
681660029037076482
681658709265612800
681658665141587968
681658602143129600
681656822185332736
681655910171684865
681655582974017539
681655538019467264
681654965652172804
681654165425147904
681653757008953344
681653668974690304
681652442996420608
681652019644370944
681651538436030464
681651286404513792
681650981159997440
681650658982801408
681649964947144705
681649938552365056
681649750626578433
681648818941591552
681648399481880576
681648321497178112
681647876431151105
681647560801398784
681647404307775489
681646774772043776
681646592466628608
681646442411233282
681646349071155200
681646041783861249
681644949381578753
681644078488895488
681643839992369152
681643747751247873
681643322809528321
681641348097638401
681640138594594816
681639340452130818
681639276426080256
681638790855692288
681637877831221250
681637407490322432
681637381955424259
681637364754612224
681636159450030080
681635468870459392
681634703271563264
681634494843990016
681632356172615680
681632093659463680
681631645753970688
681631276504227840
681630749733171200
681630530706653184
681630488524505089
681629472970289152
681629001975136256
681627776558874624
681627660032724992
681627275746394112
681626727928336384
681626645162151936
681625820507443201
681625605121556480
681625186353823745
681622588452241408
681621748307996673
681621164758728704
681620883786485760
681620475437420544
681620222105653249
681619877191401472
681619323794804736
681618940800274432
681618549295583232
681618045970743296
681617380372398082
681617286273236992
681616951735484416
681616445508198400
681616156789092352
681615579086635008
681614560390852608
681614071662129152
681613938975346688
681612666473848832
681611969070170112
681611701842657280
681611172341153794
681609765760286720
681609329028370432
681608372588683265
681608264065224704
681607759427538945
681607663562526721
681607070387310592
681606875863887872
681606282860605440
681603381849227267
681601275411075072
681600456930426880
681599260526157824
681599120633511936
681599044603351040
681598907307065344
681598207625842689
681597549686296576
681597255271370752
681596903327313920
681596867814113280
681595155636305921
681593129749749760
681590611531530240
681590471102083072
681589369828843520
681588679282835457
681587611283030016
681587433926868992
681587005432541184
681586951976165376
681586828718157825
681586530062737408
681585656833810432
681585472057917440
681585373546348544
681584958314430464
681583693194903552
681582964887556096
681582923003236352
681582187162943488
681581690033029120
681581400969969664
681581025730772992
681580988632178688
681579695809286144
681578948115861504
681578029345210368
681577904036184064
681576486109724672
681576404417314816
681575528575283200
681574502787100673
681574466049196034
681574356590264320
681574267318845441
681574191427121153
681574043816976386
681573913755807745
681573059468263424
681572439550103552
681571991233548288
681571441968467969
681571105962725376
681570851628552192
681570776672112640
681570590860251136
681570398933090304
681570260735033344
681570211418357761
681570115775668224
681569764443951105
681569661448617985
681569565927604224
681569191955136513
681567539156000769
681566740006842368
681565852735389696
681565665937899520
681565601962196992
681565210876874752
681564382141091840
681562555332968448
681561277089460224
681561151767891968
681560626380984320
681559339564281856
681558603459760128
681557720319705088
681557720172920832
681557661507170305
681555943612518401
681555279595479040
681555168438042624
681554701838503936
681554084797657088
681553964949606400
681553751950274560
681553740957024256
681553062930989056
681552824690315264
681552735565516801
681552410997751808
681552033631973376
681551747169439744
681551467610685440
681551146603790336
681548855196815360
681548127048880128
681547637175144448
681547284237045760
681547042301165568
681546696791162880
681546568533594112
681546156904558592
681545255724818432
681544994956521472
681544335196729344
681544334655660032
681544323880505344
681544233505837056
681544088143794176
681543768349126656
681543465616805888
681542746448896000
681542100035305473
681541504641282048
681540348418473984
681539424404914177
681539231731220481
681538774656913408
681538765840465920
681538694352732160
681538678510899200
681538578963288064
681538406929727488
681538231846842368
681537275147059200
681536215162564609
681535747208265728
681535618304708608
681535416902619136
681535174262132736
681535001771425792
681533933834485760
681533866822127616
681533742167396353
681533488449728512
681532791457099776
681532539576557568
681532161938165761
681531964931702784
681531622139805697
681531468250615808
681530654643752960
681530612247728128
681530341912215552
681530261696200705
681530055508373504
681529521271513088
681528170055516160
681528053441236993
681527678348865537
681527405526163456
681527005636988929
681526863370391552
681526459723165696
681526426747547648
681526114703900672
681523761141579776
681522630013259776
681522614263660544
681521977861877760
681521869225201664
681521796982550529
681521322002743296
681520671772422144
681520551576252416
681520405320839169
681520189104459776
681520030534639616
681519847021281280
681519331000188928
681519229594546177
681519124527185920
681518496610566145
681517417143480320
681516924346318849
681516871435173888
681516319032803328
681516076824330240
681515793146757120
681515637634564096
681515385988878340
681515204593631233
681514953598095361
681512689198182400
681512064955756545
681511614168711168
681511548842409984
681511335243288578
681510758237118468
681508545225818116
681508107676061696
681507438009257984
681507274423021569
681507225622282242
681506751229759488
681506455963308033
681506220142755840
681506204841951232
681505442439147522
681505434029588480
681505126859706368
681504871195873280
681504428126388224
681503633414815744
681503616763465728
681503201250521088
681502781321023488
681501110855548928
681501090240532480
681500580536283137
681500273269866497
681499877973430272
681499677741596673
681498731460427776
681498105074683904
681497307464896513
681495612286611456
681495410121179140
681494937515458560
681494908465623045
681494356830769152
681493816541458435
681493324696428544
681493240571297792
681492652169117696
681492360266555394
681491768278298626
681490767043375104
681489854899728384
681489641749348356
681489520471052290
681488765999685636
681486590376464384
681486003903807488
681485804275908608
681485756800450560
681485089935507456
681484442964078592
681483245716815872
681481918488035328
681480849691250688
681479990706221056
681479351129358336
681479045662388226
681478667017424898
681478246748131329
681477999875641344
681476982559752193
681476748823756800
681476737532690432
681476533286899713
681476064246284288
681476053034909696
681475723589107712
681474521895833601
681473577883795456
681473526793015296
681472571900968960
681472000557060098
681471119384158209
681470373955649540
681470225263427586
681469748152942592
681469696239992832
681469238859542529
681469154445127680
681468966330445824
681468607335825408
681468316041400320
681468219379482625
681467505890611200
681466639322226688
681466232445386752
681466032045723648
681465668236001280
681465652524138496
681465473620262912
681464944345235457
681464567239593988
681464265719418880
681464160656334848
681464152016027648
681463991554543616
681462629194268672
681462481177329664
681461525190590464
681461017805623296
681458980825137152
681458940874342400
681458761085534208
681458581284077572
681455795318333440
681452311609085952
681450466673168384
681448981956722688
681447624457588736
681447114593832961
681446904933158912
681445607605579776
681445481516367872
681445371134869505
681444192766197762
681441500794765313
681440968915042304
681440303413202944
681439608320593921
681439024599281664
681437381673652224
681437010997841920
681436359748235264
681435653083561984
681435644409688064
681433920953401344
681432690080350210
681431470481649664
681430979748089857
681430625945976832
681430611144212480
681429288051081217
681428175801327616
681426693282594816
681426142885117953
681425753846624256
681424764674572289
681423948395843584
681423179521241088
681420035261202432
681419703126888449
681419192097087488
681416516554723328
681413120300982273
681412641353404416
681411778064986112
681410741002452992
681410100943130624
681408604277084161
681408506738524160
681406775455694849
681406556227776512
681405738233663490
681405396070744065
681405213081640960
681405094588317696
681405079417573376
681403688053641217
681403581711253504
681403072489259008
681402860064473089
681402767529803776
681402657316061184
681401903175995392
681401258809282561
681401098465181696
681400850166595584
681399464251133952
681398750795837440
681398017753133057
681397155462955008
681396385971712001
681395039923113984
681392746083434496
681391664678604800
681390807320899584
681390171229585410
681389842962362369
681387519280152576
681387422647648257
681387173237530624
681386284284162048
681386055463899136
681385978381008897
681385721676955648
681385456588566528
681385446941720576
681384783235039232
681384137123434496
681383787742117888
681383728694734848
681383538806005760
681383508044988416
681383228062605312
681382725656285185
681382492608180224
681382441840324608
681382077867008001
681381853316526081
681381166293753856
681381135415283712
681381071355686913
681381062186934272
681380671684657152
681380588184416257
681380043541499904
681379687658999808
681379416455262208
681378994944516096
681378020444090368
681377485724889089
681377153171062784
681377061601071104
681377035457933312
681376658515832833
681376377891782656
681376063948062720
681375800889753600
681375269521756160
681375160981536768
681373974056456192
681373394135171073
681372729921044480
681372117514911744
681371506522193920
681371422225076225
681370772867162113
681370317478952960
681370265750646784
681370210817970177
681369233729568768
681368107495993344
681367153962975237
681367093523001344
681367033242451968
681366900815736832
681366843852886017
681366380680118272
681364594229522432
681364548629053440
681364270244732928
681363488850092032
681362955816943616
681362834437963776
681361152220073984
681360836745539584
681360778650206208
681360714431217664
681360437758173184
681360391503351808
681359914170626048
681359503770558465
681359069949476864
681358126830858241
681358117867655169
681357714782474242
681356747651461121
681355801307381761
681355738304753664
681355555173040128
681355462336356352
681354983221006337
681354360157114368
681354027712425985
681353962616848384
681353902919294976
681353894673293312
681353894270636032
681353470419415040
681353419437678592
681352712693256193
681352605281333248
681352515959439362
681352475710898177
681352147242319874
681351933878087681
681351737920233472
681351561688186881
681350585426169856
681349718174076928
681349685877977088
681349548288028672
681349303554584576
681349211602825216
681349203335856128
681348975870390272
681348595514081281
681348292404379648
681347642509496320
681346918220312576
681346767015657473
681346702683471872
681346686250135552
681346543094386688
681346287036280832
681346211719163904
681344602641530880
681344120481161216
681344058971664384
681343966625714176
681343878436265987
681342929181380610
681342505581817856
681341088653676545
681340417195937793
681340100794437632
681338104372805632
681336851530031105
681336425934004224
681336381306585089
681335962123673600
681335333892440064
681335128790941696
681334631820468224
681334397467885568
681334163471863808
681334089014616065
681334088238673920
681333296987389952
681332703636017157
681332476371812352
681332466490081280
681332215574220800
681332130811490304
681331920685240320
681331505080078336
681330305597218816
681330022204887040
681329984829407235
681329664149737473
681329349748891648
681329207826186240
681328502415622144
681328286220161024
681327633154457601
681327593509879808
681327179695665152
681327171084763136
681327128718135297
681326945137606658
681326712978685952
681326650533912577
681326634855608320
681326525082238977
681326327413145600
681326311856451585
681326099792396288
681325369450860545
681325238131376128
681324925009788928
681323966967840769
681323870385614848
681323742123831296
681322882895446016
681322439897288704
681322128822546433
681321771966926848
681321663254757376
681321352976936961
681321343787208704
681320774536314882
681320552212987904
681319586281553920
681319498922631168
681318711714697217
681318345472253952
681318077749833728
681317885755568128
681316996814798848
681316724407312384
681316054505668608
681315954207227904
681315869436186624
681315844475891712
681315806202875904
681315731208720384
681315498538094592
681315295592452096
681315163195064320
681314716241690624
681314392130981889
681313609977212928
681313568612954113
681313420847648768
681313325968306176
681312719295741953
681312558159007744
681312051164127234
681311716580311040
681311628869021696
681308946104123393
681307661464281088
681307376922669057
681307225353142272
681307159196377088
681307097644937218
681306783793590272
681305777189982208
681305119166615552
681304116786642944
681303970841690113
681302228980768768
681301921924169728
681301422810337280
681301286277402624
681301230484766720
681301043972419584
681300802208542720
681300199143124992
681299643901149184
681299468550012928
681299174768250880
681298995424018436
681298609082470400
681296134346682368
681295470140862464
681295003667140610
681294870644822016
681294720480362496
681293557085294592
681292918661844992
681292598728761344
681292214299787264
681292169856991232
681291403649921024
681289883042750464
681289801828466689
681289650699304960
681289641736060928
681288846521180161
681288747523022848
681288636864659456
681288345515773953
681287749643583488
681287209849233408
681286968525770752
681285988182695936
681285725828976644
681285650058903553
681285409775595520
681285175318151170
681284189761617920
681283689431482368
681283316645904384
681283206767751169
681282973388288001
681282950969741312
681282136297480194
681282048439357440
681281848559845376
681281735343013889
681280909610319872
681280703229595649
681280362815684608
681279787587899392
681279778201022464
681279730650226688
681279570209714176
681279220983541760
681278659395588097
681278347716870144
681278285788008448
681278119148257280
681277535624101889
681276639590748161
681276512092327938
681276486913933313
681275676469506048
681275653631545344
681275477546242048
681275291096907777
681274683505774592
681274591864459264
681273666676502529
681273325717336064
681273006346256384
681271446342008832
681271239466291200
681270821290037248
681270651496206337
681270611704811520
681270422051012608
681270288886022144
681269969183625216
681269757287370752
681269614538457088
681269596825911296
681269344022573057
681268002457649153
681267777038979072
681266974576381954
681266966095507456
681266255785897984
681266108578439168
681265486416379904
681264665553321984
681264617436229632
681264595709771776
681264245141422080
681264011082530818
681263558340968448
681263031456665600
681262764732452864
681262618758103040
681262295767363585
681262295712837632
681261980716404736
681261307006353408
681261205848080384
681261149669621760
681260258631614464
681260038351003648
681260033804402688
681260010995716097
681259959963652096
681259863377248256
681259816950468608
681259550306009088
681259107722985473
681257975479050241
681257505914159105
681256868824522752
681256868434427905
681256022879543296
681255557592780800
681255436834574336
681255214897184768
681255129723478016
681254809903611904
681253227862437888
681253006797451264
681252340389691392
681252045253300224
681251899194998784
681250620704034817
681249023617970176
681248566250045440
681248463154106369
681248446309777408
681248099759558656
681248001042432000
681247580341178369
681246635284770816
681246537322643456
681246529139560448
681246150372950017
681245815784865792
681245701712420864
681245648620896256
681245633219432448
681245002853294080
681244838847623168
681244814310948864
681244501038338048
681244218870779905
681244204035485696
681243615293644801
681243414017355776
681243399144353792
681243186736451585
681242996973506560
681242155956875264
681242116165513216
681241355180310529
681241237458792448
681241191828992001
681241111721979904
681240521117835264
681240178891948032
681239604033261568
681239145038020608
681237394037735424
681237158141628416
681236551968272384
681235655687471104
681235046326374400
681234541055328256
681233219878948864
681233172516835328
681232558206550016
681232087219765248
681231911172227072
681231900912975872
681231589825589248
681231159167078400
681231158282043392
681230391617798145
681230294779691008
681230201007673345
681229879359090688
681229569651679232
681229449329651712
681229141752954880
681229058609254400
681228607717380096
681228146838904832
681227449506463745
681226956931637248
681226783014834178
681226604920492032
681226124014268420
681225869151502336
681225070144917505
681225027845410816
681224361936695296
681223521360416772
681222581702098944
681221756909170689
681221289407688705
681221177927315456
681221012814364673
681220973773758464
681220799844323328
681220360155467776
681220101740212224
681219871921709057
681219496183349248
681219356047454209
681218686565261312
681218670522011648
681218588372369408
681218193495461888
681218138499776512
681217813831221248
681217692074782720
681217526970191873
681217468325429249
681217310128906240
681217101160288256
681216630198648832
681216246252085251
681215982103207936
681215965909000192
681215200805040128
681214710998405120
681214679289483265
681214018598473728
681213434612940800
681213087970537472
681211733101264896
681211295866044417
681211286470803457
681210477834289152
681210303061843969
681210093686267904
681209727318003712
681208827945984000
681208818928230400
681207571382845440
681207540785352704
681206547964280832
681206222607876096
681206132371673088
681206049920040960
681206040369614849
681205644448276480
681205337504886785
681203775831293952
681202587123585024
681202565120311296
681202556052217856
681200740245704704
681200658968518656
681200522804629504
681199774284947456
681199730198589440
681199577123311616
681198989543256064
681198947273052160
681198721908908032
681197964325289984
681197304305463297
681197263763320832
681197246906380289
681197067260145665
681195097912786944
681194763119267840
681194258938765313
681193563149840384
681192716181454848
681191970119630848
681190021236297728
681189901149155328
681189717509943297
681189709356257282
681189708664197121
681189435875037184
681188889004867584
681188612151447552
681188520342364160
681187509598961664
681187370943692800
681186946387841024
681186772022235136
681186666304831490
681186260963069952
681185991533670400
681185877087784960
681185306209431552
681183936031014912
681183415996055552
681183332541927424
681183239982059520
681182733461098497
681181494727979008
681181369477693441
681181368999522304
681180721273176064
681180366128812033
681180212789313536
681179936938299392
681179426403430400
681179128251297792
681178754811473920
681178384139862016
681178312299819008
681177684286648320
681177585347264512
681177335102455808
681176876681793536
681176529280188416
681176213402959872
681175863128264705
681175607665766400
681174608876183552
681174300632588288
681173920850944000
681173661819113473
681173587936448513
681173455094452224
681173424316653568
681173177913851904
681172961118687232
681172563964264448
681172445932343296
681171963167911936
681170970728505344
681170260351791104
681168958079111172
681167801642385408
681167580292227072
681167533936787457
681167332706664448
681166955953270785
681166813841891328
681165627092910084
681165083787935744
681164519771484160
681164276413796352
681164213629227008
681164182817910784
681163767896395777
681163452639911936
681163179410329600
681162799674867713
681162559483981824
681162116330467328
681162023921516544
681161979558379520
681161970465161216
681161841955880960
681161438623186944
681161136369041408
681161002105176064
681160993427202048
681159899506544640
681159760847048704
681159569368727552
681158983961317376
681158901060878336
681158718822592513
681158123575357440
681158065530376193
681158056239955968
681157702647611393
681157502226968576
681157297595236352
681157286337773568
681156982066118656
681156973484589056
681156634760982529
681156352517910528
681155961914953728
681155208697622528
681154393601748992
681154295715115008
681154205147500544
681153954764337152
681153724132151296
681152059148640256
681151854101700608
681151486579970048
681151283512737792
681151060740681728
681150824173588480
681150621274079232
681150533420228608
681150401110908928
681149793972830209
681149569128771584
681149419274682368
681149327658450944
681148494099288064
681148276532355072
681148090573697024
681147496916111362
681147414057631745
681147364556443648
681146531051786240
681146060408918017
681146053689765888
681145972580290560
681145913398685696
681145882142728192
681145754568777728
681145715070877696
681145470643761153
681145394630270976
681144478917234688
681144274537201665
681143292428292096
681143191031033856
681143011141484544
681142500094906368
681141934560169984
681140684913442816
681140632832749568
681139245109518336
681138485659484160
681138484485083136
681138264330260482
681137977179803648
681137815988473856
681137725047586816
681137270120775680
681135511331733505
681135510232760320
681135438103351296
681135156774584321
681134871897444353
681133874517159936
681133469695516672
681133160667598853
681132971529605120
681132327930429441
681131983817199616
681131930696323072
681131677679140864
681131357129461760
681131179265757184
681130997539192832
681130891003867136
681130768291119104
681130199111450624
681128496949628928
681128205701349377
681127085860098048
681126789150814208
681126609311543296
681126525815623680
681126435583586305
681126391946055680
681125338202558464
681125280681832448
681124893518245888
681124588214812672
681123479228301312
681122790112538625
681122141484400641
681121516738580480
681121143873404928
681120996275818497
681120372545081345
681120254597050368
681118724984713218
681118102847791104
681117530639872001
681116773429547008
681114994444865536
681114314493673472
681113631568744448
681113571107844096
681112684507435008
681112454915440640
681111083432554496
681110790804340736
681110526361878528
681110510767489025
681110109380988929
681109544303370240
681109396064108545
681108695833432064
681107780766322688
681107465052663808
681107183078014976
681107178766254080
681106540237959168
681106495216353280
681105617398833152
681104625299148800
681103496419000323
681102826903179264
681100531708776448
681099227586412545
681098737595236352
681097809748086785
681097027875246080
681096792339906560
681094957982076928
681093434891870208
681090968209068034
681088801993658368
681088164321083392
681086971062566912
681086440671805440
681084635757981697
681082377825746944
681082237849178112
681079246274473985
681078944485908480
681078309887684608
681075991557476352
681074189378293760
681071891986001920
681066450971316224
681066224231436289
681064677044916225
681064381149401089
681064326359166976
681061215829757953
681059539706220545
681059442800984064
681058432888090624
681056872590213120
681055609442062336
681054378422177792
681053938557259776
681048376234741760
681047902056132608
681043181681561600
681042291704766464
681041481277177858
681040213997584384
681039421139886080
681037066658971648
681036699019821056
681036157111513089
681033649014214656
681031210970185728
681030653865926656
681030368758124544
681029496196075520
681025026947026948
681023720010338304
681022445554253824
681021769612824576
681021664503541760
681020147763548160
681020080222687233
681019775435190273
681019187930599424
681019081919578112
681016802126659588
681016432637825024
681016279239495680
681014601845088256
681014366368477184
681013232165761024
681013060840992769
681012746637320192
681011670701871104
681010960740429824
681010681387171841
681010211172163584
681010006192357376
681009058900361216
681009000582754304
681008874078343168
681008470124920832
681008243976450048
681008147830472705
681007308327927809
681006991351742464
681006473585934336
681005817009537024
681005588759724033
681005188807655424
681004281336606720
681004142148501504
681003638685224960
681003361206812672
681003058004799488
681003021250084864
681002630668144641
681002551244750852
681002272399036416
681002186113822720
681002177590988800
681000676877447168
681000385633374208
680999377985351680
680999240206684161
680999065220284416
680999045112791040
680998280797356033
680998129777299456
680998129232039936
680997882061697025
680997460555120640
680997260847525889
680996356303880192
680996307733905408
680996110140219392
680995994335494144
680995963033419776
680995487013445632
680995441161273344
680995327235592192
680995280439803904
680994994912493568
680994891493588994
680993850576375808
680993814803185665
680993657529315329
680993282298527745
680992949555965952
680992909911445505
680992896711958529
680991915592925185
680991623497428992
680991172530012160
680990188403740672
680989342483873793
680989289123950592
680989249089306624
680989034928189444
680988032103616516
680987972775182336
680987730310905860
680987643916632064
680987536584384512
680987475070693376
680987136879771648
680986777197252610
680985471686586368
680985411418628096
680984909511438336
680983820703633408
680983798217965572
680983511424053248
680982963132092416
680982138573869057
680981627317583872
680980323501395969
680980306120146944
680980223505006592
680980180362371072
680979855920377856
680979608175427586
680979550625382400
680979485999509504
680975773956636672
680975461065728000
680975083754536960
680974027129671680
680974026680864769
680973329398759426
680973131427614720
680972488344350721
