692110898132062209
691032444753973248
690584666345058304
689913356761718788
689872575527190528
689506135884201984
689140337827131393
687758866101047296
687328802901368832
687034554641592320
686700748130799616
686700722830749696
686608582935117824
685515692049694720
684818954624217088
684434876670447620
684061469718151172
682990510458310657
682634162864566272
681874127339171840
681501421313761280
680469430770376704
680074156688293888
679711151295315968
679341113560272896
678972350923014144
678312158296313856
677954984634277888
677264775533887488
676810871939530752
676542849450577920
676463263354236928
676463255565434880
676452923556007936
675841859617361920
675380009867997185
674735922710052865
655775585700962304
655416191192707072
655092030209593344
654704081122910208
654435707386093569
654013944026165248
653736916546809856
653709423458709504
653676518757892096
653262926069960704
653262773216874496
653246337845084160
652876333354127361
652634405278650368
652589450963234816
652544365542289408
652296143750041600
652285822889127936
652285343094300672
652266683982217220
652248027080495104
652184164133814272
651852008870141952
651476548038492160
651430446580957185
651430267165413376
651430198525562880
651429805930385410
651429338898804736
651429142961876992
651429054164307969
651428985897791488
651175803812626432
651114025711833088
650833969030651904
650792245902249984
650702712921817088
650494173032808449
650493607418335233
650493208506437632
650441274760171520
650363101343125504
650203021897404418
650202953760960512
650202533021876224
650125728265048064
650074949227380736
650057193656446978
650022501917941760
650011218715869184
650010838951051264
649688110595358720
649303683126067201
649073714198261764
649073606740217857
648969859808686080
648969801994342400
648969270345379840
648969045279047680
648964373306695680
648963579899547650
648963389771767808
648963173479899136
648962871586492416
648962666216620032
648961947421929472
648961703766441985
648961472861618176
648961300207288320
648960893787639808
648658102644928512
648658022974099456
648581863393529856
648581628881559552
648210144732446720
648202635183439873
648198872615882753
648195537670287360
648191296700420096
648191237657243648
648191116513116160
648171756088242176
648131912272220160
648000795158253568
648000262922088448
647989931659276288
647989889812705280
647989863086620672
647989776226713600
647989751908167680
647989639072976896
647989612481130496
647989576699543553
647989530109186048
647989508357558272
647989489034358786
647989466091536384
647989409204178945
647927291729719296
647909703591170048
647906875749470208
647825552397635584
647819257695203328
647626872549830656
647625598228021248
647624794804883456
647616073513091073
647616021654736896
647615946438213632
647586131702185985
647577353749573636
647575245985964032
647572040187142145
647551405872427008
647550441207631872
647550339881631744
647532993066627072
647529275965374464
647515991702802436
647509420868374528
647507674154713088
647507116102578176
647488244112732162
647478872317923328
647475634109706240
647474000835117056
647454983747596288
647454668709216256
647447664276062209
647439859976540161
647263733870260224
647260857303347200
647231899623034882
647211767857188864
647199881623277568
647179292988674049
647167629283594240
647164670839681024
647163810399174656
647161290230661120
647139736432214016
647133965367701504
647121972363595776
647120195828318208
647115520689377280
647111966234808320
647106736210341888
647080941496569856
647079821449670656
646896579777982464
646890385902440448
646884223085842432
646883816792039425
646879370968068096
646878052144705536
646852063855378433
646827098955378688
646819294160924672
646817878243569664
646805667894788096
646804928413851649
646799014344589312
646796652661989376
646796501377683457
646790192385273856
646789561394159618
646747175855226880
646716618433691648
646707100345745409
646704659529228288
646701930970902528
646699163409735684
646688591200911361
646688311264722945
646682512966574084
646679250917916672
646671788517163008
646670933499904000
646667551754182656
646667398230118401
646666544286556160
646659434819665921
646638540781019136
646526558799196161
646519473176875009
646503995180085248
646501939891408896
646497330150047748
646489808110383104
646478775815794688
646472651318235136
646469146629181441
646467877785088000
646467810177101824
646460801163722752
646455461290471424
646454830215467008
646452541492850688
646418724036214784
646416008924807168
646402236617113600
646401867656728576
646381053356019712
646379756041035776
646377698177126401
646372467552878592
646371998206038016
646371932506488832
646371212222857216
646368921222705153
646367979299409921
646366993969364993
646365931006902272
646365258341203968
646362459809300480
646361472663072769
646360861381013504
646355836432949248
646355244985659392
646354991142318080
646354439054434304
646323888851279874
646322578420662272
646163786190053376
646163697866424320
646158851369140228
646152341322776576
646151620628054017
646151506970828801
646147168655380480
646144501291986944
646143232905248768
646143156937977856
646139138274562048
646126797730512896
646125986807857152
646118561459531776
646117664885108736
646114837152428032
646113937449095169
646113697723617281
646110763568861185
646109226780090368
646104585367502848
646101552868884480
646101357036896256
646101211456798720
646099060022120448
646097287442071552
646097028553015296
646095830563164160
646094455993331712
646094039612178432
646093193881251840
646090594150801408
646089560695279616
646087930319081472
646086618130964480
646085548814172160
646085142524497920
646083132328800258
646082937784393728
646074323522838528
646045866210361344
646041691351191552
646038873789743104
646022235900153856
646022123903840256
646021986838122496
646021814833909760
646021173227057152
646021052837945344
646020784582819840
646003087677751296
646002880449785856
645994494492569600
645994432572092420
645994030162120704
645936823441694720
645934989478109184
645934945014300673
645808293760339968
645798731158278145
645798700682477569
645781281180139521
645780826790199296
645729183616892928
645703906769526785
645695865114390528
645663325985075200
645600646239023104
645437741593788416
645395003703881730
645394053790461952
645353374494363648
645351871419424769
645351818986418176
645347979725946880
645347774930685952
645347670026928128
645340477567410176
645329673031847936
645056031601524736
645050180975263745
645037336544153600
645028795636846592
644989500704210944
644957548408274946
644945921248092160
644673605654044673
644642338178895872
644576333222178816
644562366659608576
644263735129825280
644246927689695232
644221033294114816
644190725232586753
643939724831227904
643924252295479296
643916198824931328
643852457139924992
643819845138542593
643612735293534208
643513956540280832
643138480185282560
642931333509984256
642931302736355328
642928226638020609
642810046494081024
642808221007085568
642798079360393216
642540323902636032
642505445756637184
642490023200227329
642142358973222912
642068389221896192
642054977679028224
641785510814330880
641710598930075648
641349244138319872
640652358377058304
640213483175317504
639867484028321792
639551481603985408
639192699145314304
638839405583593472
638774988548390912
638455411302006784
638115451533307904
638072767531712512
637339099964162048
637011062538133504
636353848903208960
636037487584915460
636037453300658176
635920441022943232
635527005631483904
635123471068954625
634787102773809152
634470601818697728
634075291820933121
634067595419906048
634047632659189761
633730195363463168
633440669055389700
633363117678837760
633322597988462592
633020510691954688
632612897881899008
632261154308403200
631948695030726656
631941884072493056
631582284513054720
631217733271588864
630895081961033728
630846025876377600
630792450206859264
629480796252844037
628191701769674752
628173726207512577
627208558900154368
626876242512318468
626570397727633408
624337708794691584
622198364256362498
622161649613443072
622138965114621952
622115737398697984
622089802406477825
622086805576224768
622082743854215168
621831783412142080
621786541245902849
621079454010335232
620638878563602432
619234604260589568
618585692235558912
614174084847394816
612051139345846272
608795617830133760
598946946783383552
598946858510065665
598648262631952384
598648086701834240
598647879792656384
598631562700173312
