836056465177624576
803699362459066368
798596125942894592
797245312498745344
784455154867113984
776881791059623936
776176734819393536
775844737219723264
775760289434177536
775396433835032576
774319264140447746
773937250912448512
773564652735168512
773291773418352640
773197736346787840
771790823067267072
771750893775495168
771466245556297728
771140625777340416
771111577558904832
771029380927598592
770729511403020289
770677329441935360
770651300107214848
770618594749128705
770438764313374720
770329913987436544
770316893437558784
770315590808383488
770314077608357889
770312990037909504
770312016007426048
770311552083824641
770311534623002624
770311495137816576
770311470865346561
770311452481781760
770311433234051072
770307844872691712
770307266616504320
770306869722124288
770306789975797760
770292896767410176
769643684249776128
769640178478567424
769294346407456768
769214984291180544
768883274756173824
768523608666669056
768196804894597120
768110221323489280
767858394938114048
767767516408008704
767058155427672064
765949297351241729
765592635465621504
765305478280679424
765223628593999872
764134238568452096
763787305249144832
763447733269127168
763107015455571969
763047885722136576
762687463319941122
762323547431641088
762292648564502528
761595709065879552
761268683314372608
761250128267141120
760929340561432576
760928949920731136
760869882539806720
760592833568833536
760168036175347712
759879260379025408
759131410775023620
759064779335962624
758802014306304000
756881603750682628
756274759269179392
754344958706855937
753632093867945984
752540823179259904
751083286856765440
750765355748909056
738051355172970496
733355587443040258
733305874756706305
731582950588841984
730839489409585153
729718943150149632
728725128066932737
728725113953083392
728629561131339777
728312807049957376
728268142128947201
727543479878832129
727232862521434112
727043083045474304
726897341748256768
726897219467505664
726897168297021440
726897028626702336
726896935517323264
726896783486386176
726896770978996224
726896528770498560
726896496201756672
726819954780053504
726532102871638017
726462133819449344
726461274096173057
726108630001426432
725716053439860736
725459636522876928
725405355136655360
725404294623559681
725403084571054081
725402959106863104
725400834603765761
725400682350538752
725400491329359872
725385996150427649
725108372786257922
725015495875911682
724799224097869824
724799043415629825
724689683565912064
724631401979473920
724451205238288384
724450595063533569
724391216335323136
724391135787917312
724391074895024128
724390948529049600
724390889427095552
724390717171224576
724390648539803649
724390505912508417
724390416544489473
724312084209496068
724287340047298561
723949694485852161
723889497738502144
723871085645570049
723867352475918336
723752450746814465
723752409743253504
723632558097846272
723622459744776192
723598429989957633
723563273728057344
723380770807541760
723380742911184897
723380277565759489
723380173245022208
723379887520653312
723379815147929600
723379768645681154
723379648655069185
723279343061856256
723181641582047232
723010194129592320
723010111958982659
722924215901380608
722924182502133761
722871029677207557
722870945396838401
722870761531133952
722870615036702720
722870513987530752
722870389806747648
722870238136537088
722870157849153536
722869893134024704
722869801782083584
722869668482912256
722869555391913984
722833810967035905
722650460574916608
722650293658378240
722650208178462720
722650101429202949
722649962438389761
722549763455856641
722510513901596672
722509957460062208
722509760327761920
722509617796931584
722492643599650816
722481830704783360
722259584941821953
722251506641010688
722240466972909568
722200057177645056
722198191068712960
722197051040219136
722165001994268672
722163538580606976
722163500672512002
722142696048062464
722089675725221890
722052206782877696
721890547980304384
721890399334244355
721890290085138432
721869252874010624
721820612679700480
721809873042681856
721809867195854848
721809803039748096
721809594226356224
721809463468908545
721809319906291712
721789738873524224
721789710650048512
721788730600599552
721778449065517058
721756154225790976
721735372258955265
721730147007594496
721730058918830080
721729933731495936
721729494214545408
721729138529206273
721728746659536896
721728728670216192
721728602618732545
721728516924923904
721598897039126528
721598422663319552
721584469602279424
721584181730418688
721583844755841024
721583816234573824
721583496607637504
721554481482063872
721554170772238337
721520237724631040
721520231735103488
721500547610599425
721500323060158464
721500227966898176
721500007988244481
721499922118279168
721499744711811072
721499506974429184
721457356895170561
721406046191792128
721387729561341953
721369800081969152
721362103768973314
721360818386808833
721360689911046144
721360557039755264
721359565267161088
721359498019909632
721206740872617984
721206598652178432
721206525235044352
721206312437047296
721206296708390912
721206273824284673
721206104982556672
721206047453487105
721206006240292864
721205954474160128
721205868818083840
721205810496319488
721205658104635393
721205492568043520
721136382278635520
721136292927381505
721136250472640512
721135586736676864
721135386613788673
721135372629979136
721135350018498560
721135332306001920
721113384003850240
721077110412972033
721051718130233345
721009038335610881
720985290194563072
720984199054753792
720856561107603457
720856319633174528
720856172907995136
720855952774209537
720855936827404288
720855655075086337
720855586577915904
720855531468918785
720855337729794049
720731957676482561
720702693480800256
720695332951212032
720671542779199488
720671499040997376
720655276303462400
720644753277063168
720619269172539392
720401884419207168
720375796938854400
720360079518597120
720359916423131136
720359777558077441
720322099819057152
720315411183435776
720295597366849536
720236055757107200
720235831533809665
719925712430309379
719918728016760832
719879756468998144
719879450821701632
719879395351986178
719879360925138944
719879253404164096
719879189168394240
719681055381458944
719627966615937024
719594040799268864
719594003117711360
719593909714718720
719593371094757376
719593127422468096
719592963010129920
719588933206614016
719588907948453888
719349483117551616
719349296097722369
719349228733005824
719349121795010560
719171938984153088
719168616105644033
718883205944905728
718668835109367808
718668605118943233
718642529223254016
718475025364488193
718472879000657920
718472835967160324
718472777087393792
718472732124561408
718472705582972928
718472391437991937
718471967859453952
718471867628175361
718327842690449408
718327809932922880
718327731474284545
718327691934593024
718327662201171968
718327604516950016
718327548438913024
718327494915526658
718327362904055811
718327293777723394
718327259539476480
718213715754106881
718213050621431808
718200513993388032
718200490434174976
718200481391243264
718167322935095297
718167079753531392
718160379701043200
718137249464983552
718128565003403264
718072737630126080
717845731122483200
717832092806197249
717794817569341441
717752357027758080
717744222426701824
717742000196354049
717724114182660096
717697195483537409
717697103603056640
717696933779881984
717696815152381953
717696166754983937
717696082441084934
717578554037415936
717570289907982337
717567257405169664
717561741295624192
717454402420928512
717402666754842624
717335820185808898
717217120887709696
717217026213863428
717216864368267264
717216797754335232
717216756046118912
717216701348233216
716646578878984193
716332142473576449
716289577556660224
716023794872127488
715975370282045440
715968457502769152
715943896661024768
715928274870906880
715915739908079616
715765058043822080
715764767626014720
715741972879642625
715741926662778882
715709014600851456
715698808781279232
715678773216083968
715658135617208320
715648424150851584
715620433299697671
715303915982487552
715271478434996225
715235343721562112
715207911257976832
715030976670339072
715030806243196929
715030784013426689
715030596620312576
715030471810359296
715030407192907778
714954251709992960
714941708102868992
714915139342872576
714846733008642048
714528110725566464
714441101763948550
714128001122742272
713770755058638849
713496250922835968
713394963229224960
713353920064540672
713353895964069888
713162148696854528
713050207018024960
712772065254768641
712694542642782208
712670243185790976
712064120707620866
712037594188664832
712037560147714049
712017936446173185
712017884491292672
711965380051230720
711953341903818753
711953178586001408
711928470863876096
711925924246081536
711923236968136705
711920841475248130
711918096882077696
711917115624652801
711915853877358592
711905804484366337
711904151542730753
711238038379073536
710886485688328193
710536993613058048
710333651578331136
710333177416429569
710208110602813440
710133322672791552
709849908589670400
709822106398097408
709771828856623104
709431092378337280
708703770046140417
708327742815637504
707960942642864130
707637521144938496
707271366408441857
706903420569919488
705652299935252480
705652268746444802
705652207463505922
703988033758953472
703284017819324416
702567937056579584
702133163598831616
701946237407379456
701811649817268228
701451119109648384
701174578341478401
700060086203318272
700048756092194816
700046378907480064
700017728686428160
700016955802030080
700016812704968704
700015605403951104
700000201608572928
699999394016276480
699997420021657601
699990645226602496
699985642923495424
699942199065063424
699939693811531776
699921920490209280
699919059769434112
699919020087054336
699914760670699520
699914625362501633
699914066748248064
699913724946051073
699911592771620864
699909748141875200
699909747751854080
699909630403579904
699908040972046336
699906968278794243
699906473082552320
699906406644715520
699827287424901121
699826937435459588
699826561990705152
699823038951456768
699822512788602880
699820414218956800
699790146816733188
699785715463245825
699779491858493440
699778302395838465
699772634628648960
699765527565053953
699762627296112640
699758937663414273
699752179855306752
699712455845392384
699704564769894400
699694603037859840
699694584570343424
699692819816943616
699674008854200325
699667399981662208
699641122172211201
699633106299453440
699631543241707520
699616866679951360
699600239406116866
699598798985629696
699568186140721152
699566678821048321
699566409630613504
699523901475323904
699506020624642048
699501371968499712
699498858531803136
699482727830061058
699452153484546048
699435114279743488
699433876096053249
699405356611440640
699395239509798913
699374978404192256
699372527898918912
699362250428035072
699352770810220544
699349902334124032
699345753701896192
699334154522009600
699332895924572161
699321864003276800
699304350343000065
699303479798423552
699301599949107200
699300648265748480
699298723285741569
699298235576221697
699297926573461504
699297225487159297
699272657695436800
699254712088920066
699236901299965952
699194053666041856
699177930199404544
699176147100143616
699159667323187201
699154770448093185
699151255973695488
699144832812384258
699141548085121025
699140500259930112
699135288807829504
699135008406007808
699103026896703489
699091058748035072
699089228899024896
699082505983397889
699081983406673924
699081513103560704
699081481394597888
699075122158698496
699061237598937089
699021874253004800
699017926158872577
699006565056061441
699003588136153088
699002100982771712
698998239383556096
698997639375777793
698997430105165824
698982509103591424
698973439701286912
698972107053510656
698967142826311681
698963726729240576
698959554101379072
698956684811640833
698955790191755264
698953055497097217
698952935552581634
698952885787238400
698931230947946496
698931193635409920
698915716024524801
698898906118160385
698898812497080322
698894634924118021
698893700521267205
698891453372567552
698890305748111360
698888534837432320
698886147443859456
698886090636144641
698884814531723264
698883280033026048
698882916466561024
698881144406716416
698879068293300224
698876073119862784
698873970267856897
698873343538176000
698873321824227329
698871859916382208
698871329743724549
698869483213983744
698869395079102464
698868628033114112
698864745068175360
698842492163067904
698842092236189696
698841646641729536
698830986386116609
698826488976580608
698819424980172800
698805479896559616
698798695391719424
698794598190067713
698785282309513216
698754066592059392
698728739958452224
698727782088454150
698688874147524610
698680132186157056
698679230192754688
698667506760716289
698658691084517376
698621051748528130
698616384054427648
698614188852191232
698613443167793152
698608868322967552
698587943108112384
698577272127655936
698559074011484161
698554678682869760
698554493089153024
698552214684434432
698550785462775813
698550183827632128
698545319626190848
698543142530711552
698537679537905665
698500920250748928
698500262302863361
698489210706104320
698485678871437312
698449427413889024
698442885138554880
698431046363123712
698389542194139137
698383699377676288
698380397328015364
698379107311054848
698372884918509570
698372739342532608
698370137607401472
698354664475987968
698351090937438208
698341240090177536
698333204214738944
698328634218524673
698318414973022208
698318172378628096
698317899631456256
698317133302800385
698316683887276032
698315374303940608
698310602528202752
698306793449992192
698301395082956804
698298320184221696
698287358047707136
698278523639721984
698265416666198016
698253604000411648
698252904763756544
698246238202781696
698237351257055232
698229344636944384
698228026329452545
698223983557214210
698222790898511872
698199389546786817
698198959316033536
698195940289548288
698190761263673345
698189068887175168
698188801705836544
698188645476347905
698188572994592768
698187686700408832
698186582679953408
698185771954507776
698184933269868548
698184829108559873
698183808076500992
698178645223804928
698177612439392256
698171835544809473
698168038344908804
698161709874196481
698155969709125632
698141211215855616
698137048054525954
698136486814683136
698132319727562753
698131471958020096
698107944915763200
698095537363378178
698094813472686081
698083010357297152
698081312385576960
698074286393679872
698073002521419778
698065197286629376
698053043162472448
698041542766821376
698037449218330624
698036471555497988
698024800321548289
698021018120560640
698014060177043456
698010233713479680
698009390238961664
698007376851443713
698004957157457920
697997038055612416
697992872964960256
697990049149784064
697987681586786304
697985960508690432
697985495108706304
697981116293120001
697979698022756352
697974227090038788
697973351701041153
697973246046502912
697973093340356608
697963036804575232
697951699625840641
697944669401931776
697939781410357248
697932426220146690
697930126739156992
697928710515601408
697920772396822528
697907235817533440
697905573765869568
697902164727861248
697900405137625090
697897219618316288
697895398036246533
697891612014194689
697889279343628289
697888322492850176
697882452052717568
697882104382644224
697881604815892480
697878746024443904
697877469588623360
697875349674135552
697868998734577664
697867787662811136
697859502683467776
697852644346327040
697850186446442496
697847402930155520
697847156317646848
697845844637122560
697845507264131072
697837771738591233
697835433896472576
697834638429933568
697829202242867200
697816866836774912
697815479411281920
697798722973925376
697794836791894020
697783477479960578
697777206131470337
697773471753834496
697770784601690112
697770125936631808
697768259706195968
697763014867443712
697760628765687808
697759768664866817
697759260424347648
697759094195621892
697758889870110720
697752765687328768
697749728713375744
697747601261793281
697746832185827328
697743371368923136
697743039087976448
697741769128091648
697735585595699201
697735374114697218
697735206707400704
697725896367603712
697723502141411329
697719484543422464
697717620426932224
697717186471669760
697716744811446272
697716391651078144
697715390294552576
697715318316138496
697715152993386496
697710171213033472
697709260696727552
697705400330620929
697705363403993088
697702987746013185
697702326497185792
697701814913773568
697701473145135104
697700105109909506
697699845935484928
697695840786198528
697690463243898880
697682437199900674
697679437114966016
697663491054837760
697661826088071169
697660439883182080
697659604440723456
697657985166811136
697649556633223170
697643875456802820
697640830014652418
697640091225759744
697638221421785089
697635626590404612
697630930475745280
697629268931555329
697624907446767616
697622173859475457
697622093995732993
697621919751745536
697616351666409472
697615927320313856
697615596750446592
697615354709671936
697606260653322240
697603481503272960
697602415793573889
697602358210002944
697601464324063232
697599456695361537
697597872729010176
697591364024868864
697590492075196416
697579172214910976
697576564473462784
697576449629261824
697576286072340481
697570981435408384
697561642083622912
697561558054899713
697559018269573120
697552966052499456
697552259173916672
697550626541031425
697546242381869056
697535915472752641
697533357811326976
697532307494686720
697531865243086848
697530396691423232
697528744781574144
697528456024731648
697527964204867584
697527598776086528
697527101851709440
697526636355276801
697526428993105920
697522107270328320
697521978559692800
697507594949128192
697505390422982656
697503330575060992
697499287580573696
697499088099512320
697495043616026625
697494763474292736
697493016693444608
697492618054205441
697492541638209536
697489988003311616
697488970909765633
697483812029116416
697483446059294720
697483365344157697
697481802638716928
697480981494648833
697471308561387525
697468278013210625
697467655893098496
697455609298292736
697454218366423040
697449619744096259
697449057178882048
697444252733693952
697428138238697473
697426123278299136
697415799338696704
697415763968196608
697413938800013312
697413563871145984
697408966544863232
697403407120764932
697403300035952640
697402902323671040
697401929765253121
697399260518612992
697397166197776384
697395402794897410
697390878545960960
697390557727830017
697390255201083392
697389197368295425
697387061146300416
697385730247557120
697380097838309376
697375512981696512
697372087086948352
697371691002032128
697369069754978307
697368223109550081
697366274125471744
697365594895753217
697365006162247680
697360250396131328
697358713242456069
697353577652617217
697353157681111040
697342682809511936
697340722488299520
697336022904877056
697335292781441024
697331683045998592
697330238263394305
697328795645190144
697328514744193024
697327273884520448
697323464592494593
697318064103141376
697315047295422464
697306498766999552
697296923070488577
697296718430236673
697295871159853057
697295149290762240
697294289450045440
697293204496871425
697291578415517696
697291512372015104
697288396591357952
697287893916585984
697287337613496320
697286690885357568
697286350505005057
697285336288759808
697283275014823940
697281671398187008
697281594667569153
697279502561325056
697279034422497280
697278465641283584
697277772582944769
697277585445642241
697277510027902976
697277342255751168
697274883173003264
697273292210597888
697271701906681856
697271548722294785
697267116618088449
697266748832153600
697266548063350785
697265124252385280
697264943909834753
697264594771845120
697263556882882560
697260952832487424
697258275172020226
697257890076200960
697257017912610816
697256988334403584
697256060000731136
697255651702022144
697252382086795264
697247053538156544
697240272204238849
697240160287653888
697238728847167489
697237946567520257
697237351399952386
697236479831994368
697233066008276993
697229866702233600
697229340853956608
697227116056748032
697226510759915520
697226280584945664
697225505762729984
697225399885934592
697224664674750465
697224214089105408
697221202641694720
697221143296479232
697220663434579968
697220012356964353
697216902683164673
697216170265411586
697215771508740096
697215296789094400
697214053605724160
697213859782725632
697213266364276738
697213072235073536
697212792172998656
697212193335414784
697206974035808256
697206308202610688
697205686715875329
697205314769137664
697205048565112832
697203204883255296
697202577608343552
697201770422886400
697199569117929472
697199158461992960
697198751195136000
697198572547125248
697197756662706177
697195711289425920
697195649729634304
697195441025212416
697194419028557824
697194204842188800
697191054173278208
697190342135709696
697189827020607488
697189198478979072
697186510534086656
697185766443585537
697185652694077443
697185139600678912
697184225867378688
697183667265806336
697183062438744064
697182997796114432
697182692819861504
697182668769742848
697182601539252224
697182576360845312
697182391471747072
697182239092711424
697181808731893760
697179838889664512
697178286443487232
697175742119956480
697174935341387776
697172770333929472
697172631926116354
697171901274202112
697171515972845572
697171137998917632
697171129039867904
697169818361835521
697169609732915200
697169591236046848
697169353989423104
697169153304571904
697169138003804160
697168931509784584
697168763372703744
697168737959448577
697168704400830464
697168637329707008
697167613852405761
697167480301617153
697167307672453120
697166001113161728
697165347149852672
697164907746164736
697164070709960704
697163884197642240
697160765472530432
697160216542973952
697159032671330304
697157363296415744
697156840082116608
697156217991331840
697156150505017344
697155959152480256
697155027731808256
697154847305379840
697154401660633088
697154299378307072
697152873503727616
697152541516177408
697152490966396928
697152024945688577
697151810348298240
697150968379494400
697150950121742336
697150704721334272
697150345013661696
697150069594664962
697149552025972737
697149294608908288
697149280562229248
697148910175846400
697147960182706176
697147269947138048
697146754102210561
697144632119943168
697144478805549056
697144365760647168
697143975094784000
697143808153092096
697142604043923456
697142466563043328
697142074131374080
697139928161918976
697139175812804608
697139111291801600
697139095466745856
697138754054545408
697138587683295233
697138134690074624
697137165520601088
697137085065490432
697136852017348609
697136080277995521
697135274837446656
697135259435929600
697135210765266944
697135210341670912
697134762264113152
697134245131657217
697133485480235008
697133037742493696
697132915205885952
697132865159450625
697132802303619072
697132143848222720
697131915413880832
697131701881872384
697131572084895745
697131518720765952
697131393764069376
697130790295986176
697130476989870080
697130260853235713
697130239516737536
697130190023995392
697130119492538368
697130083782275072
697130070989631488
697129874419396608
697129866097852416
697129828416237569
697129761319968768
697129668491644928
697129647423619072
697129632080875520
697129548584869888
697129431647674368
697129393047494656
697129282967998464
697129261677703169
697129173454684161
697129157935783936
697129129712324608
697129021247598592
697128932080881664
697128844684230656
697128781165662208
697128781165625344
697128731836489728
697128679818686464
697128679441244161
697128627033354240
697128545198305280
697128518287659008
697128504266108928
697128450671271936
697128443645861888
697128436637110272
697128345717190656
697128303124033536
697128257699708929
697128250737201153
697128116850810880
697128035070291968
697128027994484736
697127937263296512
697127774620811264
697127760557248512
697127702411632640
697127679670120448
697127609096753152
697127510882938880
697127472899330048
697127433435131904
697127252559958016
697126549573636096
697126101957488641
697126023406616576
697124368174813184
697123653469622272
697122485343428609
697122246511325184
697121516333305856
697120192720048129
697119897801756672
697119309399588864
697119309378637824
697119309374443520
697116526537617408
697116317409681409
697115343773241345
697114043568357376
697113134591389696
697113048163549185
697112642280763392
697112595854036992
697112475393601536
697112271865053184
697111331518853120
697111198643261440
697111017055072256
697110519879106560
697110160783740928
697109621853433856
697108847056433152
697108570836332545
697108451822956544
697107350033829888
697105600916750336
697105301988724736
697103942488961024
697102071984627712
697101431430447104
697100278034788353
697100088607264768
697099916603105281
697099822050873344
697099054698725376
697098506016718848
697098096166043648
697097389618794496
697097086173491200
697097016061534208
697095282903756800
697094950509391873
697094749308628992
697094671776919552
697094364309291010
697093947663847425
697091587738763264
697090773863387136
697090359088644096
697090329086791685
697090178574262272
697089363365068801
697088614757367808
697087312014868480
697087154573283328
697086631526793216
697086377171619840
697086038519316480
697085816636444672
697085431863574528
697084193134620672
697083856671809537
697081310859243520
697081213366865920
697080623928770560
697079510626234368
697079140499914752
697078831681654788
697078670721044480
697078509500403714
697078359461797888
697078301714575360
697078242507796480
697077871517396992
697076973508558848
697076782604746752
697075313767899136
697074792952823808
697074126524014592
697073306185240576
697072852789387264
697072750196752384
697072263288397824
697071545244475392
697071427384528896
697070556793835521
697070294754729984
697069624865591298
697068840463704065
697065750943522817
697064765680521216
697064686609502208
697063355333287936
697063318003929088
697063198734704640
697061404499521536
697060265641152512
697059965949743104
697059881912651777
697059657530023937
697059176007073793
697059103584055296
697059060089114624
697058801241845760
697057688014880768
697057424310534145
697056949737664514
697056941164482561
697055442950758400
697055289351098369
697055252160184321
697054904360136704
697054740136394753
697054612809908225
697053685612843009
697053193977499653
697052833024061440
697052802346913792
697052743437934592
697052272350461952
697051795030315009
697051748167364610
697050903694553088
697050887865311232
697050610206572544
697050458100117505
697050341322334208
697050036694179841
697049991848685568
697049881995706368
697049667226341376
697049611593101312
697049394126794752
697049387063619585
697049271414030336
697049110902222848
697049096465416193
697049043621425152
697048998675218432
697048988910899200
697048931939672064
697048873735303169
697048865367728129
697048821763706880
697048788016345088
697048765425778689
697048741514076160
697048726074822656
697048683410382848
697048669263044609
697048566364147712
697048542204919808
697047787851022336
697047680640397313
697047317388488705
697046512350556160
697046161643802625
697045177983115268
697044517225046016
697043539864064000
697042892959805440
697039749140213760
697039660401299456
697038709028290560
697037259283902465
697035285314416641
697033102040780801
697032301226557440
697030838265876480
697030553652981761
697030201385988097
697029860472938496
697027887392620549
697027575898468352
697027436379136000
697027371266809856
697027121877651456
697027000574173184
697026732826562561
697025452326563841
697025214878609408
697024128058920960
697022045394063360
697021586033942528
697020875892101121
697020556772663296
697018376929964034
697011280557649920
696999120561516548
696997104544149505
696996641270697984
696995707652165632
696995610038153216
696995478987153408
696993157876043776
696984858728337408
696983824857600000
696982309564608512
696981813735006208
696980669419778048
696980418210336768
696979194975121409
696979064049913857
696978625782894592
696978487677091840
696977428552364033
696977311644553216
696977138411446272
696977108740878340
696976433193709568
696974628023980032
696974188255379456
696973969946124288
696973832800743424
696973423445020672
696972990328668161
696972276378415104
696971852250386432
696971561287307264
696970940555526144
696970807143104512
696969281842475008
696968862445645824
696968692328845312
696968479639928833
696967299194970112
696965944283803648
696963622216445952
696963462849671168
696963316938182657
696962499740971008
696962156277837824
696962026665484289
696961391245197312
696959921087078401
696958885291134976
696958112746459136
696958016894210048
696957358354751488
696956692672589824
696956650700218368
696954801406418944
696951786742140928
696947731189911552
696947448837775360
696945974321815552
696945888703463429
696943980169265153
696942927222808576
696942886303227905
696942628844277760
696942531662184452
696941400252932098
696941393172938752
696941044567515136
696940559034875904
696940193115455489
696940129458524160
696939732626964480
696939499104899072
696938631328632832
696938550705721344
696938449178337280
696937665673961472
696937233102868480
696935924693860352
696935510837747713
696935402545025024
696935207849619456
696935184030109696
696934874524033024
696934622807121921
696934430481518594
696934249681833984
696934201715769347
696932933878358020
696932712708444161
696931952755081216
696931795498045444
696931666493841408
696931125369954304
696930449571057664
696930213662429187
696930028140023816
696929945587732481
696929920996544512
696929799823089664
696929598739759104
696928810470678528
696928724940414976
696928441506078721
696928336371646465
696928255765520384
696927229582950401
696926983880601600
696926866649833473
696926835565793280
696926684545736705
696926508913451009
696926098903457792
696925883899211776
696925869827366912
696925315361275908
696924558188740608
696923698108956673
696923625870508032
696923242037121028
696923001753833476
696921849448554498
696921586700570624
696921548872138753
696921387420815361
696920486672998401
696919753026314242
696919528773591041
696919281590624256
696918579778682880
696918234889453568
696917629001297920
696917151563681792
696917038506201088
696916793722441728
696916696188071936
696916689141641216
696916470157090816
696916129738960896
696915697570414592
696915357773074432
696915269109698560
696915043103866880
696915035759587328
696914891244830721
696914310723809280
696913414828924928
696913170288369664
696913099329110017
696912846970486784
696912411471671296
696912263077203968
696911775556448256
696911474023792641
696911202996211712
696910927359143936
696910903418093568
696910845503123456
696909577447575552
696909577057542144
696909419129368576
696909283384885248
696909208504020992
696909050424918016
696908689580515328
696908457950117888
696908108581306368
696908002289266689
696907932995203073
696907667294408704
696907578308055041
696907336611278848
696907151617359872
696907103374438400
696907083535380480
696907063746625536
696906710007439360
696906345736331265
696906338807316480
696906271283240960
696906147240898560
696905891765858304
696905080516136960
696904834700566528
696904511923707904
696904191340474368
696904148990562305
696903853837385728
696903131821506561
696902843668639744
696902644514729984
696902644145659904
696902305803669504
696901865120751616
696901822808625152
696901443979071488
696901384818438144
696901288844402688
696900746189496320
696900650261569538
696900618993082372
696900559320649728
696899997548175360
696899465500717056
696899060981043200
696898437296447488
696898117241679872
696898009087373312
696897810365480960
696897470744236033
696897462355636224
696897455401533440
696896998440509441
696896874146451457
696896735667294208
696896336612831232
696895942679621633
696895810085081089
696895791743434752
696895742607171585
696895599812091904
696895310434430976
696895134349152257
696895052820324353
696893473157304320
696893103274270720
696892431464173568
696892305307897856
696892209027678208
696892208658518016
696892150898765824
696891721402089474
696891373463601153
696891278995238912
696891119196475392
696891020122804225
696890976216854529
696890786533617665
696890681692966913
696890554638991360
696890056275943425
696889949950341120
696889883172872192
696889457975250944
696889136062402560
696888847355895808
696888540781645824
696887981542502400
696887956129222656
696887668722937856
696887258129936386
696887169198137344
696886758294749184
696886425665429504
696886363434520577
696886093728260096
696885878916935680
696885522489171969
696884788989292544
696884763336929280
696883274317103104
696882862688071680
696882822888296448
696882218858221568
696882136830185472
696881782017228801
696881149985951744
696880966162190337
696879398994116608
696879076405972992
696878665544527872
696878466583494656
696878244142800901
696877970212827136
696877721876434944
696877688070344704
696877510600949760
696877497904791552
696877123668082689
696876970026496000
696876342210486272
696876222047920128
696875985875001344
696875911237402624
696875910859923456
696875843658731520
696875757629521920
696875713815707648
696875479576412160
696875310436855808
696875246859628544
696875059135143936
696874963261747200
696874853450690560
696874696474660864
696874611128950784
696874574256799744
696874458053652482
696874434032893953
696874415565307909
696874223587844096
696874158588710913
696874110740115456
696873797714972672
696873707541630976
696873655096053760
696873528054841344
696873085488668672
696872836426649601
696872771297488898
696872751563276288
696872561867526145
696872474529570816
696872456225579008
696872426613788672
696872396960043008
696872373136412672
696872343579160576
696872130332327936
696872069754068993
696872013508444160
696871955631206401
696871882591596544
696871693185261572
696871582245920768
696871266800652288
696871197611405312
696871149578227714
696870993113919488
696870941075177473
696870862750789632
696870862373261312
696870755166920704
696870232741154816
696870207504027649
696870081884610560
696870049517178881
696869861809475586
696869834697658369
696869814183137281
696869765088841729
696869725591064576
696869421613084672
696869308819845121
696869269875732480
696869100375572480
696868902710542339
696868850936090625
696868837870833664
696868633675329536
696868513181356032
696868499579236352
696868431581224960
696868400585248770
696868371023818752
696868163468701696
696867978910937088
696867883075305472
696867876100141056
696867801294729216
696867781640237056
696867740557029377
696867541507903488
696866808821723136
696866522623422464
696866515379818496
696866490125983744
696866437223227392
696866355962736640
696866355341996032
696866290036703232
696866274568048640
696866148386639872
696866106007392257
696866076009730048
696866013715927040
696865850242895872
696865659204972544
696865581820084224
696865581790695424
696865514954428416
696865507757002752
696865374017421313
696864906574835712
696864527241969664
696864388427304960
696864368764416000
696864115986272257
696864027335462913
696863760368074752
696863662586273792
696863549600083968
696863455106629632
696863320842698752
696863025291112448
696862920714522624
696862902444101633
696862781480370176
696862767295254528
696862693890744320
696862579746967552
696862560117661696
696862536050692096
696862465271857152
696862444317114368
696862264884752385
696862192776286208
696862140347514880
696861716211105792
696861673509023744
696861632203370496
696861286609498112
696861214735863810
696861117709090817
696861032610820096
696860962154876928
696860925672828929
696860736773947392
696860642720940033
696860589331623936
696860589285486592
696860582125830144
696860575058386945
696860486038482945
696860414013870080
696860377187901444
696860346091352065
696860339065921536
696860332044595200
696860324985569280
696860211861024768
696860107359936512
696859988346560512
696859925981433857
696859866531430401
696859866527207424
696859759232753664
696859749422223360
696859690014146560
696859589610868737
696859559504154624
696859515958878209
696859515598217216
696859432181829632
696859363894390784
696859286152937473
696859265118527488
696859168444018688
696859072348327936
696859059350208512
696858981147344896
696858861471272961
696858812288933888
696858776977039362
696858702364561408
696858627638820864
696858595699195904
696858595321782272
696858520084357120
696858459287851008
696858345081143297
696858332460511234
696858325477031937
696858252173115392
696858226654973952
696858107352199168
696858048036405248
696857904058494976
696857760609075200
696857584293138432
696857566005989377
696857547643428869
696857510695686144
696857462675103744
696857435936415744
696857306206588928
696857224774168576
696857206348578817
696857187637862400
696857180662697985
696857129815117824
696857064694362113
696856987351396352
696856907449917440
696856900378370048
696856876319789056
696856785550839808
696856605233516548
696856499872600064
696856439143297024
696856419375525888
696856289591185408
696856185132023808
696856002092634114
696855978340257792
696855774216073216
696855748911869952
696855701264568320
696855700937420801
696855668121161728
696855523212136448
696855510503395328
696855497861783552
696855459710435328
696855422838247424
696855393041973248
696855339107373056
696855313740206080
696855242852274176
696855118273089537
696854949452382208
696854856087130112
696854757013520384
696854678672310272
696854678294786048
696854653481275392
696854527694123008
696854177100599296
696854156737253377
696854129231007744
696854048553603073
696854048192921600
696853867137359872
696853810354851842
696853753199067136
696853679228342272
696853640334614528
696853534155747328
696853466635833345
696853442627661824
696853411443007488
696853301313187841
696853247072448512
696853239925321728
696853232971153408
696853156894896128
696853080747307008
696853056764268544
696853044097474560
696853025684492288
696853007246307328
696852912610242560
696852829273661441
696852655579070465
696852585060249600
696852541552758784
696852470383771649
696852415316828160
696852402742276097
696852295535845376
696852237742542848
696852147535630336
696852134931771392
696852134914985984
696852122244030464
696852078732259328
696852071727804416
696852052052344833
696852028107071488
696852021102534656
696852021081538560
696851976751951872
696851944539750402
696851909244637184
696851885131599872
696851867305799680
696851831738138624
696851717661396992
696851662686715905
696851471610982400
696851467639005184
696851353046380544
696851346058678272
696851210561687552
696851209521467392
696851172737454080
696850909385658369
696850754166870016
696850740199817216
696850640094375936
696850393498677248
696850293481287680
696850225776844800
696850153689321472
696850070449233924
696850052170407936
696850008524484609
696849965868449792
696849820355440640
696849762494971904
696849683696582656
696849478909718528
696849447876059136
696849372949061632
696849348949245953
696849291004870656
696849267093147648
696849267080564736
696849260168359937
696849246142623744
696849204241526784
696849203918540800
696849081482801152
696848973437382656
696848903505711104
696848896543174656
696848844626071552
696848790054051840
696848762908467200
696848755895595008
696848708046991360
696848701046718464
696848573892169728
696848566766084096
696848546956337152
696848540002181120
696848504870731776
696848438655262720
696848431675887616
696848413254520832
696848364176953344
696848269696053248
696848221285421056
696848119229652992
696848106558623744
696847949553225729
696847949549047808
696847942569725952
696847895912271872
696847877608374272
696847870587109377
696847829562556416
696847792707235840
696847709467049985
696847709462859777
696847702512914432
696847688919166976
696847688906584065
696847688545906689
696847616684924928
696847534984015872
696847437705523200
696847326397091840
696847267395870721
696847211473154048
696847211355713537
696847204355420160
696847204351225856
696847169035198464
696847161963589632
696847061564588032
696847048981684224
696847008082956288
696847001074274304
696846994048847872
696846987082100736
696846980073390084
696846886267801600
696846879196258304
696846831100166144
696846763261452288
696846727832186880
696846708026642434
696846567949479936
696846555165302785
696846457287016448
696846370825641984
696846312436690944
696846273098321920
696846207881080832
696846189631680512
696846165535383552
696846087554887680
696846063559274496
696846032164884480
696845956424151040
696845949365153792
696845923834408960
696845892649775104
696845855953805312
696845815050940416
696845766887739392
696845759732264960
696845741436727298
696845717256609792
696845698902265856
696845649635995648
696845642430218240
696845587371560960
696845567599587328
696845519402827776
696845512423579649
696845481322741760
696845431838347265
696845354004836352
696845336002727936
696845321532379136
696845300544049152
696845173028839424
696845117911511040
696845099460747264
696845046922891265
696845040027447296
696845027234820096
696845008859574272
696844984876535809
696844869097037824
696844862054756352
696844835316105216
696844828290584576
696844801359028224
696844758770012161
696844734782767104
696844622702649345
696844587281682432
696844535096176640
696844528074919937
696844447309402112
696844392275927040
696844199946096640
696844187338080256
696844167519956992
696844154848935936
696844096577482752
696844089493291008
696844082228793344
696844043938983938
696843997210226688
696843918235693056
696843911180869632
696843881543958528
696843875013361664
696843861885194242
696843849247764480
696843849235214336
696843836656451584
696843829660397568
696843811230593024
696843811226451968
696843804213522433
696843750622961664
696843725171851264
696843711192240128
696843704212987904
696843704108093440
696843669937127425
696843634407112705
696843604581453825
696843586139062272
696843586130673664
696843579042344960
696843566316802048
696843553608044545
696843529490866177
696843516782125056
696843492467707904
696843479796690944
696843472800624641
696843410263511040
696843403191930881
696843361211125760
696843360854630400
696843273126543360
696843266042400768
696843247847473152
696843216801234944
696843203924787200
696843174203904000
696843160035598336
696843106113576960
696843050375483392
696843037712871425
696843024937017345
696843012052111360
696842951238897664
696842904900227072
696842885182857221
696842813334421504
696842738583498752
696842718966755328
696842683738755073
696842588989435904
696842570677096448
696842558001930241
696842550871609344
696842524015460353
696842509947785217
696842509939412992
696842509935181824
696842491610312704
696842467589513216
696842453551153152
696842418084122624
696842411083890688
696842391211237376
696842391207043072
696842366049648640
696842358550212608
696842346185379840
696842345841426433
696842345833111552
696842338698571776
696842314673565696
696842276434120704
696842276404748288
696842245396238336
696842221341900801
696842214723309573
696842214324830208
696842177414983681
696842109534384128
696842038856159233
696842014860513280
696842007822512128
696841995164094464
696841951472058368
696841883796934656
696841733624057856
696841698442235904
696841691223846912
696841672877932545
696841660215349248
696841660206964736
696841624949641216
696841617831960576
696841581492465664
696841481194119168
696841474072141824
696841474063757312
696841460172214272
696841441767616512
696841411618967553
696841398817980416
696841398809550848
696841363447369728
696841315577761793
696841291666096128
696841291666059264
696841279099932672
696841248154386432
696841248150192128
696841160468267008
696841105355083776
696841070101987328
696841056139112448
696841043505840129
696841023822016514
696841015353683968
696840974425681920
696840974413074432
696840939512287232
696840939122225152
696840939059318785
696840926119878656
696840919115431936
696840906402504704
696840906402459648
696840875461054464
696840840136634368
696840793659559937
696840781009543169
696840773996670976
696840711967105024
696840688206372864
696840687849869313
696840646858964992
696840639892164612
696840627577696256
696840526666944512
696840519654113280
696840482937184256
696840470169677824
696840463215538176
696840439341551616
696840402708467712
696840354796994561
696840336463638528
696840263176589312
696840256046280706
696840232193241088
696840189851750400
696840169945567232
696840155722678272
696840148684656641
696840141680160768
696840110776590336
696840098160078848
696840098143293441
696840091197534209
696840065947795457
696840057676632065
696840045009895424
696840037967622144
696840037950816257
696839994359439365
696839959085391872
696839959047606274
696839950713561088
696839909600940032
696839902655188992
696839890017726464
696839883101343746
696839883067756545
696839857818062848
696839843796508672
696839774783442944
696839774674366464
696839767720202240
696839721184440320
696839714238693377
696839678897467394
696839642952241152
696839584764694528
696839577571500032
696839557728354304
696839557547855872
696839550404993024
696839543236866048
696839495727992832
696839446595932160
696839371450789890
696839364282679296
696839351267753984
696839351251001345
696839326202597376
696839319076499456
696839246745763840
696839232472555520
696839138503315457
696839047486943233
696839034291642368
696839018114187264
696839018101604352
696839018084839424
696839010782568448
696839003832602624
696839003446771712
696839003429928961
696838900598251523
696838893673394177
696838893295906816
696838874484469761
696838867308060672
696838860215484416
696838835754266624
696838828594626561
696838768028848129
696838723120463872
696838710378139649
696838684067254272
696838671060733952
696838640534618112
696838604455161857
696838535198830592
696838479825629184
696838448083128320
696838439027634180
696838431654047744
696838424343412736
696838342655148032
696838323776520193
696838299810271232
696838292801613824
696838254935429120
696838254918676480
696838194084446208
696838175784742912
696838168423718912
696838013754605568
696838013570011136
696837995169615872
696837975162777600
696837962311430144
696837955348860928
696837948273065984
696837921156915200
696837871370526722
696837847450390528
696837828789952512
696837810498568193
696837803510886400
696837785232125952
696837772565348352
696837689333534720
696837665329532928
696837634417504257
696837627496964096
696837592168341504
696837573734367232
696837555468107776
696837541584973825
696837452569276416
696837397477130241
696837346545651713
696837322327744512
696837280049201153
696837273044721664
696837176957337600
696837097731194880
696837072363991040
696837058359197696
696837051388309505
696836935315120128
696836837864656896
696836830897909762
696836830868574208
696836787839238144
696836722655539200
696836671677935616
696836608213946369
696836595605860352
696836588563632129
696836556158406656
696836525187665920
696836417893171201
696836377086824448
696836352969605120
696836340340502528
696836340323733504
696836304948998144
696836281003671553
696836244362252288
696836218881859584
696836179690283008
696836179686076416
696836164188184576
696836164175527936
696836138711937024
696836096479465472
696836030431780865
696836006314532864
696835992292962304
696835992284581888
696835954473095168
696835941629997056
696835862525390849
696835855554490368
696835826047545348
696835819236012032
696835818845933568
696835811774300160
696835725900185600
696835645403066368
696835570777985024
696835545410875393
696835444214894592
696835437050990592
696835322223529984
696835303558938624
696835296533438464
696835283887661060
696835252732342272
696835193244618753
696835158943494144
696835047152705536
696834994870718464
696834986536599553
696834968278814721
696834904374390785
696834885881704449
696834786736799744
696834754478354432
696834720361877505
696834704893280256
696834684819341312
696834658231660544
696834651155869696
696834651151687680
696834625717432320
696834618708766722
696834553650946048
696834471459295232
696834471446712320
696834464433856512
696834464425480192
696834426026590208
696834376634540032
696834345332379648
696834315536113664
696834308368039936
696834294178664448
696834246195818496
696834239015161856
696834231905849344
696834224913932288
696834200779886592
696834193787977732
696834156995608576
696834115635535873
696834067711422464
696834025143406592
696834018088611841
696833943006367745
696833904930459649
696833856817614849
696833838144573440
696833831106547712
696833812920012800
696833766057095168
696833758817726465
696833751565733889
696833727599480834
696833720708272128
696833713477279745
696833689548824576
696833689540390912
696833682452025344
696833659790176258
696833651351252992
696833590160527360
696833583118331904
696833564671811584
696833540680364032
696833526121902080
696833472153808896
696833446664994817
696833446656679936
696833433985687552
696833396891193345
696833347402596353
696833334836486144
696833292285272064
696833278255304705
696833251411767296
696833220352970752
696833201801601024
696833189088628737
696833182096879618
696833167823536128
696833125385547776
696833105823334401
696833098789466117
696833085950668801
696833062034763779
696832971127394304
696832866093629444
696832859084984320
696832790239653888
696832790180933632
696832782861881345
696832770195066880
696832720534515712
696832706353586179
696832687953170433
696832650133176320
696832624677908484
696832624619180032
696832586304192513
696832497410113536
696832436735315968
696832394431565824
696832360541589505
696832347933544448
696832286818328577
696832274214424576
696832261572788224
696832254526369792
696832241851170816
696832228953714688
696832203536207872
696832155578556416
696832094291398656
696832087253319680
696832074527801344
696832026322739200
696831996677369856
696831989844848644
696831982827798528
696831964385415169
696831907925917696
696831895238111232
696831875248033792
696831868277161984
696831861218103296
696831861209722880
696831843346157569
696831842893213696
696831798962049024
696831773385191424
696831726778130432
696831699401859072
696831651154776064
696831644154462208
696831580510113792
696831549585555456
696831542526480384
696831535421325312
696831487262355456
696831474394222592
696831425153085440
696831358526558208
696831344270135297
696831344265924608
696831331540414464
696831324519149568
696831252310011905
696831252305879041
696831245301317632
696831236874960896
696831236866600960
696831142138216448
696831129484013568
696831071313223680
696831071300653056
696831058491224065
696831051478372352
696831038836727808
696831031807078400
696831017848434689
696830964354289664
696830944984969221
696830944620081153
696830930527256577
696830887950884865
696830862525005824
696830844233646080
696830813246083072
696830770669727744
696830750847475712
696830732673503232
696830732640002048
696830702952681472
696830695885316096
696830683038134272
696830657700335616
696830622031937536
696830622019383299
696830591082196992
696830584069320704
696830547574718465
696830500707512320
696830465504710656
696830458567512064
696830416037109760
696830377868939266
696830357962817536
696830350937337856
696830338232819713
696830331303755776
696830301603962880
696830294586843137
696830219567562752
696830158603333632
696830151527526400
696830138877505536
696830100742893568
696830093696458753
696830073668653056
696830066668412928
696829966424473600
696829959197691905
696829952109338624
696829944983220224
696829937836163072
696829919351803904
696829895159128064
696829864087687168
696829840192745472
696829826112458752
696829801823272960
696829789223583744
696829736727638016
696829683019612160
696829683007029248
696829658617159680
696829645904195585
696829588156977152
696829550144061442
696829550139822080
696829481877516288
696829462210424833
696829449547812865
696829394438885376
696829363325521920
696829363321372672
696829311165161472
696829304177463296
696829285902917632
696829271768084480
696829259105460224
696829246266671105
696829246262505472
696829220870225920
696829195565936640
696829171389960192
696829153031499776
696829134580781056
696829127618228225
696829108781580288
696829095963799552
696829089022238720
696829063671865344
696829063655075840
696828996135194624
696828959032410112
696828959032369152
696828935095517184
696828935078694912
696828915151556610
696828902577078272
696828821446664192
696828814500888576
696828756233625600
696828749220749312
696828675883462656
696828651824742400
696828627837554688
696828627837546496
696828542449897472
696828536221356032
696828517330255872
696828517309231104
696828516990496769
696828516935929856
696828509797240833
696828484564361216
696828451961982977
696828427974774784
696828427974742017
696828326111875074
696828300744757249
696828263742644224
696828263692304385
696828245174415361
696828209833205760
696828168913555456
696828139234729984
696828132163264512
696828117956988928
696828103851511808
696828084255719424
696828071593119744
696828046251155456
696827917792256000
696827869876473857
696827869511553025
696827862498738176
696827855494230016
696827799965868033
696827734962495489
696827696693706753
696827624224501760
696827605954134016
696827546403377153
696827467026165760
696827460218966016
696827460034277376
696827452941688832
696827446234984450
696827445874298880
696827445870071809
696827380522815489
696827334158979072
696827326911238144
696827297068773376
696827272787922944
696827272779567106
696827252772724736
696827228814864384
696827216697495554
696827196095135744
696827189069631488
696827146551988225
696827117049282561
696827098653073409
696827098653073408
696827085839437825
696827067518701568
696827040591253504
696827005023617024
696827005019402240
696826950334205953
696826931770097664
696826901034196994
696826876107489280
696826857845424128
696826850421542918
696826831954059264
696826819249442816
696826806519730176
696826770947907584
696826764304101377
696826763947560960
696826763939151872
696826756993429504
696826749917605888
696826724567248896
696826717554380800
696826704824655872
696826692606652417
696826692224966656
696826679390416896
696826672394309635
696826665377214464
696826645525561344
696826632800055296
696826464478502914
696826464457486336
696826433490976768
696826385189335041
696826344252928000
696826331519021057
696826324548083712
696826324480962561
696826317539414017
696826310534963201
696826279694172160
696826260140371969
696826245867155456
696826245753888769
696826197724901376
696826190691106816
696826177890045952
696826088656281601
696826081718849536
696826069043679232
696826054992789508
696826030745518080
696826018061914112
696826011107725312
696826004027740163
696825985644175360
696825955927523328
696825936251990017
696825929327202304
696825882598453249
696825875652685824
696825838025617408
696825838025601024
696825838012989442
696825837635526657
696825825056788480
696825789786894337
696825777153638400
696825753111924736
696825729040822272
696825722090835968
696825685529112577
696825667187388416
696825616440492032
696825609293471744
696825609285033984
696825602217607169
696825595225767940
696825588221218817
696825534399942656
696825527374446593
696825509083152386
696825502124781568
696825494868615168
696825476443041794
696825409925570560
696825402979803136
696825384554237955
696825359178674176
696825334776229888
696825327637569537
696825290803130368
696825283807019008
696825259672997889
696825252588888064
696825252588814336
696825198549422080
696825191381401601
696825149870333952
696825060682702848
696825053908873217
696825053527158785
696825046526889985
696825034426314752
696824980089077760
696824967476826112
696824954843627520
696824942197739522
696824912338485249
696824892709163009
696824789558652928
696824789558636544
696824782591950848
696824756985663488
696824654023929856
696824647044562944
696824617306959872
696824593265242112
696824593265201152
696824578388021248
696824565666697217
696824558477643776
696824545638899716
696824538357583872
696824531218931712
696824524164075520
696824404756426752
696824345629339648
696824325618282496
696824288163147778
696824263689392130
696824217006813184
696824186761678848
696824186757521408
696824179732008964
696824179606196224
696824147930779648
696824088858218496
696824075574882304
696824068113207296
696824055198928896
696824029198442496
696823985737113601
696823928107315201
696823920897298432
696823913674739712
696823913645379584
696823809840537600
696823778102214656
696823778098057216
696823765221535744
696823744958828544
696823707264618496
696823640612929536
696823633239363584
696823620262166529
696823613119270912
696823600230199296
696823587362070528
696823565102903296
696823534534807553
696823534161567745
696823534157303808
696823494479187968
696823457061822465
696823417715044352
696823386496901121
696823367635079168
696823360316026881
696823353609310212
696823353194119168
696823332721684480
696823312660365312
696823305618108416
696823267248570368
696823254447583232
696823247451459584
696823194741637120
696823182171344896
696823077263400960
696823058439405568
696823044304560128
696823008556486656
696823001514319872
696822988910391301
696822981775880193
696822937899274240
696822930911571968
696822915417812993
696822890126143489
696822877543223297
696822852083802112
696822844974477313
696822820752330753
696822784320647168
696822712325447680
696822694034042881
696822687054692352
696822673020588033
696822643429756928
696822643425542145
696822625067085824
696822612383502337
696822605387444224
696822587179954176
696822544679071745
696822537611653120
696822530502369281
696822499317710848
696822492317376512
696822466941849600
696822447278940160
696822439364308993
696822438999379968
696822426412318720
696822400910888960
696822351384588288
696822314554359808
696822301971468292
696822283071934465
696822275895533568
696822247563071488
696822153556025344
696822135017177088
696822127790403585
696822109444505600
696822085163683840
696822060589277184
696822042293698560
696822029576572928
696822022572118016
696821969459638272
696821919216070656
696821881580589056
696821881563799553
696821881555390464
696821862932697088
696821793093341184
696821786051096577
696821688319631360
696821688315478016
696821688311263232
696821675698958337
696821635811119105
696821591003377664
696821571462127616
696821545621008384
696821538574639104
696821531452657665
696821509285785600
696821509197684736
696821489882963968
696821489853566976
696821489845153792
696821489484496897
696821441451307008
696821434430042112
696821399214624768
696821392180797442
696821354385928195
696821323184537600
696821309112594432
696821290406010881
696821283405705217
696821225469808641
696821218461102081
696821198840209408
696821142305116161
696821135371939841
696821128329756673
696821095857414144
696821083123519488
696821070444167168
696821044875698176
696821023878975488
696820992979529729
696820992962748416
696820985983401984
696820941708374016
696820916441845760
696820898167296000
696820891406053376
696820891154382849
696820877241876480
696820851929272320
696820833935687680
696820833587589120
696820808086220801
696820712728690688
696820699881558016
696820576988504065
696820479936466944
696820454518972416
696820377004027904
696820370007928832
696820362839851008
696820355663441920
696820288814653440
696820288814600193
696820281822695424
696820257688686592
696820228127268865
696820189917097984
696820182908428290
696820175903928320
696820161894965249
696820161873973248
696820099521449985
696820085533446144
696820041484886016
696820041480740864
696820023197741056
696820023168372738
696820010455445505
696820010426077185
696820003325128704
696820003312504832
696819996324827137
696819989316132864
696819964053819392
696819939814969344
696819873314287616
696819873310093312
696819764035850245
696819724542308352
696819687850573828
696819607319908352
696819594174922752
696819575313203200
696819548738048000
696819535731490816
696819511618473984
696819493025116160
696819461668495360
696819454651428864
696819401656434688
696819376377303040
696819369272176640
696819356492103681
696819337936547840
696819337928151040
696819337915555841
696819330948820993
696819294655545344
696819270655676416
696819263407927300
696819233737453568
696819233737428992
696819233724862464
696819165621936128
696819141731160064
696819104754176000
696819074978836480
696819068049829890
696819068037255168
696819021090414592
696819014157242368
696818994502742016
696818994502717440
696818948348649473
696818947979501568
696818947975348225
696818905042411520
696818804567846912
696818783692849152
696818776688332800
696818751061172228
696818736683036672
696818706962210817
696818706945474560
696818682735890432
696818669972656129
696818638955745285
696818620626661376
696818589689491456
696818582647238656
696818568642433024
696818539034849280
696818526439354368
696818512421978112
696818499625185282
696818481342214149
696818474144833536
696818361359949824
696818307379261440
696818300341194752
696818258146557952
696818217445040128
696818217319137281
696818203134001153
696818190509170690
696818190492397569
696818172226220032
696818165251112960
696818156875046912
696818142924832768
696818135916089344
696818128827785216
696818110456659969
696818064038301696
696818034325876736
696818019868110848
696818007444742144
696817939803013120
696817932764999681
696817925848629248
696817873491132416
696817831548157952
696817813067968513
696817813067943936
696817771842113537
696817771493982208
696817771485605888
696817750405095424
696817737796980737
696817737771843585
696817719509823489
696817711150575616
696817711142207488
696817681383559168
696817669144576000
696817668775481345
696817616246042624
696817597963046912
