854400356209508353
695339865441894401
688133598466056193
688057519097298944
687786293883998208
687738351282028544
662322557513654272
655074009676025856
654740343921881088
654419919866454016
654096120079978496
629779585056374785
627165687929180161
626444132509089793
625844380012691456
625724860279361536
624655011205640193
624375794039697410
624262279513505792
623905869655216128
623665071571472384
623554818670379008
623540401543077888
623330470445494272
623311447553019905
623268054999302148
623208786417745920
623189604921819136
622096493353136129
621837575611744256
621750629992636418
621741016291282944
621464469554618368
621378414902009856
621101527092977665
621017740451512320
620999185358155776
620757425017131008
620666447295975425
619552502799699968
619243765463584768
618903364101771265
618485222112231425
618476767297171456
618228715378487296
618125326116241408
618107725457682432
617395000683302912
617075363470905345
616365491313995776
616364487872942080
616350574716424192
616054610332024832
615942599942144000
615926073952305153
615687888114593792
615610718000275456
614916139898920961
614906805072703488
614870868947107841
614825559684583424
614533621760724992
614533152208334848
614532216693985280
614531750509699072
614531440298995712
614530718870278144
614530711337332736
614529902994309120
614529293356433408
614528692161679360
614528141826981888
614528133832667136
614528062504308736
614527277196447744
614527270397440000
614527263174848512
614526105517604864
614526097804279808
614525392783716352
614525164890382336
614525157315481600
614524566115741696
614524555768434688
614524157598928896
614524150221160448
614523956616302592
614522353410686976
614521027133964288
614508473435357184
614479240310845440
614478272114503680
614471888203608064
614468995316518916
614197089073954816
614176301662875648
614148534032551936
614130131662151681
613813912258019328
613808440847110144
613768802027704320
613515921638830080
613437213053837312
613416159900086272
613161253700108288
613041342193602560
612033869332680704
612026588406788096
611971753066127360
611967924710961152
611588796656676865
611587232902688768
611230383955312640
611230188412600320
610874527434821633
610868386109763584
610513157149200384
609417647961210880
608743762429235202
608743720494637056
608743407633104896
608696183440162817
608329744950677507
606576475282669569
599263829055250432
592721745557204993
592463315965640704
592448142483783680
592402831044452353
592357574994825218
592181213579714560
592180549134856194
592180511549730816
592180371787157504
592116258608320513
592085693096009728
592056008102449152
591995108196683777
591768477775495168
591753796306341889
591748783949516801
591712272696750080
591711282912301057
591710891105615872
591693471364222976
591644886618669056
591644124819816448
591633993025466368
591422739413630976
591410815833628673
591410393366429696
591398063106723840
591397829622370304
591397517134180352
591393002058227713
591392413026881536
591390791425134592
591390686693339136
591388484763451392
591386717216616449
591380733962268673
591344047823790080
591343647272128514
591316700626300929
591271207862800384
591047703083094016
591047606828044288
591046662899924992
591046333911281664
591045634209132545
591045187079507969
591044042336514048
590999132413628416
590960133812817920
590959700104978432
590956754659213312
590950985226330112
590950097220808704
590924958940823552
590924575610785792
590924308903366656
590923808153841664
590922090884169728
590920121981411331
590910339908141057
590658313068662784
590656551716855809
590655694984105985
590650864479645696
590631854681812992
590630441331335168
590630046785789953
590629503405318145
590629178439028736
590571397455425537
590564613634150400
590329195445649410
590323024018034689
590305473171042304
590305130198605824
590292684205527040
590292580270624768
590290206487543808
590289827976712192
590289284537552897
590288467193569280
590286915116478464
590283634466115586
590283599166877696
590283205812555777
590252288377163776
590252002711506945
590251083202568192
590250547032133632
590250075701424128
590249393745367040
590246869533495297
590246262022090752
590243940957171713
590243729190948866
590200549372395520
590183685162291202
589956746992439298
589911486467833857
589900086080995331
589866194028646400
589850102887485441
589846504648679424
589846416505380864
589820874934456320
589819696574177281
589819256839081984
589818809487269888
589637992748158978
589636744925958145
589629568253698048
589594711171735552
589593466033676288
589590470604402688
589589303476424704
589588781155487744
589588151192006656
589585670575759360
589585533422030848
589549108253229056
589523804612730880
589522551019208706
589521293185126400
589520038694035456
589518822933024768
589511349731926016
589507515584413696
589498116996407297
589498056023810049
589497927539658752
589496205312299008
589474159899516929
589469986793529344
589468198157750273
589466946137038848
589443369492815872
589293355575586817
589292626022567936
589282309980889089
589234445858639873
589233982245474305
589232863259701248
589228823482224640
589228613070753792
589228501351333888
589228314788659200
589227856183463936
589227484517826560
589227250668601344
589226896245690368
589226467508162560
589223369293189123
589223229455081472
589219566447828993
589201589853761536
589186617987870720
589151581876027392
589151307576967168
589150995461967872
589150373237039105
589149896319504384
589148677840580608
589141223354470400
589141147303350272
589137662486777856
589137249771466753
589136668206043137
589136406573776896
589134574069817344
589117587243421697
589116834655285248
589116183300866048
589113079046144000
589099490113499136
589071458468438016
588924982685634560
588924670843326464
588924634520625152
588881317007351808
588881074727452672
588880729364279296
588880344650158081
588879974343421952
588869545093238784
588857048709890048
588854266070085633
588848403813011456
588847725011021824
588847055713406977
588845078560407552
588844734015152130
588834104147189760
588832608714235904
588832404074172416
588831632175431680
588831411584389120
588831016896237571
588830866740154368
588829869393383425
588827861714251776
588827699587584001
588827463507017730
588826916007718912
588824961600610304
588799593455857664
588797572623405056
588796843724709888
588796459840974848
588781852711751680
588780060116529152
588779423685414913
588779232450351104
588777215321509888
588773655900917760
588773297392750593
588773099371237376
588772704230113280
588769171548164096
588768861324873729
588767195020169216
588758666175647744
588747695403085824
588733472170061824
588731915747753984
588563536474832897
588540518566526977
588508820982239232
588508555273113600
588508301870043136
588508049595191296
588507053435432960
588498690043564034
588479414545055744
588475541013057536
588459333014265856
588455104535076864
588454662359027712
588452978937331714
588431760356020225
588431563714494464
588420234798702592
588420057610354688
588419684799614978
588419046606970880
588418822131990529
588418252956565505
588402965918023680
588402761567371264
588401462473924608
588391644279406592
588391520547409920
588390934863220736
588372717520429056
588206447181373440
588166533500669952
588166410913783808
588166079005921280
588165854937780225
588156788152729600
588152882526027776
588149002228473857
588146125678505985
588145034706300928
588142499987722240
588129662624141312
588112291465277440
588098180736245761
588087434719657984
588085882969858048
588085228436062208
588078832537702400
588077264434290688
588070507469217792
588060017087086592
588056624260059137
588053992669892608
588052931720642561
588052495366234112
588030125750493186
588029685805776898
588026648391475200
588019619652366336
588019386251902977
588016197033132032
588010289364398083
587854987666952193
587854903118209024
587803729002303488
587802140036345857
587797658124730369
587794377759531009
587794179633221632
587793904780480512
587793562600783872
587782763467550722
587782540502573056
587777267264131073
587774265241378816
587773085853491200
587767422972637184
587758633951174656
587758201539403776
587754402691190784
587752192494272512
587751948599734272
587750563267248128
587719914267389953
587719618296295424
587716507838193664
587712577796345856
587706979377741824
587682027194822656
587681651112554496
587681419180158976
587675682433445889
587675578670583809
587675166114611201
587670955792568320
587670645770625024
587663490275393536
587662534783533056
587658727701946368
587656811219529728
587655908232015872
587655283159080960
587654532135456769
587654107562782720
587653182324547585
587651942777622528
587651453759565824
587646124820860928
587637590670446592
587512487173472256
587512439408738306
587489314646265857
587479938921406464
587479725582327808
587479618740883456
587478970796355586
587478432881094657
587473679094718465
587473081494437889
587472554996006914
587470222157750272
587467884105863169
587467405326028804
587466307999629312
587465307364573186
587464787744821248
587462113800560640
587459727224778752
587459445333983232
587458992948948995
587458717576077312
587458012891099136
587457802966183937
587456174804439041
587454977481674752
587454356703723520
587453889672167424
587451753253089280
587450253344804864
587449400009461761
587448286585327617
587446642351058946
587442918564044800
587442319944650755
587441606246076416
587440468205506560
587437030721728512
587430516787322880
587429913050787840
587429313005273088
587429026584596480
587421155830562816
587413506233737216
587392244992188417
587369378632445952
587367356738863104
587359135441649664
587344514957754368
587343865872388096
587335814809423872
587329482052145152
587326370964836352
587318483307757568
587314891498717184
587309788339445760
587303610259652608
587302037538242560
587300590943776768
587300433485377536
587296044360146944
587284103398985728
587283730781249536
587279819345268737
587254790125531137
587254750711656448
587241576327356416
587239364918317056
587239338137690112
587146674025271297
587145900155281408
587145831309905920
587132410812239872
587128093128527872
587120885238075392
587119236461432833
587117757629538304
587117396059533312
587117087270678529
587116003902914560
587114158799224832
587113217874231298
587111531134914561
587108457460801536
587097343436001280
587092532414169088
587090139681140737
587089365886640131
587088746232713218
587088315037257728
587083828453187584
587068679570919427
587062381542412289
587062202969915392
587057233260711936
587050699390758913
587042344169406464
587035331322445824
587033648647421952
587033157033013248
587029880459538432
587020647194238977
587019502019219458
587018008771436544
587016434267463680
587016021610926080
587015315529150465
587014876201033729
587009313731817472
587002643165265920
586998749085376512
586997544284135425
586996590323183616
586992600588029952
586992335768031232
586988218714685440
586987914531225600
586987876778246144
586986885622317056
586986440354992128
586985496363999232
586985214909358080
586978910044168193
586973773057822722
586970244998008833
586965381899665409
586962975786868736
586962965598904320
586962583581634560
586962166504271872
586951472257970176
586948968065576960
586948852701208576
586947678199615489
586947573933420544
586947375182151683
586946657641594880
586945457466671104
586945338818215936
586945147591495680
586945110052507648
586945063072043009
586944988107247616
586944749828833281
586930475601543168
586929987296477184
586929595179347970
586929027849437184
586914622407487488
586912141141131264
586911758150807553
586911275013115905
586910657770995713
586904784667414528
586896895458455552
586895925991251969
586894110797107201
586893234963554304
586783580568719360
586781979774844928
586775706048208897
586775457623777281
586768292766842883
586766002119020545
586764241115328512
586763934553616385
586760454002708480
586759819979173888
586758657238417408
586746734308503553
586743880416002049
586737366578020353
586736641022144513
586736410322800640
586732292069986305
586731100199747586
586725221748473859
586722360608174080
586721044330778625
586719387802935297
586717476026593280
586716905106321408
586716645214662656
586716288598147074
586715093372571648
586713402887671810
586712891304226817
586712678560706560
586709995313475584
586709525899546624
586709354771914754
586708184489836545
586703211131604993
586701118563991555
586700493138722816
586696013093539841
586693826108088321
586687164802433025
586684054369542144
586683236991963136
586683129806524416
586682602620239873
586681691525132290
586681572805320704
586681291334008832
586680612003516416
586680380155006976
586679834253754369
586678056292483074
586674785939169280
586674520817152000
586673152341647362
586671881572462592
586670819201265664
586656882833534978
586651334373326848
586640901784477697
586640720397647872
586640504462319616
586640291270037505
586639723147304960
586638583944982528
586634768881586176
586632732765134849
586629225118994432
586628882754736128
586626963520884736
586624399702228992
586624002317103104
586622653034704896
586621050646962176
586613880442359808
586604213297291264
586603326873042946
586602626688483328
586601620785344512
586598388793126912
586590709135749121
586589526555893761
586588380747542528
586585614855700480
586580793293574146
586561909010345984
586559536342794241
586552523294552064
586545815507746817
586544511498633216
586540013829038082
586538512163344384
586538488473890816
586419164870348800
586418477923041280
586417415459770368
586415974187798528
586409676050305024
586402281060306944
586397963540234242
586397140450086913
586395702655262721
586395513978626048
586395289474314240
586388698599567361
586385845738835969
586385715631497216
586385653924933632
586385357886722048
586382345306947584
586381185695137792
586365678518673408
586363595283279873
586362025560956928
586361800700076032
586361710287708160
586357054912102400
586354980124143617
586354442288504832
586349336730079232
586348646200844288
586347964408270848
586343495079591936
586341846315442177
586339428685066240
586339005999910912
586338626386071554
586336841369956352
586336250426032128
586335508927680512
586335070979391488
586334459252776962
586333602540994560
586331601719562240
586326950286733312
586326054572204032
586325778775674881
586325680075354113
586317607457796097
586316447187537920
586313924364017664
586306452962181121
586303737481695233
586299448273297409
586297251162624001
586295546425565184
586294194920153088
586291124941250560
586286713066098688
586282463053402113
586279914619465729
586279641670938624
586279499240701952
586274919668940800
586271928484290560
586270587691126784
586268479721988096
586268170404700160
586267907467911169
586267778719555584
586255862429278209
586249485711503361
586247344271785984
586240393320214529
586240274780794882
586240100281012226
586239256848424960
586228033662488578
586227861637312512
586223709041614848
586223238667186178
586222900690034688
586222882922958848
586220281988911104
586220219842048001
586219998781124608
586219768568352768
586219715162464256
586219439084838912
586219427261100033
586219254040637440
586218478316556288
586218467302498304
586218239987965952
586217810121990145
586217714601107456
586217475471118336
586217440859656192
586217132834230272
586217075187834880
586216573251280896
586216474743681024
586216235643219968
586216133004550145
586215948681515008
586215719001399297
586215666555858945
586215581034147840
586215305338159104
586215198505246720
586215093379039232
586214728696889345
586214685239828480
586214393563652096
586214191930966016
586213503674920960
586213401866739712
586213375627042817
586212954778902528
586212772494483456
586211979892654080
586211914314809344
586211559380135936
586211245822468097
586210985641291777
586209468708364288
586202278324936704
586195272964956160
586191697056374784
586186340804366338
586173727932456960
586151549937721344
586051601783062528
586044045350150144
586041602033917952
586041379698016256
586040744172888066
586034121002115072
586022418793291779
586021375850057729
586017202735710208
586016796018225153
586016455855964160
586016016339116033
585999892411097089
585996681524580353
585974473410523137
585964766633463808
585951757487874048
585942132680069120
585941740516835328
585934479509729280
585925272773332993
585921613599617025
585917739098701824
585914361497006080
585913523059859456
585911382417125377
585909247617011712
585907962289364993
585905940630765568
585901388552482816
585900337497645056
585898316736540673
585884808938594305
585877719495225344
585868825687560192
585866355569623040
585864491717398528
585855785076269056
585853970704269313
585849646829809665
585848390065360896
585845002862854144
585839255982735361
585822320687763458
585808477974474752
585804335419826176
585689365835296768
585689137019297792
585680242519474176
585679616171503616
585673171443048450
585665051501146113
585648610001477632
585642052395892736
585634013286686720
585630535990517761
585629909499936768
585629565885747200
585618208402575360
585611647450009601
585609453170515969
585604281807536129
585603260020559872
585602346199166976
585599510459637762
585597811950948352
585596633519415297
585596505907683328
585593871461023744
585593679437549569
585592446597357568
585589287866863616
585588933091840000
585587849950580736
585586185474453504
585584962792988672
585583538294005760
585582844031930369
585581751289958401
585579425044922368
585577661524746240
585569262384840704
585563663475564544
585543310913249280
585532542125617152
585520129917747202
585518926060195840
585517549955239936
585515869230473217
585512689524461569
585512672105496577
585506229742653441
585505917728333824
585489532339884032
585482965716705280
585446725722087424
585441641470660608
585324733484306432
585324391942103040
585312797384249344
585294825039110146
585289855501897728
585289595027238912
585289152016486402
585288587979042816
585288141503766528
585287800330694656
585287315901157376
585286986413445120
585286372535054337
585285263313784832
585285251389239296
585284578589347840
585284003541819394
585283815477649409
585282522155614208
585281568014348288
585279345750474752
585277034797998080
585276713216512001
585273092093579265
585272923268784128
585272697610862593
585272535807209472
585271759298957312
585271509695901696
585271235245838336
585270477490298880
585269453757091840
585267229387722752
585266382507413504
585264969744154624
585263591428759553
585262564897988608
585261417181261824
585259826025865216
585259333274873856
585257271472496640
585256976302514176
585255456685162496
585254234234331137
585254024242278400
585253937973821440
585253530795057153
585251510608474113
585250310404210688
585249326697328640
585248446149480449
585248187016839168
585247880060903426
585247618227314688
585247429936545793
585246297231204352
585245100604694528
585243615384870913
585243329434001409
585239280110411777
585237652879773696
585233535532863488
585232683694862336
585228073487835136
585227789697036288
585227729533960192
585218530351550464
585209795675717632
585208919481389056
585207400858312704
585203970395643904
585203354743148544
585202237388890112
585200859446956032
585197082601861120
585165803533631488
585165220785467392
585153745756921856
585152499742478336
585150899040882688
585146674730946560
585142058639302656
585130575545008128
585128504825524224
585128269726396416
585128112679030784
585127218025631744
585120324200566784
585120292848054273
585119722405888000
585116384352280576
585110315488030720
585109971706089472
585096823381094400
585096621307863041
585078287044517888
584954143065772033
584953764215296000
584933859231268865
584920149360123904
584902116918960128
584899462394327040
584899163126497280
584894104548413440
584891519959597056
584883935131213825
584883343151407104
584882308110426113
584875458254114816
584873819543732224
584872193676316672
584871890558156800
584871410381660163
584854516496859136
584847416584613890
584842145002950656
584839559227150336
584824091120513024
584812729241731072
584811018376777728
584802161185304576
584799696033419264
584798727895818240
584792657546747904
584791376807604227
584790693010243584
584772940740206592
584771572440793088
584770123984015360
584739432068030466
584618299700355072
584604217328832512
584590837117362176
584557478790041600
584554368143237120
584553335400730624
584551872448430081
584520628289437698
584517997001248768
584503508373635072
584502761640833025
584502015482589184
584475590486523905
584442318280720385
584431100564385793
584430303982166018
584428135073984514
584420538124279809
584412525623521281
584412034923536384
584409939403149313
584384979880148992
584363675911266304
584363306523037696
584345231602028545
584216782275125248
584215050858078208
584211396155408384
584211296624619520
584209065372286977
584208775780765696
584197731456917504
584185579513847808
584175078931210240
584168888197189632
584166659935481856
584154437137993729
584148503481417728
584147465827266560
584145333682360320
584144387745034240
584143628638916608
584122772240015360
584105393611083776
584102134959902720
584090901267386369
584090258435805184
584078263665889281
584053568530853888
584050548808134656
584037723607994370
584033660174643200
584007496894808065
583998534585679874
583847480871247873
583844927580332032
583843618286362624
583840205616111616
583832266616471552
583827265445732352
583824649550598144
583814435657089024
583811351191097344
583810404306067456
583809430585614337
583806615561732097
583806272006291457
583803769776807936
583801222550851584
583800097005154304
583799911898054656
583795738485760000
583781114696736768
583777572351115264
583742593344745474
583741896498913280
583720577032036353
583698295505063936
583694782532202496
583694090287517696
583692266985762817
583687784306585601
583687260744192000
583686008601837568
583676053203263488
583674835793879040
583669796232769536
583660525038374912
583657076112564224
583614698215510016
583524649847271424
583462115949715456
583455408376811521
583451936600391680
583451689975287808
583451210780319745
583450864263696386
583450570121351168
583443114775285760
583429906740031488
583428828900364288
583420415881543680
583418394940018688
583399786503540737
583396247379116033
583388422154231809
583385068258787328
583364042086973440
583355638249467904
583349749517934592
583332900537380864
583317750430314496
583310546843234304
583309593192706048
583309261310025728
583302177029926912
583300673095086081
583299562825129984
583286480149213184
583107534233337856
583077943947046912
583077107690946560
583074394047541248
583070231943200768
583066113962967040
583050507939254273
583045342892937216
583036123129069571
583033847576563712
583026191512125440
583026043331612672
583025434683539458
583017143685423104
583015956705722368
583012714345189377
582987122249859072
582986828749217792
582986339986976768
582970349131808768
582968387384557569
582967919040135168
582967670347337728
582960324942389248
582956071557320704
582950535176679424
582945603811840000
582945016751861760
582944553688133632
582936886856941569
582905141143048192
582797157691883520
582749811914477568
582749255414185984
582726681493913600
582724953495072768
582716323781861376
582713108013146112
582712328870744065
582686867780448257
582686686498435072
582685339837313024
582681149245276160
582678826028650496
582666347319967744
582649395427946497
582648279449489408
582647913509040128
582647206479413248
582646967169212416
582646418130673664
582633455860604928
582623881120239616
582621715705937920
582604239261700096
582591484676808705
582589453077598208
582582386627473408
582581828692762624
582556474531934208
582542944147673088
582541076033978368
582540801772646402
582403017044992001
582402196001595392
582346579769581568
582341108857892864
582318671961288704
582304288245858304
582301277096394753
582299554147540994
582297930675032064
582262955024191488
582256015829143552
582254963075649536
582218389898145793
582212482116141056
582197426552852481
582064204984651776
582055704229367808
582055448511000576
582032828478590976
582031969950654465
582027286725062656
582020759423299584
582015182139850752
582010953312546817
582008353057964035
582007543897063424
582002054916276224
582002032199868416
581998616375521280
581997606705975296
581995190467960832
581994784572596224
581994447266664448
581993354612772864
581992035814641664
581991791974576128
581990644245114882
581989695480983552
581989642628558848
581988686557945856
581988598917918720
581984219393617920
581983241227268097
581974929123356672
581971208784117760
581970801240334336
581965836879020032
581962976963465217
581959513982398464
581958930529570816
581958414789672960
581957152442621952
581956655463706624
581955939038859264
581954538451656704
581954026171981824
581949485477134336
581948147406008320
581941613766844416
581925041010536448
581906246661382144
581894004473659392
581893598561505280
581886735329558528
581878772154142721
581873213430317057
581867512100323328
581860586050465793
581848279140343808
581819448564154369
581802985384185856
581685898254790656
581667999754502144
581655594269954048
581615981077790720
581615348597706752
581614832421445633
581614805552738304
581613813721509888
581610400719843328
581609225450729472
581600848469360640
581594695718973441
581590138897092608
581586692726857728
581581909790101504
581573691105902592
581558467204235264
581545610412584961
581543850562338816
581532032410374145
581532018116145152
581529980938498048
581522779675189248
581496324022890497
581491102747774976
581489708934418432
581487374602887168
581470674528563201
581328323193614336
581296080391811072
581262890918899714
581252590303854592
581249930217541632
581219941774295040
581209736252669952
581208797403713537
581201583364554753
581197092410036224
581155309483401216
581154795706277888
581154260051714048
581153137295233024
581151471024017408
581139242857824256
581109883363151874
580951123093114880
580950647970799616
580913098275442690
580907563467735040
580906347765506048
580898801231134720
580897580873175041
580877173076008961
580840935199641600
580821975423008769
580781101305626624
580572710083948544
580572376330555392
580572172734873601
580527079147503616
580511132722565120
580479543238086656
580475681668235264
580455087346188288
580429462258331648
580425402620968960
580385416047529984
580384080514056192
580246177494364160
580246058170654720
580172269156057089
580164199763947520
580162961060188161
580147051129802752
580142203147669504
580127137371275264
580084437590749184
580081619773452288
580079010647961600
580036332258357250
580000663020552192
579859324039663617
579852869811052544
579817387257532416
579809857722839040
579764692756856832
579751278307217408
579726469867315200
579725564912660480
579724941462876160
579724500285063168
579719250102865920
579673972645576704
579670874531360770
579654113417297920
579493389248282624
579454455868882944
579438396478595072
579432467796393984
579431135714799616
579397133666639872
579395413360300032
579387048047558656
579378862221447169
579378044013408256
579376469954039808
579354622302666752
579348619783884800
579347856135319552
579341782007353344
579337126749204480
579334320227135488
579330441632583680
579321827375235072
579311563116453889
579152745766072320
579096933114982400
579085300367933442
579040044289118208
579036995831209985
579003058371186688
579003045519847424
578995272333717504
578994309795459072
578987120238301185
578986968698097664
578986865417543680
578980467304615936
578978101822017536
578972953959755776
578965747793207297
578965440858181633
578964784156020736
578964488315011073
578964188673896449
578963512598261760
578963371610935296
578963178660327424
578962913202827264
578962686462963712
578962520976662528
578962095594573824
578961927264550913
578961346273759232
578961036780261376
578960398172356608
578960305167847424
578960092801843200
578959720246984704
578959148898910208
578958493647970304
578958243688419330
578957322413678592
578957117752655872
578956978606604288
578956968397709312
578956791968501761
578954222785318912
578946952093544449
578946198653923328
578927820178522112
578903923517300736
578795668463976448
578793318345129985
578789637893660672
578762618325762048
578709877003964416
578704292896346112
578700245132926976
578680663865303040
578665658776477697
578665144705773568
578642944493670400
578632247734980608
578629140967858176
578626778685566976
578591317434859520
578591064035975168
578589518002933760
578554200210046976
578551897134514176
578541677779947521
578436768397049856
578351660382093312
578298988471808001
578298267466792960
578286922650378240
578277053071372288
578274697797771265
578229703875518464
578227955802853376
578224894657236993
578192627507433472
578036128965513218
577982734875824128
577977646144847872
577976456451493888
577922683905576961
577864149926957056
577863565991784448
577700482359140352
577635504197226497
577621784909873152
577597020019380224
577596063164452864
577566576901132289
577564845530177536
577560741366005760
577530791552380928
577527457844109312
577509923296153600
577503977559867392
577503829886828544
577345473662427136
577319417253494784
577319135547289601
577305022523834368
577298421431717888
577277419511386112
577272926820376576
577272731302912000
577214814126096384
577201714123698176
577182546288455681
577178327699484673
577137213558906880
576970767469957120
576969636261928960
576967792055836672
576945098887335936
576944216833576961
576897652207460352
576896220569866241
576865485326721024
576862139895451649
576850929091149824
576812638006472705
576812236628443136
576810201401159680
576789069889327104
576779720173355008
576777384122191872
576776354399526914
576575290995953664
576537533401554944
576490521947852800
576471051149824000
576469117852479488
576463256874668032
576442769759084544
576397801409552384
576387951950585856
576244310917558272
576244199797886976
576178831381258240
576174641753907200
576170887348535296
576169030337204224
576164824658288640
576155298928463872
576151752342274048
576110767759462400
576110581964472320
576080904138821632
576073797876367360
576019856262238208
575904675658010624
575874574425853953
575830133916876800
575819726338719745
575817947454705664
575811649585577984
575804432715132928
575802733883588608
575763175632564224
575736424034607104
575713975897210880
575699312891457536
575461559788417026
575452670359547904
575451020316160000
575432335757176833
575430447372460032
575428925343600640
575427745011736576
575427367683821569
575417937735106560
575370591194120192
575367682305826816
575325550144675840
575164144980127745
575145239117066240
575135752398352384
575134711745400832
575126624028463107
575126149816270849
575113150888026112
575107168443105280
575106490127810561
575102010745204736
575101698911272960
575099148522889216
575098725518848000
575096829055889408
575094330534281216
575093412300525569
575092771591221249
575091619772428288
575090693812649985
575090139724148736
575087161759916034
575083719964295169
575061077471330304
575038473733730304
575028176427995137
575027170134753280
575024500271513601
575023765282668544
575020137838854146
575016221688516609
574970516492001280
574920540739145728
574790324855312384
574786602494337025
574774722933608448
574732524036849664
574731961299660800
574731213660782592
574729791607205889
574716989387620352
574716020117618688
574706236714680321
574691451373666306
574659958676967424
574635675510706176
574615654340423682
574600520813395968
574403137533972480
574400636210446336
574374370476339200
574372868638707712
574337888931815424
574335073043922945
574321615778938881
574253678347087872
574251810157785089
574242021315051520
574052491286839297
574052027409375233
574051390286254080
574049453734162432
574047451327303680
573993140887015424
573982756490772480
573940892270129152
573938908678881281
573938517669113856
573925531982282753
573720584657358848
573694800316080132
573683978151989249
573639060234747904
573638677043109888
573637104653103104
573631128315129856
573574066377883648
573556197514596352
573497375576055808
573495361605607424
573483106612576256
573374075311030272
573372894094340096
573294812067053568
573280172964634624
573277994950635520
573248472498905088
573241846027055106
573215066444603392
573213287006937088
573167021027799042
573139178088579072
572956036564328448
572954515776749568
572954392451686400
572953004996870144
572952254984015872
572951879732224001
572950795529789443
572840992421879808
572828536345649154
572819469245931520
572774650721128448
572773900389466112
572458560128335872
572457354983129088
572455495379779584
572445922887540736
572285287654506496
572128057743429634
572127267113074688
572094139795443712
571932480581730304
571878630613127168
571847014083923969
571836602797858816
571834058818240512
571833561512218624
571716552321462273
571502332837412864
571501233321598977
571441027053019136
571439723073265664
571429945949290497
571355233441308672
571083285406752768
571020188935540736
571017643324346369
571015574790090753
570999226282278912
570752725690003456
570751842000498689
570644746164514816
570644017735602176
570364746240647168
570342578484158466
570297927232393216
570107772181745664
570035234214842368
570034730508226561
570030073115316224
570021901545791488
569983323197419520
569935876865654784
569697626729402368
569697510668636161
569696650676953088
569695822247374849
569686505158938625
569633864085217280
569622506551668736
569622287663525890
569622215546654720
569559331231834112
569558284115406848
569555786147307522
569332999952531456
569286333547417601
569285983889281024
569250606742786048
569240194752196608
568951033071693825
568950431381987329
568915777564188674
568893367985131521
568863744266121216
568854155026042880
568656678968627201
568606202004811776
568601047343587328
568598794134114304
568597502347198464
568595258210021376
568594694311030784
568594204084948992
568593638541946880
568593042980016128
568592214843981825
568516986801508354
568484529863843840
568480939426390016
568478293642444800
568455019957075968
568447842345312256
568161621597515776
568136670752538624
568108069994889218
567873919107010560
567872893410869248
567872266681192448
567870782648365056
567870174835052546
567869275525902336
567805775088787456
567754713275359232
567753208269778945
567730265544327168
567506099599708160
567499441066999809
567499028297166850
567456257783517184
567428781543927808
567399371860238336
567367939825741824
567218460178935809
567218060805689345
567215891696189441
567195812212396033
567192496321482753
567191300277944321
567145982006013952
567142672847372288
567116888879005696
567116055114305537
567067024053268480
567058362307600384
567042748943831040
567041420167368705
567009454269272064
566988770784710657
566988372019666944
566987725421568000
566814975931338753
566814499332571137
566813551201755136
566813425674641408
566809375436591105
566786688005844992
566786423643066368
566771062436687872
566769906243227649
566769123946803200
566766283517988864
566765762543509504
566764707944472577
566764180342984706
566733771689320448
566719117344780288
566717951567351808
566688594979344384
566688395767054336
566672316499648512
566668521824743424
566667439157411840
566659922943688704
566628059634491392
566614913397710849
566496663716384768
566467325302296576
566466780386701312
566464604822183937
566463181615144960
566418435177861120
566409778469941248
566407790608924672
566378951174414336
566325924786745345
566323384577847297
566315054027395072
566313871728599041
566313113209671680
566280823750402048
566119999765372928
566105585255710721
566105345240875008
566103382994071553
566070081298255873
566069340999393283
566067755527311362
566051603526873088
566034574438703104
566032214404505600
566030007701479425
566029004793069568
566028503284326400
566027733403041792
566027500799541250
566026644230389761
566025481246343168
566024897290178560
566024539616714753
566022819058696192
566021856130396160
566020544194031617
566020218472787969
566019760920350720
566019310271754240
566018807806697472
566018163230253057
566017520067297282
566016675342864385
565999387835244544
565998472843653121
565976182097596417
565970672766025729
565969418694307840
565967361904111616
565963643246747648
565951552355966976
565939864193867777
565938642296647680
565937101271609344
565934200109674496
565927516066418688
565922422482669568
565909340553371648
565908137203355649
565903665941069824
565903182853705728
565741837244047362
565724457046515712
565699348307382273
565694573302001664
565690278125002754
565677057544564737
565657651103932416
565655001851494402
565578204614647808
565544762070302720
565268952608411649
565244484284215296
565244464357068800
565235951199588352
565194320479653890
565148227620458496
564965710707695616
564950159407083520
564946954510032896
564945742897246208
564944625761124353
564944206469160960
564943510881570816
564943081120600065
564942995942686720
564942800056115201
564942768317804545
564942472862629888
564942287516348416
564941872754200576
564941659821973505
564941163635822592
564941069050060800
564940681643171841
564940279476547584
564939511184883713
564939383392833537
564939105797029888
564938972942454785
564938572818423809
564938096119001088
564937741884870656
564937598141865984
564937252527022080
564937224135798784
564884972377366528
564882126248476672
564861536200433664
564836911915597825
564831548948508673
564626237050454017
564567666082320384
564565368522276865
564559325331734528
564533184725925888
564496330794762240
564494394251030528
564482938210103296
564468756915560450
564247389280559104
564244344274956288
564244150946889728
564242950713266176
564166770877943808
564108589003177984
564106412104900608
563893955834568706
563831210464780288
563574274267430913
563470733884395524
563426349755269121
563398325244665856
563183470868832257
563178698187096065
563167653838069760
563153270697254912
563097677047816193
563091880721018882
563091048977952768
562689828320710657
562421541506260992
562421126660227072
562420919700705280
562370250314747905
562336320870047745
562309746288381952
562091411722354688
562037601574461440
562036822658650113
561990466527170560
561989516723249152
561988591396462592
561972229039456257
561791295740338176
561653069411545088
561647087356370945
561646423158956032
561645405575053312
561402322199531521
561316756120023040
561315925400371200
561253085968748544
561245394588282880
561243776446771201
561241712048107520
561200619789484032
560959796191719424
560959174427688960
560891453186916353
560598277230305281
560596903239225345
560513089104142337
560493306262462464
560491259593121793
560489715791458304
560250334782980097
560199456243855361
560053430895775744
559957553157648385
559929178309410816
559806917371895808
559803212106981376
559762993727041536
559739815755673601
559601381388992512
559598685583966209
559536539126882304
559535769300131843
559535441750138880
559469579458473985
559439569976713216
559438936548732928
559370908511379456
559176952137781248
559092808934367232
559089777769578496
559018627316195328
558703669969833984
558459129895731200
558424422881579008
558334981110370305
558327021206376448
558323219745087488
558094564293353472
558093619551543298
558050519521165312
558032488531234818
557991301782573056
557418560486526977
557309937987366912
557290545949585408
557290369985937408
557290267892404224
557250943222181888
557228563108085763
557214904243863552
557211431838306304
556989589244506116
556989251431038976
556942422861549568
556941211508805632
556939241381318656
556853617194315776
556844190189879296
556706406795972610
556636919270871040
556573252827357184
556567693134811136
556551374041661440
556549924129484800
556496691163971584
556335172509908992
556332434187239424
555896804936392704
555896034300157953
555895032574517248
555893848673509378
555806302551552001
555794583045423104
555212982225862656
555179602813788160
555088789391958017
554873878116179970
554759056334680064
554701306850312193
554690609680633856
554514484119601152
554443593989910528
554422626471276545
554421000788393984
554379785518841856
554185303414423552
554049784453939200
554013317946023936
553981905410850817
553976131880103936
553971741026811904
553954415338467330
553686158677254144
553598776015736832
553307712977502209
553006346551820288
552948340879413249
552881690452840448
552558940186099712
552515054340677632
552339832320847873
552308645321781249
551956683539243010
551872659441467392
551518085757140993
551517392929431552
551516413769162752
551422833910243328
551154621532487680
551154441269673984
551060764799139841
550884302401966081
550827538788798464
550825452168695808
550794780209205248
550790968945819648
550728757544103936
550727084264288256
550436927430606849
550435073074282496
550434896691200000
550335840858017793
550078371208523776
550077509383901184
550068373850054656
550042004441161728
549747662044413952
549659340466966528
549635917749579777
549630113273245696
549623501275942912
549612938961514496
549368117692887040
549365554591461376
549075675597271041
549074439326150656
549008481986957313
549007456039211008
548935320155066370
548934552366764033
548838533252022272
548680779287777281
548557843574435841
548532206935633922
548525542429818880
548338968778264576
548314680398057472
548198454057369600
548192860625838080
547821706274803713
547819212815626240
547818339255345152
547816510400389120
547653743143964672
547557349796642817
547555893848440832
547511578061320193
547497496306401280
547493312127455232
547482116762513408
547477305195364352
547470299071909888
547440371039752192
547435011809345536
547427512209268736
547407836926312450
547404476944875521
547402507933081600
547287564592234498
547284763518578689
547283403976867840
547282241001246720
547280881950285826
547280060726525953
547259136295981056
547257943872110593
547256048659099648
547243909152120832
547240252151037952
547232533436305408
547229465009336320
547227559084052480
547226912938946560
547225504802017280
547224284435738625
547220800718131200
547219903355158528
547218732485840896
547215859916488705
547214736283025408
547213372463546369
547212714796269568
547211300536057857
547209818264444929
547198239733481474
547195072186290176
546868292271370242
546845661992210432
546760672550219777
546711925610913792
546110469396656128
544979514183262209
544935356957982720
544886125601357825
544716637484490753
544665907612483585
