680088305610788864
679715490009223168
679363027456491521
678999885241188352
677914484313161728
677553585740099584
677193714809212928
676839234536214528
676497337368227840
676134620132282368
675391128896602112
675026650728259584
674669863902687232
674298544270868480
673940926138417152
673607534377172993
673216675223769088
672830875059425280
672479296800219136
672113525427277825
671769687483547648
671456359884455937
670444539807535108
670381365481738240
670323461835788289
669953791823712256
669589728509857792
669225389202407425
668852018388205568
667757556547190784
667463542413463553
667174688968196097
666710377992843264
666395226894823424
644925960832217088
644578884969607169
644229026496671745
643498085868544000
643486906857095169
643426020385783812
643091882856222720
643091465829240833
642737136462991360
642693636828852228
642693612740943872
642693576363778048
642693525562368002
642057722595311616
641711467213950976
641668218348773376
641389120942555136
641314863248187392
640996050656849920
640938147606466560
640894304685309952
640638006878150656
640637829882646529
640570074517106688
640492951454531584
640492890628747264
640492589569961984
640264106847674368
640207212451794944
640013424643211264
639966375721701376
639966236076544000
639966105071656960
639876429727993856
639875503869022208
639863930379239424
639840471058132993
639832164104802304
639822427946663937
639822362746208256
639822315618992128
639822211088580608
639806043158016000
639803680552800256
639559749621653504
639520963344879617
639506942080221184
639506860836581376
639492331100467200
639457362626023424
639446850571923456
639438756311887873
639438745306071040
639438119104720896
639199887461085185
639190644393684992
639182039300874240
639181763747708928
639174253464698881
639174159918956544
639118655821758464
639092529175101441
639092429321306112
639089028386557952
638833982432370688
638827347454504961
638824003432386560
638801835210379264
638763001152016384
638752981924585472
638741466974564353
638730936666882053
638721183265894400
638516153250263041
638515890879770625
638515815944335360
638515778963156992
638465378671169536
638458194499506176
638456269096001536
638442484897452032
638431488028053509
638423149814517760
638409831142031360
638409793745612800
638407863816310784
638368481524744192
638090521110417409
638021285642027008
637669266427387904
637617988493938688
637439273428369408
637439208521510916
637438664079863808
637438606215286784
637438559285186560
637438413159841792
637401227886661632
637397831796391936
637391211729301508
637386476301516800
637386328280301568
637385975493193728
637380403481849856
637375714761699328
637369391202586625
637362194003324928
637354031334100992
637339918927204352
637293151942758404
637292064821104640
637278823122235392
637276193864200192
637018589732708352
637018530655924225
637014729005887489
636946750192795648
636932034242473984
636685701640228864
636685413231538176
636675788721393665
636675567706750976
636669757920407552
636667193246113792
636654299242586113
636633417111760897
636619319456075776
636614156825808896
636611157663596545
636584357692600320
636579936988450816
636544092244213760
636400412434804737
636398523756511232
636397987888033792
636397962311114753
636392763026751489
636390157562851328
636389641852198912
636389213710249984
636389079005962240
636387981046247424
636387501293346816
636384724391477249
636382693178089472
636382266122465280
636381846146826240
636380929313771521
636377487547756544
636375078452662273
636373518721122309
636372973201530880
636360167194525696
636341422149488640
636341108344266754
636292511284133888
636281211975962624
636267297141747714
636255776647028736
636254250243260416
636241516315443200
636233645393637377
636226022061539328
636218075273162752
636212294184239104
636205138248515584
636204961009901568
636204919146549248
636189028493230081
635941427185217536
635931934061928452
635930398040674304
635928540601520128
635918198798483460
635661178606256128
635484105870671872
635182556607066112
635122029713342464
634859868852232192
634855617140801536
634851796515688449
634841716722417665
634835119824633856
634834927993946112
634826300063019008
634821805849579521
634817326953594880
634809755664433153
634802294828105729
634795973210996736
634757151970357248
634412757195071488
634410097712562176
634396076959760384
634389170971017217
634368685734559745
634081781025628161
634062240786812928
634031653657051137
633708288530624516
633383001041211392
633359380646359040
632944214481879040
632685395776548865
632684333262876677
632242948332220416
632211685894303745
632198245339545600
632190798046478336
632184986741768192
632178839246868485
631898399835471872
631856937697546240
631836536464625664
631585515968536576
631525548875878400
631229591600807936
631183648176406528
631145140049027072
630781743134420992
630548776671965184
630498059630149632
630045848982847488
629684324825038851
629668410998140928
629661467466293249
629653378616811520
629645695729819648
629638182850576385
629420049292492800
629391056639934464
629389816388456449
629334391337058304
629040224673374212
628618784467746816
628575311458766848
628570568200187904
628266782596337665
628228447341539328
627980469175472128
627927192606011392
627895461161082880
627854583885266944
627852514659053568
627588391345848320
627520358774648832
627227452113317888
627203549076717569
627149316763877377
627146826429247491
626847097292201985
626423199127859200
626189049041039360
626080042926391296
626068953132105728
625784567572508676
624630641691361280
624629720953528321
624629617102573569
623922085941768192
623200445788336128
621730532724998144
621460956347039744
621019254025011200
620707576519524356
620623283201921024
620623075202179072
620622007013646336
619886105480065024
619885886449295360
619664466469351424
619643361968979968
619639749230333957
619563991577305088
619543875531706369
619525025922707456
619265303365709824
618822023570169856
618515487673159680
618463672810147840
618450277784530944
618102060228018176
618083843065647104
618083818268921857
617734094189907968
617378355738996736
617015164446097408
616639081246687232
616326204308766720
616317903810527232
615922872024977408
615575103728943104
614494160880578560
614466382110064640
614170974456520704
614109734770229248
613419292521046016
612650235693789184
609013900210778112
606542401918803968
606542076591771649
585489742256594946
583688931868332033
582546245283102722
582178122809917441
581457449707839489
581185069676646400
580809251733524480
580754173542711296
580467240807632896
580466821146505217
580407038406225920
580079032995168256
580078967891202048
580078836269756416
580052031152476160
580011916267036672
579984694051123200
579734242797756416
579673386353336320
579394446996959232
579339775158718464
579041720991653888
579011679486369792
578956954472579072
578917302248275969
578672234287493120
578665123558133761
578664257488842754
578652229370032128
578615287580389376
578603557802401793
578602819898454016
578591232349368320
578323171104944128
512523483738144768
