725482232840736768
722462560075837440
691755594588540928
688034174624788482
687319714436149249
686587132572491777
686340502845788163
685516569225605120
685240088171683840
684788023578497024
684778840414105600
684477842680352769
683821742586859520
682975829165477888
682704038924828673
681884892016328704
680426536130994176
679710317908221953
679350065018904577
679058267167936512
677903879854383104
676807686462316544
676126950935654400
675355621751963648
675015879122403328
674628329811628033
673912358788571136
673182549825486852
669265486975213568
668912572637257728
659101602570088448
659100116859510784
656965615840657408
656578448807165952
656578393148788737
656180695128145920
656180465867493376
655857566480662528
655195348277817344
655129332063428608
654824632910901252
654824066440806401
654822814508187648
654822636933877761
654822511188709376
654766977035034624
654765075564105732
654749543683100673
654749526608117761
654749448384344064
654749242494291970
654748982405562369
654464043210567681
654461287871549440
654434008441319424
654433859405156352
654415431063597056
654415077286645760
654414415492612096
654384810215911424
654376889528639489
654355308060393472
654094053168930816
654093736733896704
654092906215510016
654092565646454785
654091208923344896
654014401784082432
654001413622657024
653965228758077441
653736758513790976
653736529748058112
653736136825634816
653733393562112000
653694781256658946
653668528193564672
653668293912326145
653666389551509504
653666070444666880
653665595062267904
653664798861750272
653664730381357056
653663874906898432
653663597181059073
653663143760019456
653389949656428544
653388944457904128
653382807209676800
653382759239446528
653382550618935296
653382293730422784
653382210678951937
653381990293508096
653346516640272384
653304251095977984
653304160289337344
653304111115341824
653289294119833600
653289247705722880
653289228487426048
653288446392307712
653272455658668032
653272352805879808
653263632663506944
653027151973715968
653027115302957056
653027057262170112
653027018225790977
653027003851902976
653026754617962496
653026739908509696
653026633855582214
652973173516845056
652973111722151936
652973012250005504
652972681000677376
652972578152157184
652972373029728256
652972256746803200
652972052576518144
652970428319686656
652920874853535744
652920594187423744
652919845453848580
652919754710126592
652919666751377408
652918288071036929
652916038393171968
652885953397166080
652883404967383041
652883332074598400
652654177210859520
652645911420506112
652645791719251968
652643421954293760
652641003392729088
652627156141379584
652627130459664384
652627117935472641
652599977366040577
652595976083865600
652595658650578944
652576531487719424
652548292182601728
652547557395009536
652544481028280320
652342079213858816
652341082961801216
652339896024088577
652317095485505536
652249961971609600
652246623871864832
652243872211431425
652243737129689088
652243546162995200
652242955848273920
652242569682939906
652202746179907584
652187362756198400
652185522123616256
651988659336384512
651938796779368448
651866597326462979
651865910903480320
651864637273677825
651864145516605440
651863024785973248
651841156389560320
651568987994611712
651568544098877440
651568416638173184
651567217486594048
651557341331095552
651555604356464640
651554632498438144
651522017993162752
651461422585516032
651447982395494400
651215806852763649
651215692176293888
651215380703133697
651208857780293632
651207070243405824
651198591352987648
651135566768050176
651086246270341120
651068257034743808
651065264642084864
651065196040093697
650849659192107009
650849530062106624
650849179305050112
650848903525302272
650848689066348544
650848293484822528
650788297321529344
650787769095065600
650779445674926080
650758584720998405
650694315509809152
650418725527531520
650418696331005952
650418597857067008
650418438951669760
650404499740192768
650340520623927296
650340185650016256
650185295632052224
650185252078403585
650145120919031808
650128231605993472
650102299591770112
650099407480713216
650086960392900608
650050521231855616
650050471600656384
650019386015649792
650010467054718976
650001123214934016
649764608169742336
649764431367311360
649759771168366592
649757466306088961
649731555917623296
649725969624772608
649724948949237760
649713815257378816
649683133374197761
649660531473649664
649657726637703168
649640252143865856
649406749645119488
649406436582232064
649400299405316096
649385113701056513
649385085242773504
649384789502353409
649384458408194048
649381223694004224
649374018118787072
649366231678488576
649358887141945344
649357214285606913
649356617201266688
649355211430100992
649342289429561344
649339172013084672
649338937308250115
649313858415255552
649313803608322048
649301279546589184
649299744682971136
649295303737131008
649281024820510720
649275330415345665
649249965303160832
649248197907365889
649248097034309633
649063424232546305
649060083884646400
649057162707238917
649040082175823872
649038891681341441
649026739851497473
649017532347604992
648991646588252160
648988985012944896
648988458581561344
648983291886981120
648983009849397248
648972130961461248
648964883807993856
648964854041214977
648951490338357248
648943652769767424
648930056870477824
648913310780379137
648911575173103616
648891659766362112
648891594016452608
648724933040705536
648724843118989312
648722101860302848
648712406273622016
648711172028391424
648666493647872000
648665848769437696
648662640907018241
648660331837788160
648650842568916993
648630012837388288
648627968755957761
648626300622540800
648571867754688513
648566102650306561
648555882263871488
648334129096884224
648302126553149440
648299257712082944
648295990957465600
648293942971138048
648293653635465216
648292844055105536
648289302510632960
648285995968823296
648283219125649408
648229096946692096
648217501940101120
648217458440974336
648207283176914944
648204082117636096
648175329840730112
647974354932793344
647959138933145600
647943166792855552
647941790125809664
647941753140457472
647941725328048128
647941703580585984
647941363384778753
647941161148006400
647939545749557248
647934401624436736
647932510286950400
647928666593230849
647926139487301633
647920795298103296
647920642919038976
647920546940743680
647909464968839168
647905797645578240
647905577041944576
647904485071675392
647897158616612865
647891576954318848
647891475154386944
647890576625414144
647883839386193920
647877940278001664
647857250405453824
647851702654074880
647850684683911168
647850362561400833
647849671361036288
647842271396655104
647842228002357248
647842128328953856
647835993681170432
647830667183521792
647830570068652032
647830395795337217
647828799833272320
647808716826284032
647808704926978049
647560473504690176
647552837946216448
647546557307289600
647490041124524032
647466386428592128
647456777445904384
647228836954816512
647227972919820288
647227691926552576
647201972131500032
647201941903179776
647184803515666432
647184044531171328
647167455769464832
647142436674797568
647129636246196224
647103816244948992
646815821826646016
646787113363439616
646780254267179008
646776204456931328
646744698170810368
646701194291752960
646448184722485248
646427486033612800
646411428312694784
646405196994605056
646149240046010369
646139130187939840
646102635896926208
646037185532047360
645820709726384128
645816068569563136
645810268757319680
645688609270444032
645668481359200256
645628589761671168
645048184000024576
645035884979421185
644984301205852160
644948080186425344
644936197530214400
644934009080836096
644921079400497152
644905993118199809
644905449716736004
644730986991714304
644692172676067328
644688092612308992
644667279758651392
644642239583379456
644601787756900352
644558127388622848
644330386554679296
644329527049457664
644329094235033600
644328386643398656
644249184841805824
644222857715675136
643933292899643392
643845653920108548
643844690610155527
643840807783542784
643599663031959552
643447419393327104
643276910710030336
643275085365669888
642769560211361792
642186603872411649
642150991912005632
641487004337750016
641482696594620416
641334390048473088
641113932543868928
641060673389072384
640977998309515264
640937921139228673
640930455995346944
639919178535731200
639867375232286720
639254543201505280
639174137387352064
639158320788467712
638886241958653952
638805737255268352
638547250294067200
638194600692154368
638191532713996288
638063762310717440
637342697586462721
636985359444787200
636979525092446208
636961416780476417
636957366764728320
636360163432108032
636253871669555200
635948252672618496
635906423851872256
634413930299834369
634055060909985792
633818322828529664
633092450647539712
633091841290727424
630912125720858624
629389701862928384
629368869036146688
629343818639372288
629053964214927360
627999106217062400
627986632738603008
627536722658627584
626920421930086401
626919578283732992
626564810843381760
626507501769371648
626468131125395458
626155838047023109
626136781742845956
626089085157834752
626088098590531584
626085404236578816
626084963071307776
626079443325292545
625717267976749056
624791106811637760
624330923136446472
624287631447343104
623640375295639552
623295216947040260
622515939267874816
622144832048238592
621819742475546624
621361236173721600
621028765779398656
618963355730997248
618147741999329281
616738809388990464
614494502326108160
613816802775162880
611964813695021056
611666225446305793
610860443951857664
610222568981684224
609475900241907712
609085095173984256
608690265650429952
608687117217046530
608676549173219328
608448247426904066
608384145157451778
608287271574315008
607937225695690752
607654968414208001
607187011489783809
606978544883757056
606902161289572352
606893899718664192
606881018784546816
606827534584410112
606621809992208384
606605602668736512
606596401477361664
606588103663472640
606585788357214208
606584267389296640
606583817256628224
606583715955736577
606579455675498496
606513029597917184
599022392225058816
591395349161320448
591340290293633025
591302586734612480
589270655998173184
568171618846924800
567805075248148480
547579029620924416
547467510644473856
543117276661039104
542503150872047618
542432970993201154
542363383530401792
542319103264841729
542027480127651842
509438694961336320
504729494070910977
503635446879248384
502891602235244544
502149092345004032
501836228077948929
501781798150352896
501490769861939201
501438170748047360
501092085135466498
501066072502460420
500768565398888448
500707601739292672
500373524582637568
500336594763538432
500042826206707713
500022175168868352
499969753440473089
499650835018555394
499615689305776129
499319785474125824
499257597715677184
498915267624194048
498557837723697153
497917317485834240
497824075960422401
497552323418128385
497433461246791681
497412976123473920
497169515906465792
