925495272574156812
925130577153536000
924004929706057730
922845232881905665
922845218633912321
922845202309632001
922845187939946498
894679146005188609
890963722705006594
890963708566007808
839546414820634625
777130038369988610
750313393765122048
735477833405988864
735477676987801600
733326455166390272
732601922847449088
731139413510635520
730065357961072640
728977939291852800
728243074833453057
727528431118864384
727166263974367232
724991963284557824
715970014642368514
715161740388896768
714953585403019266
714493020926664706
714492991562354688
714492930728140800
713124459398500352
713023817073954816
713023782621999104
712299819511885824
711922214015148032
711921114557976576
711920734998626309
710909572748320768
709736538343653377
708416764678443008
708057723422842881
707648034562301952
707293316715552769
707239932713181184
706895460011798529
706865059549614080
706864981468430337
706864947536523265
706600122440876032
706511585645350913
705897774928281600
705895508766822400
705895273663483905
705895223654744068
705755781631574016
705409931344809985
705393428549341184
705180942487449602
705054750920859648
705054731572486144
705030942344265729
704769668175814664
704702659186577408
704088251573923840
704087206479192064
704086473960718336
703827041787875329
703796334474764288
703781321584214016
703780684607971328
703263462433157120
703262407683137536
703262331900399616
703261363582472192
703222902947237888
702954302424412160
702951349990854657
702940105116356608
702930948028030976
702587908243513345
702564456199360512
702555527914659840
702550418551914496
702549813146083329
702519388440690688
702213932346437633
702131718048890880
701900439990759424
701896293204041728
701851945842171904
701850073253199872
701792555466432512
701789690287038464
701789565145714689
701511135313399810
701509694582562817
701506172902371328
701506143617728513
701495549204295680
701479805213089793
701458859395825664
701278888442392576
701277342082191360
701276755580084224
701274126963630081
701153298481549312
701150181555904512
701150052128002049
701149830077353984
701149437201088513
701043557348593666
700825296761540608
700804549271883776
700791618476097537
700786629296807936
700784780992905216
700778507459112960
700778401724956672
700763181552001024
700761400650510336
700760879277551616
700758889634004992
700750474224381952
700746878401417216
700737595882369028
700727843785838592
700727221166612480
700727074600804353
700726790512193536
700726561205432320
700726343843975168
700725799125540865
700709374474506240
700707793553100801
700470550343254016
700440259453173760
700440233221951488
700439436589281281
700431853858254849
700389683117821955
700362780029947904
700341370783924224
700321664165416960
700103604632449025
700025305986179073
700024409474650113
700018031414607872
699965156969689088
699964452192526337
699963878172708864
699963693166174209
699718206789967874
699678456892755969
699672851977236480
699665674579402752
699657010019758080
699646338611441664
699629749765869568
699625464114102272
699615121287593984
699414470062432257
699412007922114560
699374247756611584
699373543537164295
699344215457861632
699324600572887040
699322357832232960
699248119893114881
699078206872223744
698510384316223488
698234295454953472
698232832196505600
698232491296100354
698178952712556544
698155325669646336
697837040877117440
697816884901769220
697816547209912320
697816089368068096
697569588846800896
697518182987333632
697437212200321026
697428314848436224
697215199812562944
697064814351245313
696865098170761218
696746250993926144
696704579019395073
696376711982743552
695966669106126848
695730150151995392
695678393501814784
695663508516691968
695663487205384192
695641775793430528
695640623416791040
695619120298119168
695373548710309892
695302488908505090
695283999879622657
695278222217474048
694999006133514240
694935103093497856
694934162004951040
694886881620840448
694562175441072128
694528110515990528
694271904211980288
694220463220920321
694214195336839170
694178436592508928
693824641438187521
693448840951795712
693118538920366080
692399626159149057
692146058000998401
691689039984852992
690612073273954304
689537194017591296
689464219310272512
687706762816974850
686934447543967744
686910718541565952
685507988107464706
679003930546819073
669953474440912896
665202435351179264
665167535726305280
660202337420578816
648979682638069760
648979098535133184
648977516963700736
648977459371737088
647072419497312256
645037242638041088
645026056328585216
643204278035853312
643203194886225920
633987146383101952
633987021808271360
