887022717190328320
865613351300235264
831199263459663872
810896560607268864
807163113011367936
793958428959981569
793211150783483904
793209741803593728
793169007910105088
793167829314904064
793167492013101056
793167424891695104
793165043227512832
793164787047772160
791626839819255808
791434118856794112
789608444865155072
789171124705779713
785311685904961536
784838691466248192
784535715577225220
784076258476822528
783708433513984000
782985988360384512
782768012575342592
782735916167114752
782651340208037890
782327926070972416
781957011445518336
781956674353557504
781916775256502273
781905131822473216
781893348457975808
781656089037189121
781580504449503233
781561720707751936
780823140972630016
780814008588697600
780454098524971008
780411236668235776
780173172100300800
780162468853133312
780083263805198336
779855544332881920
779855007692632064
779768556653117440
779433317045182464
779432996931670016
779432905919467521
779113800171610113
779097904166293504
779082623867953152
779082411199959041
779082270556590081
779082222875713536
779082028809531392
779048770231148544
779003706842882048
778686109530202113
778618499421777920
778452007476604928
778424931482636289
778363348668649472
778348243574935552
778339771542216704
778338905133232129
778315646996144128
778310726343467008
778309476134756352
778298785877196800
778298696106598404
778293926205587456
778266656808198144
778036943942582272
777997658275184640
777920211554971651
777588275582078976
777570636537274368
777570606443134976
777570511840620544
777568502001471488
777567042144579584
777566918358110208
777292034918916096
777291864315539456
777291825618878464
777291572152897536
777291557812645888
777290962246643712
777290921071095808
777290873239244800
777290809137766401
777290787788730368
777290321700933632
777282611991355392
777270513542443008
777270079868153856
777268089893244928
777268048214368256
777226034668118016
777225784251387904
777225349050486784
777225070305357824
777224914549903360
777222915452383232
776957898417057792
776957086764630016
776952619046539264
776949318980739072
776949270381420544
776949215834451968
776949192157646848
776949129226231808
776949079263719424
776948906752028676
776930306179731456
776834617953222656
776551080171745280
776550778878107648
776550181105901568
776549757292470272
776511633463971841
776467017545097216
776100736887246848
775829026984239104
775804699186376704
775766316204462080
775087119995838464
775075958504103936
774710111621160960
774300933614206976
774010618395238401
773930659484045312
773678389412532224
773603385735909376
773272211297710082
773270662945189888
773267468840075264
773264542310600704
773238972038254592
773234699552501760
773234386158297088
773225990860394497
773220108021800960
773200075799441408
772913295850213376
772838018352713732
772518073844641792
772478965688651776
772134941748592642
771860096426971136
771859984774598657
771753117855518720
771746168174804992
771412676987629568
771384181569957889
771022332907237377
770680996769304576
768490773473927168
766358232776314880
765959268625440772
763852799880761345
763793841598046208
763417341635932160
761329922426175488
761315863223996416
760909820522364928
760870711799885826
760533198229037056
759123620857782272
758424821365485569
758420489568067584
742069192354975746
742056049939619840
741831437280645120
741770170390052864
741760534714847232
741759559593693186
741470437192785922
741337840529743874
741323489102045186
740980554649063424
740978009834848256
740976436207460352
740967920797241344
740642524293795840
740642067139821568
740641811769659392
740585670867980290
740584959463723008
740311526968434688
740311145311936512
740310859151376384
740261366066380800
740257129295020033
740004353289768961
739987753299902464
739987376794042369
739930484851908608
739929672864038912
739928148234534912
739864421497896960
739597210224992256
739596407342911488
739582942997925888
739560623323762688
739556456416976897
739535125491257344
739530436368437248
739530309742403584
739497347722313728
739443401548955648
739333782751174656
739333347231436800
739331927224651776
739277320494534656
739263263519604736
739251420445085696
739242720246398976
739235561148317696
739234828290121728
739234745343565826
739225722972078080
739198582725607424
739197678345551874
739169282555183104
739137532995084288
739134742499491840
739134665169063937
739134643757158404
739128152413245440
739079894236168196
738890766680887297
738856967960068096
738838028831985664
738830167875801088
738811419953504256
738811304488505344
738810866762534912
738788616927776768
738776313117347840
738771219458068485
738768690670276608
738537528102264832
738533687604568066
738527219237019648
738526444167385093
738505163715969025
738498322596405249
738498150143401984
738452475045236736
738441957463068673
738441616952688642
738441524455739395
738428734626103298
738420879412060160
738420842514812930
738413837003563012
738405351435821056
738175259371659264
738138782851964928
738088512138842112
738085804698796032
738076324888072192
738070614896844801
738067440244948992
737823507044667396
737808211521085440
737808050375954432
737754177019879424
737741747845894144
737697346624970753
737683921396060160
737683311401701376
737649066775961603
737425804259295232
737407290114854912
737380262695182337
737379550678503424
737378086035984384
737378020390883328
737377755428315136
737334605523517440
737331264953278464
737095836073492480
737048678020571136
736989312445612032
736959615074603008
736684622424072192
736684554069540864
736684501741379584
736682920639746052
736652554298232834
736629280872898560
736330865005887490
736313165621796864
736304768751009792
736285077252907008
736267932909477888
736172076730482689
736170347188228096
736170006233239554
736006135367401478
736005972703870976
735981087457845248
735981031619076096
735980961683230721
735978045027147777
735973857236946946
735941737395322881
735927128995201024
735926957410390017
735891074556694528
735701229276274689
735701174771286017
735630804512968704
735617467158953984
735555642228760577
735529007064588288
735299166402838529
735291622280200192
735288363528249344
735287903203385344
735287655714324481
735287012983328768
735240651256696832
735232464394674176
735232445855866880
735170534434996225
735159932530495489
735156143895367680
735156079777062913
735155455324917760
735155333883035648
735154295184592897
734982908172062721
734982650402766849
734982206389506048
734950258958991360
734928550818545664
734883550193844225
734881764770910208
734881733435228161
734881535581650944
734881523409768449
734881506640957440
734881506636759041
734881467126419457
734881463083098112
734881463032745988
734881416840925188
734881408490049538
734881408481689601
734881404165738497
734881374830759936
734881362461773824
734881358082912257
734881354136072192
734881354127712256
734881337161748480
734881337103003648
734881332900339712
734881320367722496
734881299308105729
734881282581245952
734881278353395713
734881274196811776
734881261794299904
734881261697785856
734881244908015616
734881241162518528
734881211521306624
734881186359676928
734881178013028352
734881177891393537
734881165421744128
734881156924092416
734881136187432960
734881110501494785
734881106261082113
734881102624620545
734881085528625152
734881085490876416
734881072983343104
734881068575232000
734881064473251842
734881064464883713
734881056218861568
734881051890290692
734881043526909952
734881043476578306
734881022911860736
734881022475677696
734881018382028800
734881001621585920
734880993220427776
734880981916737536
734880981895774208
734880981803470848
734880970252374016
734880935548706816
734880914845650944
734880902002675712
734880897871286273
734880885414203393
734880881337348096
734880855986966528
734880855978561537
734880843467005952
734880814035533825
734880814027145217
734880792975970304
734880768003018754
734880755487248384
734880738722598912
734880691066970112
734880686809747460
734880682732859392
734880682699304961
734880674247811073
734880653355945985
734880620321574913
734880615846318081
734880615703678976
734880596229398530
734880594996387840
734880590630166528
734880582384123904
734880565200031744
734880561081266177
734880556815638529
734880539983945728
734880523185750016
734880510737035265
734880498112159744
734880493985005568
734880477123903489
734880464671002625
734880447948161024
734880443565264896
734880439475769344
734880422660837376
734880418332352512
734880401731260419
734880401722871808
734880384857559041
734880384832446464
734880372350197760
734880355648450561
734880344592285701
734880338988634114
734880338946691072
734880334739845120
734880313667682304
734880310467407874
734880296886243328
734880284307525633
734880280222261249
734880264162291712
734880263583469568
734880255152885761
734880246667878402
734880242607742977
734880242590986240
734880242544807937
734880238233083904
734880234143633409
734880234122686464
734880218662490112
734880210013814785
734880205878251520
734880193341468673
734880189134561280
734880180683046912
734880163985526784
734880159707373568
734880155743719424
734880155697577984
734880138857447424
734880126140358656
734880113704198144
734880113586786304
734880105537867777
734880105466564609
734880105458241536
734880094481752064
734880093340860417
734880088920068098
734880071765360640
734880071761203200
734880040769425408
734880024059346944
734880024042541057
734880020058021892
734880015708487680
734880015674974212
734880011723890688
734880011589693440
734880011547770880
734880007294705666
734879982263119872
734879982258905088
734879977469018112
734879977448038400
734879969055248385
734879948062793729
734879931327479808
734879927137374210
734879927120629760
734879922913746944
734879918761377794
734879885097848832
734879868400369664
734879864189276161
734879855830040576
734879851816079360
734879851719626752
734879851706978306
734879839291871233
734879830685196294
734879818085486592
734879818085478400
734879796937777152
734879784665272320
734879784652640260
734879784648462337
734879780252864512
734879780215083008
734879759402999808
734879751073103872
734879738351759360
734879729954738176
734879726129565696
734879696354201600
734879692453498880
734879688158511108
734879688045297664
734879683930664960
734879683838398465
734879679677599745
734879662875287552
734879658735480832
734879654432104449
734879650338504704
734879637784924160
734879616666570752
734879599914582022
734879541097824256
734879536945467392
734879528540069891
734879524370980864
734879520168218624
734879516066222080
734879499381276672
734879499284799488
734879495107317760
734879465831079936
734879465680076805
734879440426139648
734879427927150593
734879411263164417
734879385967316998
734879382251184128
734879382125326336
734879381978484736
734879377679253504
734879364987375616
734879360939888640
734879360902168576
734879360881164291
734879352777768960
734879335971180544
734879314794192896
734879310654394368
734879299422031872
734879295319998464
734879295303208960
734879295269679104
734879290920210433
734879286956548096
734879286935597056
734879274180739072
734879257319575552
734879240693424128
734879240651427841
734879223983288320
734879223979053057
734879209735262209
734879205503205376
734879193146753024
734879193096413184
734879130160889856
734879117443796992
734879113266266112
734879104890249216
734879100754612224
734879100670771200
734879088729587712
734879088415014914
734879088415002625
734879088339496960
734879079678267393
734879063123197952
734879058899542017
734879058778034181
734879050339061760
734879050280402945
734879046245421056
734879018282037249
734878992902291456
734878967497363456
734878962388729856
734878962317414400
734878958198607872
734878937290051585
734878937264885760
734878937222877184
734878933049561088
734878916251418624
734878916222025728
734878911985770496
734878891081367552
734878878389440512
734878865890390016
734878836593152000
734878832407220224
734878828091314176
734878823771209729
734878819606237184
734878815441326080
734878811372826624
734878811372802048
734878790317379584
734878786278330368
734878786123104256
734878769291382784
734878765034135553
734878752631627777
734878748386988033
734878748382728192
734878744230395904
734878731857240064
734878727612563457
734878727423823873
734878714916425731
734878711263203328
734878698260860931
734878698181120001
734878681361965056
734878677180256256
734878660411396096
734878660386258945
734878643684560896
734878639402143745
734878635346284549
734878635337912324
734878618405441537
734878610058805248
734878605893902336
734878585325006850
734878584901361664
734878580874842113
734878580694470656
734878576953135105
734878576781201409
734878576575647744
734878572951830528
734878568111570944
734878560268222464
734878559827857412
734878547349753856
734878547307864066
734878547123306497
734878535916085250
734878535861559296
734878531524628480
734878514822926338
734878514785210369
734878514730696704
734878506283356160
734878498024771585
734878475568439298
734878471416119296
734878467238563840
734878454647271424
734878438071357440
734878429812789248
734878429699575812
734878421281607680
734878408665141248
734878400314277888
734878396321128449
734878396140945408
734878383646101504
734878383612526592
734878379359535104
734878375186157569
734878354420207617
734878354269216769
734878354269179905
734878350011998208
734878329283719168
734878320572137472
734878308085735424
734878303912353792
734878299642601472
734878295506989056
734878282928271364
734878274476724224
734878261776384009
734878253681364992
734878232567238656
734878228461031424
734878228280659968
734878224224817152
734878224191229952
734878224107360256
734878220164726785
734878220164698115
734878220164694016
734878219929804800
734878207242076160
734878190284513281
734878186115366912
734878177898663936
734878177869336579
734878177768689664
734878169380052992
734878160911753216
734878148358180864
734878148320448513
734878144042283008
734878131673239552
734878131664879616
734878131664850944
734878127399260160
734878127386693632
734878115055448069
734878106427793408
734878102174732289
734878098374688768
734878089860251648
734878089851863040
734878089843507200
734878085389164544
734878085347213312
734878068540592128
734878068465078272
734878064241463296
734878060089122816
734878055995428864
734878055852855296
734878047384522752
734878030867378176
734878026505293825
734878022583627777
734878022545899520
734877997258407936
734877993127022592
734877984746835968
734877980523155456
734877980393132037
734877976274305024
734877972193280000
734877968795897856
734877960575037441
734877952169680896
734877950974275585
734877942380175362
734877938118762498
734877930141159426
734877921630953472
734877921626750976
734877921572192256
734877921505120256
734877917117861888
734877904757268480
734877900424548352
734877887774502912
734877883743776768
734877879385853953
734877862956765184
734877862889684993
734877862868701186
734877862860324864
734877862818353152
734877858611499009
734877858544406529
734877846137622529
734877843277090816
734877838982156293
734877830866210817
734877818203574272
734877818102947844
734877818006470662
734877809961762816
734877805348020228
734877796984573953
734877792748376072
734877784380702720
734877780219940865
734877771982344192
734877767867727872
734877767754469376
734877759353262080
734877755381305346
734877742605447172
734877742601240577
734877742555123712
734877734107811840
734877730005716992
734877721508085763
734877717431255040
734877709076189184
734877708962955264
734877703711690753
734877703703265280
734877703694880772
734877687769137152
734877683549626368
734877670975131648
734877666977927168
734877666902441985
734877654172717057
734877645901533184
734877641707261952
734877641644331008
734877633297678336
734877625303375872
734877625039085568
734877624955228160
734877616612728832
734877607980851200
734877603979464704
734877603895648256
734877591535005696
734877591488860160
734877583112871937
734877579170205696
734877564720812032
734877560597819393
734877556688748544
734877556671942656
734877556609060865
734877556579667968
734877552335028225
734877531342569476
734877531246104576
734877526917550080
734877523029463041
734877523021078529
734877522991714305
734877510589108224
734877510278774785
734877506352885760
734877493820334081
734877493568622598
734877480939597824
734877468323151873
734877460060340228
734877451751424000
734877434852577280
734877430926708736
734877430817656833
734877430742126592
734877405643452416
734877405425336320
734877384365735936
734877376040030208
734877371787022336
734877355114647552
734877350786129920
734877338215800832
734877329810456577
734877326173966336
734877317273669632
734877308943622145
734877304611065856
734877296327307268
734877283681439745
734877279604576256
734877275506761728
734877275460603904
734877271648002048
734877258469543937
734877250223517697
734877250189942785
734877246050160641
734877245957935107
734877241893617665
734877238085210113
734877237955153920
734877237749678082
734877233496657920
734877229277138945
734877229226811393
734877225053487105
734877220997632000
734877212822867968
734877212466368512
734877208242753536
734877195877912576
734877187636092928
734877187543838720
734877187451539456
734877174780579841
734877166337429504
734877158108241921
734877154098417665
734877154035519488
734877153972617218
734877149669265408
734877145521135618
734877141549088770
734877136939560960
734877124407009280
734877120351117313
734877120346914816
734877120317534208
734877116089704448
734877116081307652
734877078433214464
734877078353522692
734877061593042944
734877053523251201
734877049073115136
734877049068879873
734877049026928640
734877044706844674
734877032220332032
734877032216199168
734877032211972096
734877028030251008
734877027988344832
734877023991128064
734877023798218752
734877019868139520
734877019863945221
734877019834601472
734877015489269761
734877015480893440
734877011307548675
734877002839302145
734876998640750593
734876994584858627
734876990357024768
734876981838368772
734876961428901889
734876961240166400
734876961210826752
734876961114357761
734876957079445506
734876956966158337
734876956915838978
734876943980597250
734876939815686146
734876919066464256
734876918873489410
734876918865088512
734876914557542401
734876910338093056
734876906298953729
734876897922928641
734876889303683072
734876881766518784
734876881057632257
734876876678832135
734876868399247360
734876868286025728
734876864188166144
734876847465455617
734876839320145920
734876839202672640
734876839173324800
734876830646304770
734876801202327555
734876784483766272
734876784433504257
734876780260122628
734876759301185536
734876746751827968
734876742779801600
734876729882337280
734876721657352193
734876721590177796
734876717395894272
734876704833966080
734876700513816576
734876685171105792
734876681085800448
734876680913879042
734876672638484482
734876668288962561
734876655848718336
734876655727050754
734876647317512192
734876645841047552
734876638924705792
734876634784923648
734876630615740417
734876618016063489
734876605550604288
734876597161996288
734876592980303872
734876588500783104
734876571874525186
734876562324094976
734876562194059264
734876537078611968
734876537049206784
734876532724903936
734876528761315328
734876528761274369
734876511837278208
734876503519924224
734876503427710976
734876499220803584
734876495047471105
734876474184994817
734876457344880640
734876445084913664
734876432128741377
734876432023851008
734876423832412160
734876419432546304
734876402764386304
734876399388000256
734876377619501057
734876377590181888
734876364864638977
734876356622815232
734876356597714944
734876352348889088
734876331377364992
734876327216570368
734876310573572096
734876306316333056
734876302528942081
734876293725065216
734876289606295552
734876289493028864
734876276880769024
734876272820641796
734876272816447492
734876272715804673
734876268555014145
734876264302051329
734876247784882176
734876247650664448
734876243640909825
734876243468898305
734876235143258112
734876235113844739
734876230877614080
734876230785323008
734876226611990528
734876226586836992
734876205623697408
734876201886584832
734876201538486272
734876197490921473
734876197298016256
734876193183420423
734876193183404032
734876168038567936
734876163873624064
734876159608033280
734876151248760832
734876143023759363
734876130331725825
734876117736280064
734876113697165314
734876113562947584
734876088246108160
734876084114751488
734876075814211585
734876075717763072
734876071498285057
734876067782098948
734876059032752128
734876054846877696
734876054809116673
734876050593845249
734876042217836545
734876042205224960
734876042066808832
734876038006775808
734876037943840768
734876021317611520
734876016955494401
734876016913612800
734876000211853312
734875996105658368
734875984336424960
734875967961890817
734875963679514624
734875955341230081
734875920356478977
734875907786170369
734875895266201600
734875891193524224
734875891063476225
734875886764298247
734875882523926528
734875878488956928
734875878300209152
734875865952190464
734875865931218944
734875865918607361
734875853394481152
734875853293752321
734875845005824000
734875844884189189
734875832418734081
734875823942078464
734875823916888064
734875819609317380
734875816308412416
734875815742189568
734875798776209409
734875790362443776
734875781885755392
734875769437061120
734875765200855040
734875760893296640
734875740030828545
734875740009816064
734875739875598337
734875736100753409
734875736079773696
734875735983329280
734875735974891524
734875727577894913
734875727334674432
734875714969821184
734875714718158848
734875710469332992
734875706358943744
734875702194016256
734875693776003072
734875689699147780
734875685676781570
734875685639061504
734875678571646976
734875678517104641
734875674570326016
734875674520002560
734875674486398976
734875665959358464
734875653330358272
734875640571285504
734875636741836804
734875636725075968
734875636699955201
734875623886311424
734875615459999744
734875615397064705
734875611223711745
734875607398502400
734875607213953024
734875607142694912
734875602797367297
734875598674366464
734875590369673216
734875586439577601
734875573617623040
734875573592457216
734875556634841088
734875556601303044
734875556509024257
734875551094190080
734875521901826049
734875521855717376
734875509222412288
734875505007202306
734875501072945152
734875501056172033
734875496807288832
734875488443863040
734875488397742080
734875475928088576
734875450615472128
734875438401589248
734875438284189696
734875421272051712
734875417115529216
734875417094594560
734875413302874112
734875412992512000
734875400959066112
734875396114685952
734875396030771201
734875392062918658
734875387893796865
734875387822546944
734875383644999680
734875366670630913
734875354461011969
734875354330992640
734875354255532033
734875354209341441
734875341693554688
734875324790517762
734875299926663169
734875299595341824
734875295681937408
734875295589748736
734875295547850752
734875295518445568
734875291185782784
734875282751008769
734875270189047808
734875266238025728
734875266133164036
734875261850791937
734875257769725954
734875257752956928
734875257748742144
734875253424422912
734875245480452096
734875241126744064
734875241118375936
734875241114161152
734875241072189440
734875241047035904
734875236668215297
734875215797334017
734875211661750272
734875211569475585
734875207962398722
734875207958200320
734875207932973059
734875207928795137
734875207865892866
734875196042121217
734875187708080133
734875179361443840
734875165369208832
734875161028141056
734875152706605056
734875152698183681
734875152685633536
734875148445200384
734875148436787200
734875144225751044
734875135912620032
734875131588321280
734875131567329280
734875127586926592
734875127582724097
734875127540781059
734875123157721089
734875102387556353
734875102291079170
734875098038063105
734875094330310656
734875089745915904
734875081332162560
734875081269248004
734875077594992640
734875077171400705
734875077167226880
734875061723795456
734875061715341312
734875061270745088
734875061056868352
734875060704555009
734875056153714688
734875051821039616
734875047639306240
734875035366785024
734875035261931520
734875030996275203
734875030987911169
734875018744758272
734875018388250625
734875014063915008
734875010003795968
734875005725626368
734875001611014145
734874997462863872
734874993239150592
734874993230745600
734874993125937152
734874988902273024
734874967892955136
734874955419136002
734874955419095041
734874947043102721
734874943138234368
734874942974664704
734874942974656520
734874938784514050
734874938637750272
734874928441364480
734874926356779008
734874926319075328
734874926302298112
734874926239387649
734874922057650176
734874922045018112
734874922036645888
734874921956958208
734874911311855617
734874911311835137
734874911253139459
734874906572300288
734874898233987072
734874894043865088
734874889799270400
734874877178589184
734874864797028353
734874860476870656
734874852247674880
734874852205690881
734874852021178373
734874843703836676
734874843695460353
734874843624165376
734874836477063168
734874835348774914
734874822916902912
734874822824579072
734874822816174080
734874818521235458
734874810371674113
734874806512984064
734874801215528960
734874796215947264
734874796194996226
734874796194947072
734874791732256770
734874787483357184
734874783729487873
734874766646095873
734874766625099776
734874762732818432
734874762414043136
734874758169395200
734874753937375232
734874749814353920
734874745758449664
734874724837261312
734874724833103872
734874724799516672
734874720433278979
734874712166309888
734874707904868352
734874703723126784
734874695309361152
734874682718048256
734874682638340096
734874678918008833
734874678859288576
734874670265204736
734874665877962752
734874657757798400
734874657736806401
734874657707417602
734874653576036352
734874653529899012
734874636954050560
734874632570933248
734874632445169664
734874624081723393
734874607279296512
734874603034714112
734874598882324480
734874590573436928
734874590447599617
734874586572034048
734874565432774658
734874565361475584
734874561209085952
734874561209044992
734874561158774784
734874557773938690
734874557140586496
734874552979869697
734874548663881728
734874548655562754
734874548563234816
734874544255684610
734874540250177536
734874540061413376
734874531735736320
734874527520464896
734874514908155908
734874498177077249
734874498160300032
734874494028939265
734874493999550464
734874490174312448
734874481353760768
734874477344006145
734874477339791360
734874477159419904
734874472919007233
734874468829560832
734874460839247873
734874460633878529
734874460617068544
734874447769960450
734874443596599297
734874443542106112
734874439570104320
734874439557472257
734874435090587648
734874427343671296
734874427310116865
734874427280723968
734874427234627585
734874423518461960
734874422604103681
734874418418188288
734874418372083712
734874414140010496
734874410855878656
734874410293825537
734874410281259008
734874410167980032
734874406321848320
734874406292447234
734874401578098688
734874397429911552
734874393290113024
734874393269178368
734874389032914944
734874385069289472
734874380728164354
734874372276654081
734874364328435714
734874359848919040
734874359811190784
734874359794438145
734874355713384449
734874355663048705
734874355608485893
734874347433799680
734874343344328705
734874343067537408
734874342966894592
734874338692861952
734874330539143170
734874330534936577
734874330513952773
734874313615114241
734874309936680965
734874309492146177
734874297001517057
734874293457326080
734874288281559044
734874284162748416
734874280563990529
734874280278777859
734874280257851392
734874280165527552
734874280077479936
734874275757363200
734874271705628672
734874267381288960
734874263312867329
734874263249924096
734874259521146880
734874250662793219
734874242282627073
734874238440603648
734874237979217920
734874233898213376
734874233873010688
734874229842284544
734874229833924608
734874229817126913
734874225593462785
734874225522184192
734874221302677504
734874217112559616
734874212914057216
734874212784046080
734874208652697601
734874204521238528
734874204512899075
734874192546549760
734874192089337856
734874192055783424
734874187928621057
734874187924439047
734874187848945664
734874183436533760
734874175739990016
734874175739953152
734874175266033664
734874162569842688
734874158396518400
734874154772647937
734874154739113984
734874154143469571
734874145759088640
734874141623504896
734874137504665604
734874137500520448
734874137471123457
734874133197168640
734874129099292673
734874104017358850
734874095632912384
734874091761610752
734874091740618752
734874087198228480
734874087152091136
734874082999701505
734874078696378368
734874066126000129
734874062141444096
734874062099521543
734874061961080832
734874058089762818
734874058035236869
734874054277103616
734874049407504385
734874049365577729
734874045209051137
734874045183885312
734874041027334145
734874040951840772
734874024199720960
734874011641991173
734874011553955841
734874007594491904
734874007263141889
734874003165302784
734873998895550464
734873990615957504
734873990548848640
734873986979483648
734873986371325952
734873973847162880
734873969623457792
734873969594109952
734873969568911360
734873965542420482
734873965496258560
734873961331347456
734873961243250688
734873953030840321
734873952867233792
734873952829505536
734873948542881796
734873940187877376
734873923427438592
734873923419000833
734873919480582144
734873919455432708
734873919417683968
734873915202363392
734873915055570944
734873911695933441
734873910861287424
734873904414654464
734873904410464257
734873904347500544
734873899968671744
734873899956113408
734873895661080577
734873895615008768
734873891366133760
734873887469666305
734873887436115968
734873883187253249
734873883082412032
734873882994348035
734873878955188224
734873878917451776
734873878850338816
734873874698010625
734873874521858048
734873862421221376
734873862278656001
734873857878855680
734873857811714048
734873853780975616
734873853772636160
734873853751635968
734873845325287424
734873845300133892
734873845287505922
734873836877950976
734873836861153281
734873827201716224
734873827101003776
734873822978048001
734873822973820928
734873822839635968
734873818997653504
734873818628509697
734873814404894720
734873814388113408
734873810294480897
734873810256678912
734873810214752256
734873806033014784
734873805999464449
734873802086199296
734873798005149697
734873793622085632
734873793424949253
734873789268426754
734873785128628224
734873772528967680
734873772516376576
734873772474441732
734873768271728640
734873759946055681
734873759912464384
734873759799255043
734873756234076161
734873756208930816
734873755705614336
734873751456763904
734873751444152320
734873747321151489
734873747317002240
734873743000997889
734873738878013441
734873735140900869
734873730590101504
734873730560712706
734873726278307840
734873718120435712
734873718061686784
734873718053298178
734873718044909569
734873714291019776
734873714014212098
734873709543067653
734873705306816512
734873701326393344
734873701322260480
734873701267689473
734873701179641856
734873697379586048
734873697132089344
734873697123733504
734873696855298050
734873693269184516
734873693210435586
734873688730939392
734873688722530305
734873684498886656
734873684352086020
734873680208134144
734873675976019969
734873672163438592
734873667671318530
734873667604209664
734873663489626112
734873663338610689
734873659647623168
734873659525992448
734873656292151296
734873656216670208
734873652584407041
734873652546699265
734873652513116160
734873652500500480
734873652341157888
734873647819657216
734873643872878592
734873643835117569
734873643814158336
734873639728861185
734873639636598784
734873636201467904
734873636151152641
734873635442331649
734873635442282496
734873635400343552
734873635329036288
734873635295494144
734873631700996096
734873631646486528
734873627221458944
734873627011756032
734873626852352000
734873618597969920
734873618568597504
734873618547675136
734873618488922114
734873614353354752
734873614303043585
734873614189793280
734873610062573568
734873606409342976
734873606182801409
734873606103138304
734873601753665537
734873593432166401
734873593394388992
734873589988663297
734873589959294976
734873589711818753
734873589648887809
734873584762523648
734873576571076608
734873576554254336
734873576512311301
734873568526368768
734873568299888640
734873560125190144
734873560091627526
734873560036999169
734873559881949184
734873555582734336
734873552009220096
734873551958908928
734873551694626816
734873551677890560
734873543251492864
734873543238942722
734873543129858050
734873543129858048
734873539250126848
734873538813890562
734873534745464832
734873534741237761
734873534686736384
734873534619652097
734873526319120384
734873522003148801
734873517947129856
734873517863358468
734873513975222272
734873513752993792
734873509457985536
734873509432852480
734873509428645888
734873501304250374
734873501136486400
734873501044244480
734873496736694272
734873488658432000
734873488629059584
734873488536838144
734873488440369152
734873480567640064
734873480567631872
734873480353746948
734873480295026688
734873472023793664
734873471788953601
734873471671513088
734873471612817409
734873467330428933
734873463731654657
734873459076038657
734873459029909504
734873454902685696
734873454797828097
734873450859384833
734873442751766528
734873442470727680
734873442437234689
734873442252640256
734873436527439881
734873435688554496
734873435529216001
734873435516600320
734873431070629892
734873418772979712
734873418743590912
734873418500349952
734873410019438593
734873409994280960
734873409713278976
734873404306784256
734873400049577984
734873395846877186
734873395758813184
734873391426117632
734873391405125632
734873391296024578
734873387227598848
734873387223388160
734873387189833728
734873382915870723
734873378843164672
734873378822164480
734873374892118016
734873374854422528
734873374850191360
734873374808231936
734873374795698177
734873370198740992
734873367350771713
734873366243475456
734873366218346496
734873362082697216
734873361994637313
734873357863268352
734873345695600640
734873345653678080
734873345552986112
734873345531994112
734873341027356672
734873336853958656
734873336799465473
734873320659791872
734873320643043328
734873320437501952
734873320391380992
734873315991552000
734873315853144069
734873311784669184
734873311772082176
734873311725932544
734873304478175232
734873303907733504
734873303748333568
734873303739977728
734873303714783233
734873303677075456
734873303614132224
734873303601545216
734873299637964800
734873295225511936
734873295112278017
734873295028379648
734873290909552642
734873290859237376
734873290783739908
734873287315099648
734873287130505216
734873287075991553
734873284269985792
734873280063152128
734873276124700672
734873276103675904
734873271947153408
734873267488628736
734873263873134592
734873263466287104
734873263436881920
734873259120988162
734873255195074560
734873255182532608
734873250631684097
734873243228725249
734873243216162816
734873243174240256
734873243086131200
734873243006447616
734873242993823745
734873242951909376
734873234185805824
734873234039025664
734873225784635392
734873225721729024
734873225650438145
734873225637822469
734873225616871424
734873225566511105
734873217450577921
734873217437945856
734873217312100356
734873217299546115
734873208902553602
734873208801857536
734873207983968256
734873205035442176
734873204909563909
734873204897009665
734873200761442304
734873200614592512
734873200551661568
734873200530718720
734873192641232897
734873178040901632
734873178028298241
734873178024120320
734873178007293952
734873177294262272
734873172999307264
734873168893120512
734873164652634112
734873160986857472
734873160785481728
734873160726773762
734873156385710081
734873156347953152
734873152220762113
734873152086544384
734873148009615362
734873143802761216
734873143718907904
734873139621076992
734873139507810304
734873135967797248
734873131098222593
734873131047849984
734873118733402112
734873118636924928
734873114698473472
734873114618777602
734873114614587392
734873114501369856
734873110898442240
734873110764224513
734873110604853248
734873110592299008
734873110407745536
734873110374154240
734873106356023296
734873106137939969
734873106129559552
734873101826199554
734873101796835329
734873097791213568
734873097686355969
734873093848588288
734873093638893568
734873093638885376
734873093584396289
734873089457016833
734873089398460416
734873089390051329
734873084994453505
734873076635209728
734873072377966592
734873068317839360
734873068313694209
734873067852271616
734873064371032064
734873064350068736
734873064312320000
734873060357079041
734873060273164292
734873060155764736
734873060118024193
734873056112484352
734873055571398658
734873051804884993
734873051733450753
734873051712655361
734873051683229696
734873048143237120
734873047723868164
734873047719628804
734873047480598528
734873043328241665
734873043324043264
734873040585117696
734873040023113728
734873039662252032
734873039272349696
734873039268122624
734873039263916033
734873039238770688
734873038945157120
734873026358050816
734873026337067008
734873026320302080
734873022130184192
734873013888425985
734873013884190721
734873013838045184
734873013821263872
734873009450815489
734873005780832260
734873005747253248
734873005722112000
734873005667569664
734873005650792454
734873001120911360
734873001070612484
734872996687548416
734872992782659584
734872989729193984
734872989523714048
734872989150351364
734872989028732931
734872988982599680
734872988974252033
734872988793876480
734872988793851908
734872984440164352
734872984431828993
734872980120035332
734872980103258112
734872972062785537
734872972033417216
734872971983130624
734872971785994240
734872968149491712
734872968086618112
734872968040439808
734872968011091968
734872967918800896
734872967910428673
734872967717457920
734872963447689216
734872963435122688
734872963321896960
734872959328849920
734872959224020996
734872950961233920
734872950931922945
734872950843789312
734872946464952321
734872942652346368
734872942572675072
734872942505566209
734872942430064640
734872938655174656
734872938617405441
734872938533507072
734872938407682049
734872934116929536
734872934100172800
734872933953327105
734872929863933952
734872929792589824
734872919034236934
734872917478105088
734872917452918785
734872917218099202
734872912994414592
734872904693862400
734872904006008832
734872900382130177
734872896867303425
734872896628215808
734872896552767492
734872892190691329
734872892127711232
734872887874707457
734872883613339649
734872875702837249
734872875648290816
734872875627384832
734872875618930688
734872875409231873
734872871164612608
734872871110123520
734872866794164227
734872862788571142
734872858564960260
734872858564911104
734872858468487170
734872854802620416
734872854714552324
734872854643236865
734872854370586624
734872850847420416
734872850834817024
734872850830594050
734872850788712449
734872850318905345
734872850277007360
734872841888387072
734872841879982081
734872841653489664
734872837698260993
734872837626945536
734872837622771712
734872833667530752
734872833667502080
734872833654960134
734872833575288832
734872833545895937
734872827782955008
734872827225051136
734872827195596800
734872827048960000
734872826822418432
734872826369482752
734872826277171200
734872826268766209
734872826243584000
734872826017140737
734872826012897280
734872826008752128
734872825975148549
734872825685757955
734872818341543941
734872818106667008
734872817418797056
734872817401991168
734872817397796864
734872817385213952
734872817297203200
734872817150402560
734872817150349312
734872817129422848
734872811295125504
734872810779205633
734872810233942016
734872810187816960
734872810158493697
734872809919352832
734872809151815681
734872809135058950
734872809067937797
734872808971505664
734872806853345280
734872806215811072
734872806110994434
734872806052245504
734872806001901569
734872805435662337
734872804886237184
734872804865277952
734872804705873920
734872804429025280
734872803854430209
734872803674054656
734872803099480069
734872803044888576
734872802545807360
734872802248036356
734872801916641282
734872801694388225
734872801400737793
734872800930992128
734872800830312448
734872800637407232
734872800129908738
734872800100487168
734872800020860928
734872799949512704
734872799857287168
734872799404302336
734872799295209474
734872798779301888
734872798582177792
734872798489915392
734872798154362881
734872797772648448
734872797600722944
734872797579776001
734872797302956032
734872796887666688
734872787622465536
734872787530227716
734872787454681088
734872783365246977
734872783054864384
734872779565223937
734872777199652864
734872777107341313
734872776692109312
734872776625016833
734872776536920064
734872776465649668
734872776343969792
734872775840649216
734872775836508160
734872775710638080
734872775685464064
734872775601557506
734872771885445120
734872767477239808
734872767196192769
734872766873251841
734872766697070594
734872766646751232
734872766600601601
734872766411907072
734872766105702400
734872760581795840
734872759738769409
734872759113809921
734872758568554497
734872758526615554
734872758233014272
734872758132342784
734872756106493953
734872755510906881
734872753308852224
734872749018128385
734872748321832960
734872748099571713
734872747260710912
734872747139031040
734872733947940864
734872719980912642
734872713366515712
734872713358086145
734872709692334084
734872709386145796
734872709377720320
734872708660465664
734872708656340992
734872708589211648
734872708480159744
734872707767107584
734872707683233792
734872707414827008
734872703048515584
734872703027576832
734872702884978688
734872702234857472
734872701844738049
734872701773418497
734872701047873541
734872700582305793
734872700003487745
734872699995054081
734872699818872833
734872699370098688
734872699139411968
734872699055525888
734872698984226816
734872698820648961
734872698283827205
734872698212474880
734872698132783104
734872697835028481
734872697390370817
734872697285541888
734872697121976320
734872696543170560
734872696232804352
734872695863672832
734872695435841536
734872695398076417
734872695368736768
734872694873817089
734872694487973888
734872694483779584
734872694412435460
734872694030753793
734872693632335872
734872693552582656
734872693548457984
734872693238071296
734872693225459712
734872693175123972
734872693024141316
734872692822822913
734872692747341826
734872692638289920
734872692550209537
734872692394971138
734872692344623104
734872692244021248
734872692202082305
734872691920998403
734872691870707712
734872691770073089
734872691694567427
734872690910171140
734872690528522240
734872689987485696
734872689702240261
734872688842428416
734872688712384512
734872687915503616
734872682278309889
734872662128889857
734872662061817857
734872657519386626
734872645808852992
734872645557202944
734872644949037057
734872644944859136
734872644919693312
734872644667990016
734872644047278081
734872644005318656
734872643971731456
734872643539734528
734872643174830082
734872643132895232
734872642554089473
734872641149018113
734872634110906369
734872632978493440
734872632886239232
734872627370659840
734872625621667840
734872624438910976
734872614938783745
734872614620041216
734872614225711104
734872614087315457
734872613982490624
734872613554692097
734872613206564864
734872613206536192
734872612996800512
734872612850040833
734872612585807872
734872612208250880
734872612069838849
734872611868577792
734872611746938880
734872601101783040
734872600397111296
734872600153853952
734872599671545856
734872599591804928
734872599415664640
734872599306600448
734872553626427392
734872552422707202
734872537927168004
734872537121837056
734872536979279872
734872531509882880
734872523200974848
734872523154837504
734872523125489664
734872522303385601
734872522240450562
734872522211090432
734872522190118912
734872522181730304
734872521372225536
734872521300975616
734872521200275456
734872521141592065
734872517303799812
734872516049686528
734872514338390016
734872507459751940
734872507438780417
734872507333943305
734872506390196224
734872506226593792
734872505224179712
734872504947335170
734872504821506049
734872504813158400
734872504209182720
734872504183971840
734872503957508096
734872503902973953
734872498660052992
734872498576199680
734872498483920900
734872497435348993
734872496185442304
734872495539523584
734872495522762752
734872495489179648
734872495149461505
734872493786292225
734872493702406144
734872493253627904
734872493203304453
734872493161381888
734872492892905472
734872492850941952
734872492448288768
734872492385390594
734872492062441472
734872491974348801
734872491777220608
734872491622072321
734872491387146240
734872491169075200
734872490946760704
734872490745466881
734872490716061696
734872490359558144
734872490128855040
734872489948516352
734872489810120705
734872488824430592
734872488006586368
734872487104765953
734872486966394884
734872486609866752
734872485439676417
734872474358276097
734872466129100800
734872465688670210
734872465294385152
734872457635586050
734872455223840770
734872452761833473
734872452539555840
734872446931734528
734872446143221761
734872445723811840
734872445606371331
734872445119791104
734872444759121924
734872436215287808
734872436089495553
734872435883933699
734872428313235456
734872428120264705
734872411863187456
734872411301154817
734872410944622592
734872410911059969
734872404669894656
734872403847843841
734872390019080192
734872389754966016
734872389675319296
734872385132843008
734872381051768832
734872377998344192
734872377310519296
734872377293672448
734872371937562625
734872371669143560
734872371404898304
734872371325198336
734872371111329792
734872370855415814
734872370742218752
734872370700247041
734872370184343552
734872370125656064
734872369165180928
734872366531108864
734872362806566913
734872360600391680
734872360373915648
734872359035899905
734872350328541184
734872349925900288
734872349347086339
734872348843769857
734872348151713792
734872347690315776
734872342883672064
734872341184974848
734872330808250368
734872326001590273
734872325963849729
734872325066231808
734872323094917125
734872310532984832
734872310428139522
734872308515491840
734872308066725888
734872307789910024
734872307638894592
734872307236282368
734872307009748992
734872303964696576
734872303801077760
734872300546367488
734872290509348868
734872285828546560
734872281009229824
734872279935557636
734872273174339584
734872273174204416
734872273136549888
734872273086205953
734872267826581504
734872266551533568
734872257646977024
734872257428869120
734872256631963649
734872256615190528
734872256585859072
734872256225128448
734872250185355264
734872249216454657
734872248511782912
734872248377573376
734872248084013060
734872235400429568
734872235387817984
734872235379412992
734872235069018112
734872227573825536
734872227242446849
734872225988399106
734872224532942849
734872221269798912
734872218044407808
734872216517632006
734872216274391040
734872212273045504
734872211429961728
734872211425746945
734872211375411200
734872197253242882
734872197236416512
734872196804423680
734872192941449216
734872185274261505
734872183986659329
734872174767538176
734872167955976195
734872167603666946
734872159579983875
734872157348564996
734872157260550144
734872156824317952
734872156564271104
734872155696078848
734872152655171584
734872152650964996
734872151585607682
734872151568814080
734872151430422528
734872148905447428
734872144233041921
734872143360593921
734872143113162753
734872142425231362
734872139518599169
734872139283697664
734872138658746368
734872138637815808
734872138524594176
734872133428477952
734872133302685696
734872133118091264
734872129947176965
734872129120931840
734872126721642497
734872123362148352
734872121319542784
734872120916869120
734872117498523648
734872117020381184
734872116676464641
734872116642893824
734872115904708608
734872115900514304
734872108929548290
734872104982708224
734872102063472640
734872100641607683
734872088675254272
734872088583000064
734872088562008064
734872088251621377
734872088180367361
734872081553317888
734872081528147968
734872079284228097
734872067611463681
734872067514961920
734872067414347776
734872067355578368
734872062284664832
734872060351156224
734872050993618944
734872050939142144
734872050851033089
734872050511286273
734872044937084929
734872043943038977
734872029715894272
734872029413945344
734872024762437632
734872024271720449
734872023969763328
734872023835480064
734872021163769857
734872021096665088
734872015820234752
734872015816011777
734872010271129600
734872009507766272
734872004160040960
734872000913629185
734871999948988416
734871998959095808
734871992000778240
734871988066496514
734871987462524928
734871983863824384
734871983570202624
734871983121371137
734871981066223616
734871975118688257
734871974955094016
734871974808281096
734871971171815424
734871971037511680
734871970945355782
734871963706003458
734871962313449472
734871962158305282
734871956806307842
734871955191549955
734871951349551105
734871949747363840
734871946110832645
734871946056376321
734871945846652928
734871943262941189
734871938879893505
734871937508335616
734871937130889220
734871928901672960
734871928725512193
734871925051281408
734871924900265985
734871924753465344
734871921825853441
734871921700044800
734871920232042496
734871920089411584
734871918432669696
734871914141880320
734871911461728257
734871910488637442
734871909364555781
734871904641810432
734871904583090176
734871903979098113
734871903609970688
734871900363608064
734871896014127104
734871895749853184
734871895250771973
734871895200419840
734871895057825792
734871894919417856
734871887013122048
734871886987993090
734871886744715264
734871886597894144
734871881292079104
734871879580803072
734871874140811265
734871865836081153
734871858408001537
734871857346818050
734871849482506240
734871849310523393
734871845254664193
734871844893937664
734871841282609152
734871841194561536
734871841173569536
734871841064529921
734871839344844800
734871828771045377
734871828641026049
734871828590645248
734871826057285632
734871823033217024
734871819837186049
734871815852548099
734871814866915328
734871811742130177
734871811603759105
734871811284979713
734871804620214272
734871804037234689
734871803282198529
734871795992498176
734871795757666304
734871795476668417
734871794969088000
734871794902040576
734871779299201025
734871778485534720
734871778326155265
734871777726345216
734871777470484483
734871776778391553
734871776644206593
734871771279675393
734871769610395648
734871768972791810
734871767810969601
734871765520945153
734871765487341569
734871759208517632
734871758206033924
734871757455294466
734871756779950081
734871756637405184
734871756620582912
734871756612206593
734871756532535296
734871755890757632
734871746541703168
734871746520711172
734871742666158080
734871742414458880
734871741546266624
734871741407825920
734871733048578048
734871732742393856
734871732117483521
734871732113289216
734871732079759360
734871731983241217
734871731949740032
734871724483829761
734871723749847040
734871723628240901
734871723384967169
734871723347218432
734871723242360832
734871721610727424
734871710541991936
734871709564739585
734871709258502146
734871708356730882
734871708348338180
734871707455004673
734871707324928000
734871706855190528
734871706351865857
734871705882140672
734871705760452608
734871704795779072
734871697598390277
734871696151326722
734871694217773059
734871681248944128
734871681198592001
734871677469921280
734871673325924352
734871669983023105
734871664027176961
734871661095325696
734871658125742080
734871657244971009
734871657240776704
734871656666157056
734871649833648129
734871647971377153
734871647858069508
734871647811997696
734871642879447040
734871637393297413
734871636856451072
734871636789334017
734871636453773312
734871635627528192
734871632238546944
734871632062353412
734871631705866240
734871631336706049
734871631198355458
734871628975312898
734871624231620608
734871623208214529
734871622352535556
734871622184763392
734871616908320770
734871616845455360
734871616795123712
734871616027496448
734871615020924928
734871614207197184
734871613498396672
734871613213118465
734871612818870272
734871612634324996
734871611891961857
734871606590345216
734871604455477248
734871601607507972
734871599044788224
734871599036387328
734871588257058818
734871583588765697
734871583282565120
734871583244857348
734871575174975488
734871574667485185
734871574587842563
734871571345596416
734871564991270912
734871553993768964
734871553842745345
734871543583539201
734871543348637696
734871542467813376
734871532942544896
734871532862857218
734871530400849920
734871529536786432
734871520263180289
734871514055618562
734871513116119040
734871513061560321
734871512541462528
734871501808238592
734871501195841541
734871500780638208
734871497743978496
734871496393428992
734871496078839808
734871495818805248
734871486914252801
734871486788472833
734871485475659777
734871485337243648
734871484288643072
734871484129251328
734871479016361984
734871473769320448
734871471567278080
734871469881237504
734871465431052288
734871463367475200
734871456362954754
734871455058530308
734871454194520064
734871453401763840
734871443557748737
734871443389960193
734871442685333505
734871442614026240
734871442479849472
734871442035216384
734871441208946689
734871430853201920
734871430555402240
734871427539709952
734871426189152256
734871425463529472
734871421235662848
734871420329676800
734871420233240576
734871419058786304
734871414277328896
734871413513932800
734871411706200064
734871408908640256
734871408388497408
734871407587405824
734871405649666048
734871405595086848
734871405506990080
734871405418930177
734871405318316032
734871399446269952
734871397474914305
734871389140844544
734871388025192453
734871380081180672
734871380005670913
734871376654413824
734871376444706818
734871375547125760
734871372959191040
734871372434931712
734871371927453696
734871367879954432
734871361928171520
734871361785626624
734871361408110592
734871361152253952
734871360636358656
734871355431264256
734871354525253632
734871350226092032
734871346107273216
734871335990616064
734871335424385025
734871335395037185
734871325370658818
734871325257437184
734871323697090560
734871323516784641
734871323265110018
734871322715672577
734871322652729344
734871322061373442
734871321759354884
734871318328381440
734871316977848320
734871312515125248
734871307339370497
734871304810139648
734871304533377024
734871304529170432
734871298497761280
734871297562402816
734871279212335108
734871279120076800
734871278797099008
734871272144928768
734871270882299905
734871270651760641
734871262363783168
734871257804615687
734871253706739712
734871253606117378
734871249575419904
734871248140963840
734871246475776000
734871241425858564
734871241174188037
734871237168599040
734871237160275968
734871235138584576
734871234240991237
734871230633902080
734871229790859267
734871229744586752
734871228968800256
734871224711557121
734871224573153280
734871224560562176
734871217279258624
734871216675278851
734871216620736512
734871216603955200
734871216562016256
734871216415223808
734871214410366976
734871210899722240
734871208454455296
734871208005632000
734871207967895554
734871207728799744
734871200925683712
734871198962712578
734871197784154112
734871191891152896
734871191773663233
734871190767075329
734871187084476417
734871186786689024
734871178347712512
734871177819258880
734871170210758656
734871170181275648
734871170089144321
734871170072379392
734871170026213376
734871161960599552
734871161784422400
734871161755029504
734871161738256386
734871159511080961
734871152540155906
734871151047020544
734871150719815681
734871149759303680
734871149625102336
734871149000167424
734871149000151040
734871148853374976
734871140796141568
734871137495179265
734871137293893633
734871136329162753
734871134315937792
734871127483387906
734871123658190848
734871123624665089
734871118570520576
734871115097616384
734871115030528005
734871114959224832
734871110135730176
734871109875695616
734871102518898690
734871099813564420
734871099369000960
734871098676924416
734871098576211969
734871094616850432
734871092146343936
734871078745583616
734871077910925312
734871077755703296
734871077743120386
734871077667622912
734871077604757504
734871077483089920
734871071904661504
734871069304070144
734871067777466368
734871067324514304
734871065067917317
734871056532557824
734871056415137796
734871056410894336
734871052245958656
734871052229185537
734871050069102593
734871046512377856
734871045979660289
734871037557497856
734871036219510784
734871035888164864
734871033220587520
734871031953956866
734871031639343104
734871031597387776
734871029525426176
734871027155652608
734871026417434624
734871023011651584
734871017869414403
734871017789755392
734871017567490048
734871017542291457
734871016833490944
734871016732778496
734871016728633344
734871015906512896
734871010600714240
734871010449731585
734871006251257856
734871006096068608
734871006096031744
734871006075080704
734871005877948416
734871001977196544
734870998047150080
734870997891977216
734870985166454784
734870985090990081
734870984906428416
734870983480377344
734870983056732160
734870982691807232
734870982683418625
734870982247239681
734870981932658688
734870978996674560
734870977851609089
734870976924659712
734870976194838529
734870964287209476
734870964262055936
734870964165562368
734870964002009088
734870957777670144
734870957152702464
734870954430566404
734870939440152576
734870939272368129
734870939226247168
734870939033292800
734870931118653440
734870930380488705
734870917264887809
734870916853825538
734870916535046144
734870916484726785
734870915683627008
734870915658448896
734870915633324032
734870915515834368
734870913804554241
734870907483783168
734870907357892608
734870906808500225
734870905881497601
734870905835425794
734870905738924032
734870905713774592
734870896800845824
734870893072121856
734870893042798592
734870892803678208
734870892417810432
734870886986219521
734870886340304896
734870875850346496
734870875779026944
734870871999930368
734870871962193921
734870869651128321
734870865968541700
734870864441815041
734870861925220352
734870850734854144
734870850579660801
734870846771236864
734870845991100416
734870843210227713
734870836558057474
734870835996069888
734870835593351168
734870835295604738
734870834637049856
734870830027558912
734870829759115264
734870829746507776
734870822075109376
734870821773180933
734870820758114304
734870812629536768
734870812134649857
734870812122075136
734870811870429184
734870811253874688
734870811195146240
734870811039895552
734870810284961792
734870809014075392
734870808766623745
734870801229467648
734870800264777729
734870800243822592
734870799547572224
734870796775096320
734870794912817156
734870792085864448
734870787765702656
734870786922680320
734870786641690624
734870785496653824
734870785458855938
734870785186275329
734870784620036096
734870775077982208
734870775006646272
734870774889222145
734870768937472000
734870767775698944
734870762990010368
734870762516062208
734870757839364099
734870755507351557
734870755301810176
734870754987216896
734870754341310464
734870751057154049
734870750985867264
734870749962457088
734870746883854336
734870746791616512
734870746577657857
734870746527354880
734870745772380160
734870745726226433
734870745709416452
734870740202328064
734870740051361793
734870739581599744
734870739409604609
734870733919248384
734870733726351360
734870733160120322
734870731952168960
734870726222708736
734870725421637633
734870725027344384
734870724440150016
734870724205268993
734870723555119104
734870723458682880
734870722959544324
734870722779222016
734870722758250497
734870722733019136
734870721944522752
734870720040275969
734870716307374085
734870716093501440
734870714717745152
734870714596085760
734870706719186944
734870703615397889
734870699827957760
734870693737857024
734870691967848449
734870691565215744
734870689405140992
734870686938898432
734870683956678658
734870683642171397
734870683231084544
734870682748780544
734870678470594560
734870678155997184
734870677107380225
734870674674700289
734870674301423616
734870673601003520
734870673563254784
734870663945703424
734870658971258881
734870658665074688
734870648628076544
734870647508226053
734870647290122246
734870642680582145
734870642156265472
734870641443282944
734870641237733380
734870633079787520
734870632886861824
734870632882688000
734870632853311488
734870624406011906
734870623705567232
734870623114104832
734870622887653381
734870622803775489
734870611940511744
734870611902730240
734870611676266497
734870611105841152
734870610837409793
734870610342510597
734870608396357632
734870608241119232
734870608111144960
734870600930430976
734870599697326080
734870598929788928
734870593594613760
734870586854367232
734870586661437440
734870586560815104
734870580365647874
734870578063114244
734870576439918594
734870575269740545
734870564343545857
734870564226146304
734870563789897729
734870563420811265
734870563156590592
734870562636468225
734870562401615872
734870556781203456
