934191398571483136
928436576958296064
913883371427684353
854464877326249985
854464524648300545
854464390824734721
852925743260512256
820030196145213440
794213891907538944
791356599428186113
790693656856375296
788869574544416768
783473518264528896
782999343657652225
781535902367481856
781214118720122880
781181872478892032
780923177664860160
780918799545491456
780918520657739776
780918328902586369
780849453817143296
780814945688571905
780554132784500736
780520694396227584
780423161217036289
779363204300320768
778275419455823872
770688263522615297
770677281308094464
768857771877871617
766036342786576384
758743429350236160
753298949516070912
753298805320146944
751809587397877760
751585313902895104
751567299178401793
751562136158023681
751542416163737600
751541010656743425
751526130897735681
751491867548655617
751491852176502786
751486930076864516
751460891997065216
751221019369615360
751206685503393792
751178819533361152
751178684413775872
751178613374857216
751137587780169728
751101597468332032
751094243733549058
750858009912291329
750794228167417856
750780340583575552
750766485061062656
750446890638929920
750399081881620480
750397971099856896
750397344378531841
750373783530119168
750011756303511552
749694442098089984
749641788453892096
749271725716701184
748966973392850944
748924316893392896
748919936420966400
748619552766857217
748591399466045444
748591178740752389
748590873026256896
748590490602246144
748590116122161152
748589025301131264
748588818912014336
748586949187764225
748586723521622016
748586178123685897
748585621178847232
748584578906882048
748584192884125696
748582885225992192
748579126206820352
748578989921312768
748578762556510208
748578656180547584
748578532930908160
748578333655347200
748578256396292097
748576170560524288
748575297641930752
748560907735703552
748543610681888768
748292015687819264
748291261811982337
748291088452984832
748290786534428672
748290541473824768
748290263861231619
748290037649838080
748288974553128960
748288814053892096
748287807144091648
748286851597774849
748286784086302722
748286367709335552
748286354014932992
748281481168969728
748274728767389696
748274315431292928
748273232587874304
748273159283974145
748272289989308420
748271683388178433
748271655818928128
748271594766667776
748268126836391936
748267600384122880
748267127367315456
748266374997278720
748259758218481664
748229509636202496
748200516220420098
747949356490203136
747941909079855104
747934028959887361
747929165555339270
747905130033381376
747883181202804736
747868376022736897
747862158759723009
747853847725379584
747839656570425344
747553935351648256
747553858423951360
747553702613913600
747553591737483264
747553502394646529
747553179928166401
747553049074249729
747528277405794304
747519426145071104
747519301402255360
747519137455341569
747519052986257408
747518817601888256
747517603187425282
747517446953701376
747516015030853636
747514885555134464
747514747059245056
747514501700845568
747514399762448384
747514365843120128
747505801019875328
747505666139398144
747505371212713984
747505339067568128
747500798536343552
747500740826914816
747500621985517568
747500287678513153
747500275678642176
747500225858723840
747500188386766848
747499965987991552
747497624807186433
747477834789093378
747476770186633216
747120194477142016
746783958226997253
746783373754961920
746783344092798976
746783214669205508
746743035203981312
746739864373075968
746738646720512000
746738056435109888
746708285827342342
746592167787790336
746591883002974208
746591489942126592
746590807998619648
746590743272136704
746590486442344448
746589987949281280
746585314961940480
746585283823448064
746585205612249094
746585178416414720
746585161202995201
746506254609047553
746504364227887104
746503953337114624
746503729122152449
746503250094915584
746498976556290048
746481184373276672
746481103679033346
746466141363572736
746433261170089988
746432670037467136
746419797047447553
746402509711769600
746327295783243776
746236589701988352
746121704494096384
746120043151253504
746092824995631104
746092666408968192
746092479259107329
746092436120711170
746092382857265152
746087311088173056
746070455711305729
746054766149570560
746046475952480257
746046163774644224
746045889530060800
746045809817354242
746045755790503936
746041570449719296
746020802827456512
746012806575697920
745772332954714112
745762930134638592
745737242337935360
745730030240567296
745729682067197953
745724124564066304
745709267043254273
745694002712707072
745677900502937600
745673992942424066
745435167477510144
745397802763640833
745397717250150410
745388025006325760
745378905519861760
745361264910622720
745343694870478849
745304216650940416
745299623707705345
745004955329695744
744973419800723456
744953628096528385
744943578300878848
744937476251254785
744624579256131584
744590831726764033
744579866079617024
744544957554266115
744342720722853889
744341958114476032
744258591834640384
744211433651478529
743924954773651456
743883860396515328
743869372876263424
743868407628521472
743867356804308992
743867023222923264
743865990203641856
743865828488024064
743865597893578752
743850802809290752
743699879751344128
743548846379196416
743506550870925312
743488386191626240
743464926061047808
743296629550153728
743201576697929728
743131572975460352
743124371514892289
743123032676274181
743100076994662400
743100047621922816
742953378934870016
742937280470523904
742936530776424449
742935810824081410
742932613518725120
742931290488463360
742929305441689600
742912759856279553
742888375531638784
742862453550120960
742861154297348097
742839110574985216
742790014887694336
742590983158693888
742590784629673984
742570431199084548
742476775565955072
742457081005887488
742445819450691584
742421722482118660
741736941088088064
741691666629812225
741661470375710724
741374721405648897
741330022951096322
741313511440056320
741309077968457729
741057427592904705
741042132874469376
741042049642680320
741041984471601152
741020985864773632
741012122583339008
740696941890146304
740588775697326081
740294366720188416
739917366742687744
739472104647761920
739224580187774979
739139981650759682
739116572048916481
738815181757652992
738784910438244352
738505564129513472
738414978647068672
738151430851198976
738124521698254848
738124085977190400
738082844891844608
737795856485781504
737778097143971842
737328129660837893
736255493300060162
735953828323954688
735899206825574400
735885414226001920
735591366097567744
735583985204482052
735540470885978114
735224542616944640
735153495804891137
734806219475550208
734799813481402368
734428904644091905
734348914678235137
734057198746095616
733806419380555778
733798402127863808
733798292442648576
733797713825923072
733797551829192704
733797268256497664
733794872709156864
733794080488980485
733793768185307136
733793555169316864
733793176721428482
733792962212040704
733792773120372736
733792389274304512
733791156782305280
733781392291549184
733758262521159680
733746056295415808
733720399536496640
733688101453893633
733682826009321473
733441525015666688
733424504882401281
733406499519635456
733388259263315968
733348853861093376
733348393817247745
733339437094948865
733076279197503489
733052515336392704
732705335564238849
732639999674318852
732329877227982849
732326790593544192
732259099753123840
732259020849864706
731280087690018816
731167150824509441
730516983876177920
729765771547533312
728947742177923074
728632844839346176
728304373139308544
728295901224017922
728283262376890369
727579537018486784
727558487702679552
727298488828985344
722889783291150337
722888865606799363
722888608420483073
720671597233704960
720551741067042816
720551235565264896
717745184721747968
714834982527705089
714510944026673153
713749330541285376
713749074596478976
712989252926234624
712988710447554560
