715282636004917248
688937503395454976
682724293063643137
680488335945646081
676617438658605056
675151605877055488
673597980289667072
671393515499319297
669953804486340608
668877839542849536
668135297859776512
667459772266844160
665997731152834560
665266825760894976
664928708080209920
664891110917996544
664517936153915392
664257354871934976
664193518399696896
664117858654294016
663886218275393536
663810375364665344
662756957904728064
662436133662420992
662083873354838016
662026759248867328
661611675422879744
661244139527254016
660530684138688512
660200580862767105
659430179563962368
659075830639820800
659075200634327040
659056808774889472
658749340278611968
657695095467040768
656530328366944257
656235885722112000
655850850376482818
655156295767490560
654404060364214272
653646341638217729
652597079190056964
651857037593174016
651504712198455296
650430151390400512
649690277125316609
648968242346659840
646099972169953281
646042817060429825
646042748408037377
646042438323191808
646042321536987136
642509900942209025
642004651257151489
629717143945216002
629336139053150208
628976902909333505
628611364706123776
628248986441285632
627886591336316928
627524207618830336
627252414693773312
627169254035472385
626800561304657921
624342899979743232
624323160242962433
624273565148401664
624262240082866177
624261782819868672
623980701323411456
623980677340344320
623980635812564992
623980622952857600
623980601368973313
623960804870586368
623959339661832192
623918173004283905
623663669797191680
623598420305928192
623546617027653632
623296962066976768
623296830252544000
623296624295477248
623296339443478528
623296301514362880
623296178109575168
623291406375718912
623291373630820352
623291354257321984
623291326939856896
623291290176782336
623291247671709696
623291219364433920
623291182286635008
623291158840541184
623291140226220032
623291117174329344
623291101202374656
623291079903744003
623238432848941056
622933955709304832
622873553851908096
622850812453105664
622849806784839680
622847604007669760
622846383314198528
622846131949559808
622813171892400129
622571565750693888
622564971080105984
622564342551048192
622562980815765508
622562900490649600
622511161800396800
622493257352622080
622492109820399616
622491537671217152
622490759732695040
622490698042884096
622467818617860096
622467801463177216
622466700756152320
622466585748373504
622456275624837120
622426398779506688
622423971271606272
622276135217315840
622265524714508288
622261437386207232
622260061558050816
622259857551310848
622209186319896577
622201946896666624
622200501887631360
622200472233840640
622199335904632832
622198583102550017
622197662670917632
622194551248162816
622187578763034625
622172815362387968
622172793023500289
622141448859684865
622128808578027520
622128535600173056
622110734453899264
622102238693978113
622095815880781825
622089521379696644
622088629762928640
622082333772922880
621877019769331712
621844669824000000
621828787953467392
621827954603982849
621815901092864000
621791988652732416
621785966622052352
621777607701323776
621756958996078592
621756855732314113
621756262636589057
621725450851581952
621510340497387521
621481256094576640
621439300756869120
621408975880216576
621407586441543680
621398601969700864
621367465516253184
621363698284625920
621362862833819648
621359169946267649
621171200140521472
621152259980701696
621120437326458880
621115789836300289
621106765308891136
621106688435683329
621106672589627392
621106661629890560
621106069398384640
621103926201446400
621103158778064896
621102215604871168
621101585075150848
621099281651404800
621098697443704832
621097938677317632
621097010054217730
621095111364100096
621093887680102401
621092943504515073
621091740775157761
621091647669952512
621090484186955777
621089779371876352
621088055261171712
621086545383174144
621085413881462785
621031449756446720
621005043618050048
620699249181724672
620649477733416960
620641694430576641
620397242696904704
620321742951575552
620278084688678913
620034852721594368
619960871758884864
619898956630233088
619671626913714176
619656417528549376
619656018054656001
619654870371446784
619654734174011392
619653562595868672
619650191902183424
619646006309683204
619645995144474624
619645772766691328
619644037759238144
619643917533757440
619582117652008960
619536606274269184
619279873505280000
619174316135940096
618917738963013637
618812256743063553
618555241982619648
618450019583004672
618193425045716992
618160854429634560
618096523822235648
617830326987919360
617800707408728064
617724621874335744
617467939839553536
617382786400325632
617135742997782528
617013518991167488
616645954012229633
616380534030139393
616301107531268096
616033971667800064
615928718192590848
615565469810978816
615203018498113536
614840631769169920
614569252121522176
614478169102417920
614231490600288256
614211027899711488
614206458545045505
614115902267592708
613762657317883904
613392022951464960
613089722630443008
613052957521612800
612667512698703872
612303913430036484
612032854801846272
612000876639576064
611995689799647233
611994893540417536
611994110543572992
611993590726668288
611992577814835200
611988628303032320
611988101376839680
611986933250547712
611986632955183104
611986122395115520
611985624170524672
611984793987723264
611984543940087808
611982807070445568
611982027001233409
611981764270034944
611981322450407424
611981165000396800
611941850417512448
611726575466356736
611703629293092864
611590311924510720
611264395369316352
611263671340130305
611262829497159680
611261386505588736
611259994109915136
611229224041484289
610977177224384513
610944983466512384
610492410460647425
610220181638361088
609839055526703104
609767210823716865
609714137195745280
609713660798312449
609713163492311041
609438671515844609
609398702617133056
609201589937528832
609174533950476288
609170406247759872
609061019806109697
608798918332194816
608438434617786369
608358292578918400
608036340391940098
607726550595674112
606853052662833153
605533961423429632
604089800115662848
603727459805044736
603308470549381120
603308430967721984
603308268480430081
603002619280293888
587420938691481600
585654108775968768
583749534972420096
577573355311611904
577305367928905729
577305323263807488
577305288056811520
577305209560436736
577305182893056000
577305151121178624
577305115746430976
577305078215766016
577305048230703104
577305010364530688
565989495690903552
565649908443926529
565649695335546881
565649521716506626
565649386345353217
565649299443548160
565649215905611776
565624341996773376
565624213047083008
565624155383795712
565624093605904384
565559849853784064
