820014975951327232
808734230570291200
738498159241007104
738135788542558208
737793954175811584
737340389829582849
736322414167130112
735972652758773760
735595153440841728
735187511270608896
734869112715939840
733809617772384257
733011828972871680
732654453619347456
732345292440412160
730794805773631488
730081366092689409
728571417533530112
727544003000963076
727194781391147008
725005369538449409
722228406256070656
717204304420012032
707340534701019136
706978557222899712
706207746996080641
705553900326121473
705518159420379136
705518022841257986
705517893421817856
705517742644920321
705517597090041856
705516013731901440
705515937559085057
705515836728074240
705515681215807488
705410498532122625
705159687638016000
704404707712835585
704383257530466305
704340311741431808
704339912783437824
704339786627215360
704094006666330112
704080939270475776
704057967289602048
704018306907254784
703718880775110656
703686084811620352
703670746136997888
703625744673411072
703579738502135808
703404832447553536
703368989435498496
703366844430852098
703320228005076993
703284339321090050
703282881314070528
703068183444369408
703006708088442881
703006685661569024
703000855600037889
702993473561956352
702993438019440640
702988810171191297
702986655439966208
702979900387565568
702967534224588802
702961110438289408
702922147522613248
702912609096486913
702901661191249921
702876360155516928
702684604084277248
702684319064543233
702664783288537088
702659410368139264
702659339115364352
702652895569670144
702644247728488448
702641467299332096
702624058752405504
702623471260405760
702590491934601216
702589478297141249
702587428490457088
702585854200381440
702583875629744132
702578770763390976
702578620720484353
702567392115871747
702554190887964672
702513772301303808
702504132955930624
702281828598611968
702271804602187778
702251613419757569
702245357842014215
702238448040734720
702235512854093824
702217650701791232
702191314880720896
702171385959948289
702159937720467456
702158427196358657
702155674797547520
702155589510541312
702155436808491009
702154339633209344
702149557568847872
701968674031271938
701922042178879488
701910552709308416
701896944621375488
701889508518846464
701889282135293952
701874197740462080
701844274690691072
701828931574480896
701819449771429889
701810677267177475
701809868857077760
701593951329984512
701547686810546176
701496697671712768
701188936324902912
701134301589405696
700817588536762368
700793125480968195
700747410771832832
700734535181283328
700468405711695873
700462251635974144
700412464136122368
700374411266891776
700328519000309760
700328107144826880
700074604291878912
700062563812245504
700041571152953345
699813298552836096
699811122879340544
699809842417033216
699807457258971136
699806968890986496
699806463020167168
699805050324062208
699803950049062914
699803930948190209
699803677872287744
699803370446589953
699802116899135488
699801122526142464
699800856053608448
699800397137838080
699799684110540802
699799605052121089
699798298979340288
699798065289555968
699797917645848577
699797816017887232
699797613709811713
699797407945650178
699797276433190912
699797194782670848
699797017866936321
699796785364148225
699796388767522816
699796376750813184
699796275076718592
699796014006456320
699795372064055296
699794774040166400
699794689671761920
699794617160572929
699793485524832256
699792088678985734
699791955337834496
699789922203475970
699787910208450560
699710645726482437
699654632797134848
699629797950038016
699624979919409153
699375981132386304
699316219908853760
699069659224604673
699024216281255937
698645494382403586
698617645571026944
698598980926775296
698296332893687808
698289267475349504
698243617194975232
698240741085159426
698234733701025794
697929537070485504
697918316409655297
697873688121712640
697605508111454210
697565577490145280
697511577738747904
697226474881949698
697148452199755776
696836664765902848
696795300208517120
696066835142221824
695746690687627264
695745517305925632
695684317444493312
695518975522832384
695413506879782912
695387995118014464
695343019965349888
695034243446136834
695018966742388736
694973942935613440
694925870331510786
694925739188215808
694710734295547905
694611422458687493
694295847006265344
694241186991755264
694226685877710848
694158318844010497
693934546086150145
693525925758160896
692856411668152320
692824852722483201
692805799786074113
692805195428929536
692796514868072448
692788225350463489
692785036857319425
692776454787043328
692769692340109312
692769419475488771
692486518020136960
692437136360865792
692079550969290752
692054628029038593
691758213868429312
691745443752120320
691713281849954305
691713239000956929
691713175717298176
691713116460154880
691712987082678276
691712862977392640
690637681261285384
690268521767526401
689956776679206912
689900311905865730
689583548374913024
689537639012290560
689240068507201536
689182280376553472
688136613356941317
688050346115993600
687788505490153474
687783172147417088
687764059014365184
687724393267605505
687410408882368514
687363113440677888
687342977258135552
687296523781181440
687084123391979520
687084041783390208
687083746923823104
687079518226399232
687079342992523264
687076544007651328
687056113963958272
686991502367690752
686976506355134464
686970569363951616
686685177309970432
686638623421251585
686624991236984834
685597506458284036
685559752865230848
685248271388917760
685190472776728576
684937592274423809
684886432423501832
684872631183642625
684827281664163840
684810326349492225
679741195480858625
679741091466350592
679740996175925248
679740918900113408
679740798364217344
679740648589791232
679740487956299780
679740144539299841
679739370119782401
679739341988577280
672168280531054592
672135011508858880
672134992764514304
672134866180395008
672134429016477697
672134393054535680
672134145888358401
672134015495872512
672133530382639104
672133451835944960
672108547501662208
665277860131659776
659124831904886784
659124805187141632
654376871652519936
652240695776796673
652190184142860288
652189884388536321
652189814830186496
651537471088422912
651444870242897920
651444625140396032
651410270397423616
651409889571409920
651409828657545216
651409782213967873
651409716698976256
651409249369616384
651409225466294272
651409144629477376
651409113054773248
651408840697606144
651406782389026816
651406742669017088
651406558824271873
651401376975556608
651401183853047808
651104095864926208
651088152157777920
651084354580443136
651083298052018177
650095248094302208
650095095224528896
650045240338812928
650040664088969216
650039376949317632
