679403130077863937
679401264686305291
676825115359895553
659051365600243713
632220159264952320
631959894145548288
631193391724929025
631191669661151232
631136882672422916
631136473555861504
630847781645582336
630804735214252033
630782389610921984
630773135285989376
629745495435538432
629685711415975936
629365552738365440
629334350136516611
628980118107590658
628290509467971584
628286624661639168
626888764292513792
626872435028197377
626870870808625153
626166008777150465
626151763717005312
626067262974394369
625723982197592064
625701096384819200
624672778831196160
623954653714231297
623954502522114048
623953651367837696
622106799718559744
622106000896626688
621742230575845376
621054879906205696
621054470206533632
618905405511434240
616658801865920512
614199582612934656
614174593666916352
614166243394887680
614147739379761152
613155001863540737
613154093159190529
613153290210021376
609116367061565440
608303268008095744
607972237585416192
591678090377461760
591371451925565440
591371369100644352
591371302763540480
591371227605827584
591371115194232833
591371037779959808
591370960390914048
591370872474107905
591370777196265473
591370693012422656
591370615510016000
591370526829842432
591370441492533248
591370282138349569
591370177578598400
591370008246104065
591369513993576448
591369294396592131
591368835933999104
591368676739133440
591044270787727361
591044183860719616
591044064348229632
591043979577139200
591043907984625664
591043810471256065
591043710764208128
591043612160299008
591043515276140544
591043392898867200
591043282928406528
591043153769017344
591043041500139522
591042924399484928
591042815766859776
591042718421258240
591042603530919936
591042498933362688
590954307005976576
590666694525382656
590666591051898880
590666463268179970
590666342346448896
590666265133506562
590666120765505537
590666012946784256
590665911050362880
590665716401119233
590665604442546176
590664291440844800
590664187879231489
590664011118682113
590663897285263361
590663659715715072
590663522004140033
590663272032030721
590663115961933824
590662985921732609
590662823618940928
590662680995897344
590662320327696388
590662170846830594
590662054664609793
590661653735301123
590309188837847041
589911390523039744
589872800250269697
589872481457995777
589871917403742208
589871451727093761
589871177243365376
589870558252113920
589870275597979649
589868813589487617
589868453395238913
589867843820195840
589867715323527169
589867501145600001
589867411622342657
589866686653734912
589866577584984065
589866486287572992
589866255118512128
589865967447998464
589865566858416129
589865393973395457
589865234015195136
589865092134481920
589864957337972736
589864819827683328
589864707437146113
589864590101458945
589864006619271168
589835862940090368
589652901473030144
589652757675552768
589652362559508480
589652155008557056
589652154815614976
589651350939512832
589651002329935872
589650639371698176
589650296709599234
589649970619224065
589649466665279488
589649227157938176
589648943530647552
589627767852912640
589627245603336193
589626739757686784
589625567151951873
589625079274700800
589624583457648641
589623789664665600
589623211261726721
589622919749218304
589622511148474368
589594270710935552
589578822606934016
589551961336258560
589551697761947650
589549099113848833
589548964409552896
589547530930651136
589547115220570112
589545629904285696
589545317411885056
589543539790323712
589542651835252736
589542495614152704
589541143467003904
589540758719373312
589540148922056704
589539447969951744
589538945584615424
589538925116403712
589538081365106689
589537884023062528
589536819026374656
589536597340622848
589536419317559298
589536192367960064
589534615074775040
589534190544162816
589533177649106944
589532018888675328
589530750128553984
589530516400906240
589530156223504384
589528873462673408
589526344133844993
589526188902653953
589525863718260736
589525636634415104
589525055341629440
589523133880664065
589522711761657856
589522462548754432
589522244314861568
589521503466557440
589521300537774080
589520996538843137
589520648453558272
589519986839826432
589519589341429760
589518949718491136
589517801636823040
589517029830340610
589516680574869504
589473472927006721
589361479255752704
589232963386114048
589231913723822080
589231154126921728
589230624990343168
589230146151845890
589229537684131841
589228631664168960
589228188271673344
589227239398477827
589226198154104832
589220514679296000
589220227616911361
589220005650137088
589217438010507265
589216879857639424
589216058097020928
589215192728272896
589214968295206912
589214547019345921
589213996357521409
589213992616263683
589213621030268929
589213554395353088
589213424472567809
589213322135764992
589213233380110336
589213097191084032
589212900629221378
589212791875063808
589212683712376832
589212579932741632
589212484214460417
589212195692490752
589212114780172288
589212023507980288
589211934932668418
589211892578562049
589211713070698496
589211678031482882
589211622524063744
589210341814312960
589207584076206081
589203857143529472
589203601152585728
589203239515500544
589188694860398592
589150365393637376
589149849297158144
589149182297968640
589147068247052288
589145974544605185
589145085402427394
589144727133388800
589144054639628289
589143312658923520
589142815281516544
589142376561577984
589142044422995969
589141981277736960
589140581294546944
589127703682355200
589127352015134721
589126900145987584
589126342102253569
589126155476738049
589124825773248512
589124379268657152
589123816632102913
589123251051233281
589118002668306434
589116404630102016
589115506059161602
589114593588346880
589114254831132672
589114090401890306
589113409318191104
589111889197551616
589111378683789312
589110070350188544
589109274673950721
589107873793187840
589106816434380800
588960803409113088
588924097632935936
588921330189213696
588918561982164992
588914787372769281
588884914788904960
588873450724274176
588872474105749504
588871215160242176
588870484642562050
588869504102375424
588867978009022464
588861725602025473
588860418048663552
588860014955089920
588859525790191617
588858932468158464
588858281046638592
588856958658084865
588856706899185664
588855916285468672
588855778603245568
588854698209247232
588853503541399552
588853078507454465
588852591267696640
588852147808145408
588851520965226496
588848047221657600
588846086694903809
588838728447172609
588837681137782784
588837331341221889
588836725843042304
588836021120344065
588834893192265728
588833998706606080
588832640150544384
588828446203117568
588828174613516290
588827164037939200
588826990766989312
588821656451227648
588817228721623040
588816409301422080
588816097945657344
588815751928152064
588815578812391424
588815087474847747
588814908931723264
588814360312590336
588814157463453697
588813778440953856
588810265094828032
588808896237555712
588806685424111616
588806393727094784
588805969938747392
588805239618154496
588804646195494912
588804262261497858
588803546205724672
588802679440216064
588801888587370496
588797389411983360
588796714393337856
588796240445321216
588795688143556608
588794665400336384
588793953035522048
588793407033618433
588789084602040320
588787146674155521
588786633966620673
588785936164491264
588785117587341312
588783858159472640
588778129298051072
588777164893360129
588776557381988352
588774554526289920
588771772268290048
588766669935247361
588766441853165568
588764923615817728
588764199087509504
588762139407437824
588760227048202240
588758860531269632
588757245455831040
588755247704645632
588748966654685184
588597696862126080
588524749698895872
588520533739704320
588520244806701056
588519561391054848
588518039210954752
588515544233455617
588513408653242368
588512117323485184
588510020049874944
588509231411691520
588508032771837952
588506281058521088
588503729420177408
588492193632911360
588491497613332480
588491133354807296
588484336053260289
588482642804404224
588481210344673280
588480801576251392
588476925099712514
588476208733679616
588475231427256321
588473659938906112
588471950265069568
588469122666598402
588467268759097344
588465920827203584
588465550054948865
588463588395720704
588462972097331200
588461953464467457
588461183092436992
588460376410365952
588458447856742401
588451158152220673
588450734347190272
588449958178607104
588449267754278914
588448621101592578
588444908433715201
588441012294418432
588437272422285313
588436577086373888
588432695715201024
588431426833420288
588431133974495232
588429893026742272
588429299960586241
588414371786698752
588410109388197889
588409452421754880
588407165674622976
588404312595771393
588401085330563073
588397088242712576
588396335507738624
588394215802998784
588390572227887104
588389747719995393
588388908053860352
588388341998981120
588388068987576320
588382786425262080
588381570613968898
588380969113116672
588379080292077568
588235308463853568
588204730339487745
588200834057445376
588199616375566336
588199365182935040
588182206025228288
588157560148099072
588156629004247040
588155225489412096
588153977293950976
588153405513867268
588151822294061056
588149908558979073
588147144655314945
588146298425122818
588145919280947201
588145818189885441
588144617218039810
588136909228138496
588129578561966081
588127107781386241
588126374080212992
588126237974994944
588125833178546176
588123231112060929
588122857965821953
588122304707747840
588121477574168576
588120896960868352
588116757874941952
588114555487842308
588113517808594944
588111852133056513
588110430381412352
588109846412660736
588109264637583360
588108519854989312
588106628794339328
588105899048378370
588105296377151488
588102664501731329
588102095968010243
588099703562199041
588099015172030465
588098365558226944
588098016692871169
588097479880663041
588096482546429953
588087853072175105
588084334621515777
588048821235666945
587872667597799425
587829667551322112
587798698496696320
587798679873961985
587798663046397952
587777415516045312
587776907099279361
587775198419554305
587774889865523200
587773383753904128
587767792197210112
587766993467547649
587755436687822848
587747407737131008
587746471383969792
587730442876362752
587720754126422016
587718242338111489
587716509889200128
587714017579286528
587713107880910848
587712259545116672
587710494644899841
587709892930093057
587707276451909633
587705761611939840
587700221976555520
587699094207860738
587697548325847042
587694692495523840
587694395039748097
587672332119879680
587540478800740352
587495181160554496
587464981123375104
587414361066442752
587330025055129602
586966959410909184
586724052326158336
586654882490294272
586654835040071680
586654469980422146
586654177557745664
586654120104165376
586654001547972608
586653947496005634
586653876985540608
586653733775220736
586653676787277824
586635529870950400
586603156328546306
586247899807404032
585903221580832769
585627515038912515
585547037338402817
585207001967362049
584070869699338240
583751411357220865
583336710412464128
583010895707521025
582771823437172736
582614851027005440
582195520040398848
581606663850893313
581533667438170112
581169255401459712
580808706809450496
580504374037889025
580081745187377152
578991419878043650
578606963296051201
577651240747683840
577226978241052672
577226460013809664
576789243198103552
576758359434498049
576758303876780032
576758245529812993
576758148049940480
576758019561652227
576757895687118849
576757725448642560
576757636688818178
576757569609318401
576757493696569344
576559951595745280
576559539731836928
576555355284467712
576554687446413312
576548912858705920
576521937981075456
576521800231743488
576521704937132032
576521480848039936
576521251566440448
576521091075608576
576520982912864256
576520921659273216
576520597561167872
576520511233994752
576520419395547136
576509923103625216
576509771638910977
576509507494223873
576509399151177728
576509275389857792
576509023421218816
576508509434449920
576508385832497152
576508297127157760
576508157213569024
576508039697559552
576507950560194560
576507791587745792
576507042036195328
576506786577928192
576506676443889664
576506474358185984
576506153347076096
576505974430642177
576505826472390656
576505546485813248
576505406089928705
576505303224614912
576505190611726336
576505077684289536
576504689866358785
576504271446749184
576503884031496192
576503751214641152
576503527607918592
576503314356944896
576503101537972225
576503024324980736
576502853860139008
576502500708089856
576502374245662720
576502218846642176
576501982027870208
576501808769544192
576501465356767232
576214879192756225
576214817385541633
576214706051899393
576214599596281857
576214400568152065
576214246184235008
576213982446407680
576213907087327233
576213821359935488
576213751973564417
576213485366816768
576213419906326528
576213275005734914
576213071158374400
576212907949621248
576135068927700992
576134992855633920
576134811321958400
576134506719027200
576129737057169408
576129458085629952
576128752666595328
576128424617480193
576128018839568384
576125157749620736
576124920729481216
576124357098897408
576124150097412096
576122959556833280
576122788798304256
576122573609517056
576122277550387200
576121981365456896
576120463396454400
576120291174191104
576120152267177984
576119542176329728
576119281164767232
576118993884303360
576118819006984192
576118610545893376
576118305083150336
576118162548080641
576117363076034560
576116991796219904
576115701674455040
576115272530026497
576114881193115648
576114483065581568
576114149018595328
576065130028355584
575849348799447040
575849255715241985
575849038567763968
575848875824537600
575848797416259584
575848721952342016
575848662951055362
575848569724215297
575848305512460289
575848190752116736
575847833279983616
575847756113162240
575847617193644033
575847518707146752
575792389798780928
575792103831154688
575791976232026113
575791516754444288
575791445698699266
575791266052485120
575791208988995584
575791162071498752
575790133913366528
575790027780706305
575789788403367936
575789380989640704
575788746198528000
575788631610130433
575788515578933248
575788392484487168
575788174019952640
575788061474226176
575786367688429568
575786304652242944
575786239791534082
575785702459244545
575785621928603648
575785463882981376
575785318323871746
575785214544207873
575785115109826561
575784152638717952
575784058191380481
575783895079084032
575783776019574784
575783551745925120
575783344341811200
575782913913974785
575782691141853184
575782457720487936
575782251113271296
575425988642779136
575425403902259200
575425174666809344
575424330424713217
575424053319573505
575422630737502209
575422360775360512
575422318119292928
575422221973254145
575421953403527169
575421636066725888
575421500129325057
575421436203917312
575421225196908544
575420693552087040
575420471061032960
575420332720287744
575420263858204672
575420056919670785
575419957900509185
575419701318172672
575419579511410688
575419510661890048
575418931105521664
575418536664825856
575418409938112512
575416012926885888
575415846203322368
575415588119539712
575415258119974913
575414845161369600
575414387323760640
575414172034322432
575413742445314048
575413401662287872
575412965844738048
575390082707775488
575118663109378048
575118499321790464
575118343142670336
575118053425344514
575094725121720321
575094322497855489
575093948059770880
575093626230861824
575093411222437888
575093264522461184
575092988537274368
575092818764410880
575092681468051456
575092599037390850
575092441897816066
575092214587490304
575091833711128576
575091489765617665
575091285599502336
575088981634744320
575088782577291264
575088372823162880
575088238903173120
575041725133029376
575041174899032064
575041080233611265
575040980329476096
575040771000115200
575040617715134464
575040204999786496
575039860089581570
575039533852426241
575039437576400896
575039124287062016
575038934087942144
575038815615635456
575038714734206977
574683927203291136
574683622512324608
574683479201308673
574683343708553216
574683179040182273
574682986290921472
574682726889975808
574682622028201984
574682543712157696
574682148789223427
574658831831040002
574658614637412352
574658350635339776
574658009126727680
574657907557466112
574657502572191744
574657366433513472
574657066935058432
574656966514991104
574656714173108224
574656584313237504
574656350195576832
574656084578709505
574655782563635201
574655577726431232
573211541664768000
572894271558139904
570769756317360129
555068912149086208
554850872715247616
554850327728357376
554850306123522048
554850290239680512
554850160799256576
554839855402737664
554839794765688833
554836328026603520
554836286029066240
554835430160338945
554828512742227970
554827672291799040
