928673199109242880
679440801160511489
676940660977631232
676483023563452416
664494613516816384
664494587172421632
664494549784358912
664494231243788288
662328833392029696
662325104051793924
661596990778683393
661255795397406720
661230697785372672
660145555083952128
659778807021203456
659441850860728320
659037713731993600
658776384370638848
658675769804128256
657589441205174272
657232001552900097
656890831773634560
656568359094349824
656210573042958336
655382832026533890
655072811661168641
654340979932008449
653971523825332224
653624712208056321
652530793206538240
652195014542397440
651791650897825792
651428611593891841
651057926900092928
647486141541695488
647105188839329792
646785361817919488
644981501814173696
637022838071824385
635861051569909760
634422153698369536
633694711744622593
632682442319462400
632265480938491904
632238892201086976
632238825754857473
631970362356449280
631528248493477888
631522040260890624
631227998750924800
630818492476882944
630424606801707009
630370055767748608
630091174091436032
630045878514946049
629814599613677568
629789139987116033
629760713955786752
629708465829642240
629701050769936384
629341298839977984
629336537210028033
629059918209748992
629026886614581248
629026838384214016
628990756284313600
628982384965386240
628974687964377088
628739788418363392
628715417062653952
628715370535215105
628715246547394561
628634557454028801
628616581174525952
628584875033956352
628375322493255683
628375224250032128
628366487183450116
628366396871696384
628366326520639489
628366026145701888
628359201211813888
628329873904410624
628310659877306368
628261578350071812
627960003253506048
627959909879910400
627959786508677120
627901695461163008
627886470460649472
627872264613031937
627743448536231936
627742714310701056
627506617509023744
627371061516963840
627369874956812288
627369746829152257
627250654772224002
627190615629914112
627186631741587456
627183404472123392
627178883834470400
627177905643085824
627155630294327296
626997992545890304
626993526748745728
626993485833310208
626993395060203521
626993310494658560
626993241196396544
626931408129232900
626922927347240960
626921291505766400
626919265338310656
626919187928092672
626909029902745600
626908928253759488
626908852059942912
626907673846362112
626901279818682368
626896265574395904
626893463833874433
626893408083128320
626893345369886725
626893272326148096
626893231117107200
626893155942600704
626893086220615680
626893014867140609
626892954049744896
626892872789327872
626892809832783873
626892731374153728
626892581863960577
626892526184599552
626892365685395456
626892301080473600
626892208839352320
626892149615755264
626891970145718273
626891799919857664
626886301686444032
626870780194856961
626864735070367744
626807297507901440
626803352219750400
626799967089242113
626799805373624321
626799770313424896
626799509973024768
626558018000306176
626557551388196868
626543605222498304
626540203272830976
626527795015843840
626508617215127552
626502993047764992
626482259726479360
626482244438265856
626478557653405696
626474924442435585
626472945460776960
626459625391419392
626458455327412224
626457749606432769
626456198779289600
626455905429643264
626455894096654336
626454811932672000
626454802776481792
626454107667042305
626454096833187842
626453841601388544
626453831262408704
626452120296816640
626452109299331073
626451559065387009
626451549389131776
626451278831288320
626451264826552320
626450619549679617
626450606857662464
626450439102316544
626450423818248192
626449815161835520
626449405256732672
626449168668626944
626449103359119360
626449072333828096
626445088080564224
626431671642894336
626411600048566272
626410239395368965
626409935039893504
626255840639500289
626214822250610688
626210711056678913
626205819042791424
626205719004459008
626195472114298882
626166747872169984
626161838414127104
626135847088189441
626080728086777856
626076428518428672
626054080486453248
626052491969335296
626052220375576576
625911958361866241
625888047368777728
625885762978844672
625882524812644353
625882453782048769
625879151925301248
625876754280742912
625872149354450944
625868355111530496
625866563363586048
625866441112186881
625862316836327424
625860579798859776
625854560096006145
625852061800763392
625852002069708805
625848240705896448
625845512860622848
625839443623088128
625839206737186816
625839163057647616
625818169765007360
625798330551939072
625786427998015488
625765992379977728
625737798218199040
625723684888514560
625719196886790144
625710562450673664
625705978885861376
625464514234822656
625448019949830144
625365179711139840
625168820613681153
625168636244680705
625131167562383360
625078280777936896
625010153155248128
624951276678164481
624745901383249920
624740413287456768
624675665380540416
624655372821770241
624639810091614208
624611773476245504
624610210070466564
624411759458168832
624385043025297409
624361556688654336
624273522341318656
624113273714008064
624021128202158081
623987670205665280
623939631302623232
623912959702511616
623909607228833792
623654797497896960
623572262294171648
623551438896009216
623525050910703616
623326542165180416
623291955351416833
623264209011249152
623180975321669632
622921877355257856
622921538027663360
622892164666687488
622857886037774336
622810796888686592
622596987163009024
622576725633806336
622576208853622784
622563215780679680
622558429610053633
622518716283006976
622472107629240320
622206632445939712
622181173788147713
622101781745549312
622095685454684160
622089837894479872
621835263573016576
621727085262827520
621695804026155008
621428632272130048
621363750042517504
621349738827284484
621068207089037312
621063101371146240
620743765314048000
620615617763094528
620138976645480448
620130402737360896
620128477694394368
620045711028064256
620001644948754432
619965224263626753
619699468540100608
619699454925385729
619684368462712832
619678437679108097
619676310726537216
619669676402982912
619574481757978624
619300524228132864
619212137420951554
619159122609487872
618857451878752260
618829030851121152
618552624132919296
618119441906176000
617830341445705728
617785035609911296
617757563694682112
617346272190595072
617092254281265152
617016069195108352
616731842524266496
616704610921680896
616683490009026560
616653391054245888
616377125730291712
616004815164805125
615727574249926656
615606738587226112
615292257600565249
614855744970620928
614156852406849537
613885839035121664
613783292282712064
613390483482501122
613131040907902976
612712302660300800
612636142941265920
612305340088975360
612051685834227712
612008212317892608
611661031706759168
611589519821803520
611579145911300099
611215385832992769
610945889037893632
610856476031234049
610572747769561089
609421118949076994
609118193991319552
608775301573705730
608331826281725952
608044285569712130
606942944596099072
606304408322703360
606294526852931584
606281743457349633
606255545582878720
604402067260588032
604086704455081984
603372579752050689
601892050645229569
601499818494599169
601178410241626114
599365521377665024
596816092158263296
596706622363176961
596346117467443202
596345563680874497
