784480562773827584
784475283520749568
784447201338544128
784073463749185536
781886347074113536
781523954099822592
781202236026212352
781161584596951041
780784153302212608
780436730901999617
780074411835609088
779802591689576448
779712037240700928
779349671017717760
778987289619816451
778726858770698242
778624876722520068
778288524877455360
778262544389513216
777967442492481540
777900237960597504
777183827374419968
776918676507242496
776820529869094912
776495957626138630
776093241280045056
775725835747680257
775385545006383104
775001055000092672
774638820578828288
774276556323631104
773918140501594112
773660030763544576
773189068809121792
772826673846759424
772464334576365568
772102020316573697
771740055064842244
771376694665945088
771017056892227584
770291058034868224
768840306280140801
768205361438306304
765958764713304064
765277422484762624
763865196309848064
763133339704233984
761684630948814848
760973679178100738
760595645212176384
759146797235249152
758816084942131206
758421632918487040
757697218014961665
756527327941582848
756519870490152961
747823862130212864
746734866503344129
746372344533262336
746018455430717440
745647552331030528
745406124568940544
745285271642476548
744968236018466818
744560495856783360
744273562341564417
744198151368638464
743911288137408512
743880787993333760
743835457369169922
743601708396220416
743586747670495232
743561177901334528
743472939689877505
743465933172252672
743224399193640960
743194165886980096
743163956605378565
743133701874163712
743110787980394496
742793717296156672
742748297878605824
742462657425379328
742386167430053888
742089036769071104
742054874267963395
742054745595088897
742054121180680192
741736924835139588
741736244594540545
741700734618505216
741697984966971392
741697961004924928
741669854252531713
741668548234379264
741463335325962245
741463301486305280
741388620410429440
741377639785467904
741367346183311360
741367292743667713
741367240923086848
741344166685356033
741317251354271744
741314158919094273
741272791610183681
741272749235142656
741263732873920513
741086746054561792
741031767860187136
740966424051519488
740961933109534720
740961916302938114
740961895872503809
740959919268974592
740959050234355712
740958830897463297
740937979678466050
740936550972690432
740921590708240390
740921541051842562
740771503504035840
740680811427581952
740649976779407360
740625717122064384
740612015815696385
740611165353435137
740604908391534592
740582848495816704
740333084285902848
740302335088332800
740288406903652352
740282756169629698
740222496301977600
740217847897411584
740021938777522178
740021890056519681
740011239926009856
740011201346871296
740009175221161984
740008052376506368
740007825527738370
740007616542183428
740006335501246464
740005433700585473
740002636187852800
740001611473408005
740000155492028416
739998303404728320
739997900642471936
739997515290976257
739995724478316546
739993534393143296
739945696678187008
739940687748046848
739929049733038083
739923580658405377
739894723012268032
739886776739856384
739886653955842048
739864506726125568
739863293754376192
739577880741445632
739230618924388353
739206989411061761
739206937825316864
739140441535217665
738890763250077696
738860586004557824
738837971835736065
738837560051433474
738834026094428160
738830458985840640
738800259019767808
738780148804288512
738770093677674496
738528438932377600
738516611741581312
738511970979172352
738475110898618369
738429904492990464
738421828054568961
738421288247693312
738409888095817728
738401259762290688
738131446741622784
738120507875164160
738056638884519941
738056619389378560
738053797503631360
737793220944355328
737793100517543936
737741328843345920
737689559912189952
737357519593426944
737333209180962816
737327998924402689
736635995630669824
736603015914758144
736354166818250753
736296436220854272
736284946323492866
736253346193932291
736252246074101760
736240839106531329
735961849460457472
735869929149202432
735600292117413888
735600046197116928
735563400386740224
735522508581965824
735509073999716352
735225800354500608
735188116760231936
735140054838845441
735136958163255296
734908045575086081
734870729095684097
734860060795543552
734805491121983489
734805420389195776
734805385366802432
734805344669442048
734805318228549633
734805293117280256
734805260754001922
734805234648633344
734805173277597696
734805104235315201
734805045502316545
734805021364129792
734805006394654720
734804991383207937
734804976745095168
734804962568376320
734804945648517120
734804915134947328
734804880255115264
734804863096229888
734804848399372288
734804833002086400
734804818527543296
734804803277049857
734804786130751492
734804743973789696
734791538044076032
734764967723978753
734430082656145409
734095608609275904
733759677146619904
733703981965303809
733053201973411840
732964771818053635
732716846105788418
732662173114109952
732646452489392129
732617419877797888
732607181434937344
732364967299538944
732360263823855616
732253775205785600
731982572423536640
731982480996110336
731969178656104448
731969082040320000
731924534706593793
731924474660937728
731203835125895168
731200084029759488
731199967222599680
731199924277149697
730920111616479232
730916948796538881
730534362014470144
730497347227140101
730497040862547968
730427266983858177
730109376061579265
730069314158518272
729870405163319296
729824848311025664
729747779208220672
729732989786021889
729013255058825216
728745733797650434
728727367879778304
728720685518835712
728720643710017536
728647852327469056
728630192038518785
728619634375548929
728353372110082048
728259094298001409
728238587376902146
727920772623130625
727743195392643073
727290030457122817
727256107559710720
727169007392985088
726440602288582656
726111137360711680
726078599057408000
725444723146670080
725444641294811136
725116407260844033
724663877405937664
724663758619070464
724420116817956864
723989780153819136
723987871732895744
723973358119841792
723973352524673024
723970249926709249
723969153095196673
723969133851774976
723961664316395521
723952165622960130
723939504969543681
723921091815600129
723919659024556032
723908163527823361
723907800372404224
723692569578754048
723665864340463617
723662703718363136
723179040144650245
722454949401997314
721011253263532032
720695067631968256
720694377929007104
720038778107105280
719950174202671104
719933454754783233
719250996854001664
719250880705355776
718203684836904960
718203131595661313
718111985678725120
718111801397764096
718111660343304193
718111025418018817
718109193262116864
716027616520572929
714528493426450432
713791235450798080
713412245804306432
713173759948001281
713049556213104640
712717531765604353
712717430724820993
711271755629748224
711223705733435393
710934846042845184
710686957223809025
710254198638534656
709485475711442944
709482382118637569
708373319355990017
708098296317775872
707239672620036096
707239576360734720
705467879832068096
705467844255997953
693466030404997121
693465939648630784
693133374437785601
691395354298683393
691308011650809858
691306379169046529
691304358802108417
684439700451495940
678650849090920448
678274020035330048
677898094642524160
663806854791757824
662750539478790144
662750300889964544
662750135709925376
662750096249892864
662749983662149632
662749742804287488
662749669190078464
662722154975248389
662721065018261505
662712920791355392
662300718112464900
661573910094155776
661214466487390208
661211853129846784
646740194935357441
646740184436985857
643497263373926401
629348175682359296
629348124679606275
620749730549645312
620749693371351040
620036759431200768
620024554077839361
620024519307059201
620024474058895360
620021782452436992
620021616760635392
619996315280240640
619976340389769216
619903038262620160
619703332471308288
619702793150992385
619560443443462144
619560329014411264
619557496101834752
619192829324206081
619190850296377344
601110037138780160
601109612402577408
