686603529968996352
667027805389983744
666681297033519104
666673058669686784
666377034680037377
666312907093770245
665285299476365312
665231772515364865
664854117534187520
664506639727247360
664132225344999425
663767535330832384
662783161835745280
662684275003691008
662682803666972672
662329787927523328
661598852609216512
661237659528900608
661237440011571200
660151580776267776
659809584333254656
659809498345832448
659777866813431809
659423573992325120
659102155995901952
659051317894057984
658676683399032832
658676609419907072
658098622874017792
657605759706918912
657233561301323776
656876197578539008
656529647157428224
656144178225680384
655076071767867392
654730140274917376
654722080735281152
654352967173144576
653612079312560132
652523422619045889
651789101260148736
651108823151722496
640986529926508544
640717026483306496
640676144153391104
640633532075802624
640556356911501313
640556053059403776
640555878681219072
640421768365117440
640362963015041024
640341778944516097
640299538519977984
640283316948627456
640223133098573824
640207881455796224
640200421500260352
640052220747124736
640051783868350464
639951010132131840
639933719847960576
639901558956797952
639876668169949184
639860591822139393
639830866454155269
639587835469664257
639587760928485377
639573956723277824
639543057159876608
639512911342211072
639501318852210690
639481808036360192
639240335508402176
639231087873388544
639181426928160768
639142237759078402
639130354872266752
638864038558957568
638835891792809984
638828335972286464
638822497702440960
638813815098900480
638797853444411392
638788836902965249
638777356958744576
638767799851085824
638750740341649408
638558458661351425
638516845532712960
638490570873245696
638486847740493824
638445341365399552
638442378714415104
638405167520567296
638399639964807168
638398295967031296
638210479836389376
638210327453106176
638208990078464002
638181456842461185
638178666363658240
638163905286533124
638163265474859010
638159045677854720
638154281065967618
638128149553803265
638124923152547840
638098826239172608
638097202418728960
638096589861421056
638086712590143488
638063712042020864
638060063660216320
638059913848029184
638059857015214080
638059148047839232
638043834572627969
638028373969600512
638025508916097024
638023789993857024
638022591458836481
637843084185722880
637825074687401989
637824893560578048
637824759900692481
637824637838196736
637822096559575041
637805554799378432
637804914899554304
637798746072420352
637797144951398400
637752113297260545
637751850477813760
637748129027125248
637746305616314368
637740637652054016
637728818401120256
637727251677605888
637726848760217600
637709516738568192
637709410157076480
637705930767859712
637703959671533568
637699267411312640
637686240909758464
637684526601367553
637675983915511808
637673580931645441
637667542685884417
637667385978302466
637647677262434304
637647256686952448
637647194992971776
637647114810462209
637646512076419072
637646285068107777
637494938830147584
637494489053970432
637486241408159744
637485939728625664
637485658605391872
637467237079609344
637461128147169280
637454988130713600
637453107979399169
637444564781928448
637437830365450240
637433738142453760
637431835698397184
637420355036954624
637418630360109056
637413844969631744
637411412634013696
637410987843280896
637410907228758016
637386882104475648
637377471898193920
637375189685157888
637371227074527232
637359355625541632
637358925252161536
637352795641769984
637340455890370560
637339685392486400
637339602437607424
637327897502441472
637326196217282560
637324328938278912
637321206400598016
637313527183708160
637310104841248768
637305143436967936
637290508717428736
637285244865933312
637284373046300673
637283322536706052
637281298415878145
637278813454397440
637218097770856448
637131460453863424
637128644582764546
637128285344952320
637127661970571264
637127420131196928
637110852093513728
637107729983672320
637106552768335872
637091707041873920
637091621658566656
637090521081470976
637076523875340288
637067995500548096
637047699070521345
637047659082059776
636988676535271424
636978693374476288
636975406252298240
636973455355674625
636973188015104000
636973154133413888
636964911621365760
636960635100663809
636952340445052928
636941405076635648
636940378789179392
636931268202987520
636825496362225664
636752327295152128
636752015167635456
636743388088274944
636714527296368640
636710113512919041
636702664772878336
636677333122809856
636674784466636801
636673182523502592
636647612460863488
636640913905709056
636619057593118720
636618891414794241
636615412352860160
636613812091654145
636591633136422912
636582965569413121
636577221952434176
636493318529019905
636363644645736448
636345542499397633
636340577596936192
636286036193112064
636279305014669312
636276912826937344
636262972721987584
636254479172562944
636246125368897537
636232079018196993
636231922113495040
636224184348098560
636222906356228100
636136152072908800
636036970561597440
636036622862053376
636007570973437952
635952324502880256
635951601912442881
635926957348130816
635912013529530369
635893076951629824
635890126321614848
635871051134537728
635870897480400896
635700587091226624
635647040031059968
635646815811952641
635632515600920576
635627333970345984
635582970804310016
635582390451113984
635567006251532288
635566924298977280
635566773505421312
635566475118444544
635542079691616256
635506977951494144
635502775338598400
635501169423482880
635497814361968641
635497029611851776
635280800674480128
635195065338466304
635191900673196032
635143942418268160
635111326923165697
635005745239494656
635003515488698368
635001806469206016
634998719033638912
634998583419277312
634994475002040320
634987019517620224
634975075192565760
634971590350929920
634969754285965312
634966971637862400
634964518322376704
634961579168010241
634960949024194560
634937776807415809
634912330501898240
634910949913133056
634900760380108800
634890078645387264
634889083290959872
634886625017769985
634882895853678592
634867722740891649
634865617800007680
634864180584050689
634859132521050112
634858974630666240
634856600990191616
634856105143734272
634839963155038208
634836158824886273
634822223728017408
634813182872186880
634803330347216896
634797754506608640
634782644316827649
634777352074043396
634636715810885632
634616997544771584
634606626117316608
634598854168412160
634596396214022144
634592089079050240
634585178589949952
634577865049174016
634569952716963840
634566076194381824
634563449809342468
634562941405163520
634561420357537792
634560750472708096
634559706804019200
634557977534459904
634557132671574016
634555974003494912
634553310536597505
634553188654301184
634552006946914304
634551927804571648
634550309717610496
634549805537071104
634549282343792640
634548873134903296
634547864580980736
634547731189510145
634546612744810496
634541296137412608
634538033170268160
634536369268891648
634525815196225536
634525041208750080
634521049816809473
634517842784821248
634505051743088640
634495559311716352
634489593006530560
634481933104246784
634481054712098816
634480944930394113
634443924820496384
634435809081339905
634435714294288384
634435675316555776
634433505850601472
634424137071460352
634414187934908416
634244755249954816
634239615495356416
634239059301265408
634237704570466304
634234575707766786
634230920237576192
634227658222505984
634223375880028160
634219086591889409
634217942251474944
634216993676091392
634216520793485312
634215497890852864
634214248042749952
634207575924338688
634205756342964225
634200444068233216
634174099942563841
634155923309592576
634155520069210112
634146643827277824
634131563702149120
634131474892124160
634130090213961728
634115521420484609
634109878949183488
634109253305831424
634094164582486017
634085246565285889
634075479331467264
634070179773870080
634065440789037056
634064989456867328
634064286315229185
634063798601691136
634046971141951488
634032376201539585
633888632407851008
633878581748170752
633875727390130176
633865699627175936
633863815096963072
633860234990108672
633855498714923009
633853413516668928
633841368197001216
633837784743055360
633834301985980416
633824377931304960
633824261463937024
633823893891866624
633822869508624384
633818820205936640
633817854513582080
633817524631531520
633809167447273472
633801381132894208
633794479015620608
633792600684654592
633790711377190912
633771631417004032
633769115912531968
633762938151526400
633761315744432129
633759170332766208
633745573594554369
633733161675943937
633730960622686209
633730834101501960
633725103126249473
633722172163387392
633697293946982400
633695777085358081
633695672835833856
633695175248883712
633695084202950656
633695032898396162
633689867432538113
633689103293280256
633688847801389057
633688311198978048
633687500813299712
633675703158861825
633509442324070400
633481406987939840
633479937215741953
633473874160582656
633443116729528321
633439780718538752
633437993190080512
633369817156710400
633349719469625344
633334707539709952
633324591281078272
633321214673485825
633307803675852801
633307755143524352
633123333035261952
633082073591345152
632989705559109633
632966214126407682
632961768520740864
632798170423013376
632793338400260100
632785198401228800
632783682042859520
632780040208412672
632775445604270080
632772303626104832
632771375409684480
632764145935323136
632759528136818688
632751606430367744
632749618183340032
632748882737295360
632740033536098304
632733157125566464
632731338160758784
632729992250568708
632729726302294017
632725745773637632
632724189326143489
632722387885166592
632717204660727812
632712248025313280
632708949272195072
632704034260975616
632703587500474368
632694161909506048
632691011001544704
632688427805216768
632670590671781888
632598637000835072
632589883756797952
632587067361366016
632581351808483328
632433087503142912
632423130120646656
632421499563978753
632409298799169536
632407536591749120
632406245064835072
632400328269299713
632387742945509376
632379345214963712
632378605805244416
632375753716314112
632375131038322688
632372012963381248
632364934597230592
632363092605665280
632362746810515456
632362533668581378
632358262239703040
632357393288957952
632357216071217153
632355766641426432
632352051020730368
632344001119567872
632342148986179584
632339967906217984
632330196788469760
632277624929193985
632248616489349120
632244654264573952
632239870358917120
631970609279270912
631958471982739456
631897931650482176
631879756921765888
631874073329405952
631873431558946816
631608899536183296
631583157997801472
631579061165297664
631567871399739392
631551995602534400
631539745999290368
631522977251655680
631504906285780993
631499230180282369
631409680162639872
631299651551952897
631293090557366272
631238575779000320
631185600536838146
631181571807182848
631176309159424000
631173246868701184
631171801985458176
631171777956327424
631170773026258944
631169161092300800
631168103242682368
631166422866128896
631157074668441600
631154456009289728
631152885280210944
631149721130790912
631133905580650496
631123711232507904
631087764218318852
631060045686546433
630953708642136064
630953657425489920
630952347758243840
630943718648889344
630870679320031236
630824199523708928
630822344852791296
630498934452961281
630408518923780096
630136476815101956
630114443184111616
630062457319362560
630053189329354752
629765198841184256
629729097812316160
629681719776423936
629413113394167809
629393974394929153
629393754701500416
629365643251421184
629213603044978688
629091026171359237
629067623007780865
629051586304540672
629027001324572672
628958891183702016
628710742456295424
628668905242759168
628366928487145472
628366671082708992
628310756337975296
628004943740317697
628004833321037825
627946211635400704
627883964145930240
627522970420801537
627313151428526080
627275403585949696
627239107245158400
627226005237686272
626920928006402048
626864209121398788
626799752647196672
626555800605978624
626492406016245760
626451920425631744
626180766871896064
626173197491175425
626113284433842176
625819053177745409
625802890305613824
625742638184923136
625730707885703168
625410326519873536
625350892447858688
625094625032736768
625060259149656064
625047388672032768
624746207714283520
624710308917972993
624677033746919424
624668147061121024
624663197199405056
624659603494580225
624658361812824064
624641062779228160
624620945274044416
624620842589106176
624617968018657281
624617077786087427
624614676249231362
624610318690357248
624419560205103104
624397296508121091
624279444904148993
623900603404554240
623893577962164224
623628546204811269
623538108886159361
623278041855176704
623206006009376768
622813227139739648
622195208168411137
622118149278691328
622096371089297408
622085710653198339
621796494274736129
621794691915223040
621771686581420032
621488243893125120
621453993131163649
621385857413427200
621122100632227840
621113655610859520
621107993262698496
621070547258994688
620739923318996993
620676832589803520
619914150806884353
619627309243351040
619578596651241472
619242257628053504
618826924123623424
618577552974557184
618546002430005248
618102146332921857
618009381444128768
617377639502708736
617014987765080064
616989997682544640
616989526049837056
616682779678478336
616298588352614400
616020051267710976
615933488567484417
615931571107794945
615917064268615680
615912784560177152
615641117661331457
615604590243786752
615518062670913540
615517761742184448
615517049570373632
615516927998476288
615516783966031872
615516381761675264
615516091973017600
615515964965285888
615515838846758912
615310031337099264
614916024664588288
614595127672197121
613825635782230016
613023678431784960
611958910136750082
611585850644676608
611568136232435712
611564241967931392
610952253273456640
610479498149036032
610324305679769600
609873090303012868
609854909173739520
609853193606946816
609411680963969025
609140700341350400
609044360580071424
608740768409227264
608076660957519872
607592891519598592
606962042344337408
606868945451151360
606576349516464131
605840465724719105
605441349106597888
605420437695102976
604331544296054784
603969324680749056
603446838243401728
603363596135837696
603244383412948992
602157126497120258
601794744654528512
600871567233429506
600853513329979392
600835685679910913
600815931883827200
600785042403524608
600730622089297921
600662463667830784
600381437800370176
600381253250985985
600364022429417472
600334548845465600
599990826840666113
599721904144953344
599614846296961024
599303869185691648
599264476399972352
598990632086933504
593966600195215361
593966579672436737
593966572542111745
591299918565892096
587668405626384384
587668358499176448
587492899996110849
587492847613411328
587492806223986688
586660296887926786
584222866603782145
573583212259119104
547804870997049346
527129592469798912
521722092715126786
521704703512440833
520258207126519808
518089793670877184
517700008045330432
517699936222052352
515514542835507200
513519602190401536
513441371433086976
513013808818712576
512648119645786112
511984343149838336
511578464617394176
510258319970164738
510179327498285056
509864864261496832
509858947000315904
509456964665888769
508705016761180160
507951389968830464
507283488572059649
506946734962913280
