682607222455664640
671825679055527936
661676914617266177
616637678617018369
615912868345720832
614825557260402688
614100833165254656
613376306869366784
609390106496118785
608383718353457152
608302794429329408
607940419427672064
600332415261921280
597083666007859201
596358961818955777
595619057602273281
595271745206165504
594547118657937408
594206543043698688
592010302222372864
591652757553205248
591264198975447040
590635554334756864
590606907989172226
590233306316288000
589473502203420673
589192936866340865
589175174068568064
589172385674350593
589111380357283840
588827268878831616
588819054615523328
588755744167698432
588414484722618368
588394764938174464
588386729855320064
588113496652521472
588112212755148800
588031133318778884
588024176663011328
587715182891241472
587693591952281601
587661745361178624
587649593078317057
587320453942894592
586936789614596096
586643057057103872
586590162278199297
586559352884092928
586244608688058368
586244542581628928
586227273906388994
586197181889060866
585840913932546049
585834710753943553
585487459976359937
585146003684110336
585140029049176064
585139233368735744
585124897187360768
584762524052103168
584430366154477568
584385068711469057
584384668763463680
584126464745963520
584125939476463617
584052839581949952
584038072779673600
584022293426372608
583709615625338881
583675727222026240
583371521151860736
583316312744693760
582970121674719232
582969748419436545
582950814731366400
582573828112420864
582553486870614016
582382373226061824
582225709034283008
581954302643707904
581954167452880896
581953067026915328
581863350486859777
581562969970094080
581533287786516481
581525715524448258
581500981617274880
581485843321344000
581233139407785984
581227165699698689
581205808014344192
581193477138026497
581172826088017921
581172638321627136
581141637398679552
581138633526247425
581126954142838784
581106261221105664
580873699944898560
580847915679281155
580811467966005248
580794040188272640
580782348616237056
580776534551748608
580743117592248320
580413805030694912
580398868468088832
580131400130650113
580112475913211904
580068314795393024
580064931208437761
580020338345394177
579751571933761536
579673973719478273
578975928971354112
578975540268408832
578963415290499074
578697471716622337
578641971029368832
578590186910691328
578582683460194304
578236475688505344
578210514779660288
577929634668535809
577869586332143616
577544866655301633
577502119126790145
577501761851682816
576427741630853120
576040328035176448
576038549641900032
575702911361114112
575692218729631744
575344075886452736
575068472079708160
575068444355338240
575000720589594626
573913168977731584
573543557748887552
573533690019647488
573256021218598913
573210108144050176
573192940018917376
573182639752003586
573182427033690112
572823294069637121
572463960525549569
571416307679297536
571374512459132928
571015038716280832
571014399332380673
570327089158578176
568116734751854592
567775720731320321
566661953947721728
566295938869002240
565940942709223426
565651263036334080
540521535241330688
