938786647898025984
938453129628147712
938108661406294016
930825583877115905
928366830053453827
925044822712385543
920711179852550145
918882640421376000
918809987618656256
918809332300599297
918764175412944896
842059868064342016
812002297521770496
810889945523122176
809817376229380097
808710598477381632
804739418946879488
803244568703475713
802157406885060608
801100455459848194
800307720582610944
799296065820180480
798918561099956225
798571312499331072
797846494673924096
797061345262891008
796367004944908288
795596682041917440
794222672108367872
793505408774090753
793127918301876224
792735321611907072
792138885161635840
791678376884916225
790961186883837952
790583700341743616
789097076411994113
783682566465396736
783668308369342464
783667004351938560
783666240573280256
745571046808399872
745194229161332736
741616009455378433
741314028211863552
741283834512035842
741253628560740353
740981871987695620
740921434529095684
740891236198797317
740559063742701569
740528862728065025
740226885360058371
740196676028104704
740166482890391552
739879623949877248
739849481093423105
739804074061664259
739441672505806848
739079301434200066
738747130605502465
738730474558922752
738716935429312512
738422738918903809
738406787758620672
738369617832202240
738050092394020864
737996527206080512
737690255805972480
737661838163386368
737637419370057728
737327774994571264
737237170461626369
737213262471827456
737213190648549376
736935241495937024
736905015810367488
736572772474724352
736557712876572674
736270915625852928
736210396554526720
736137364645502976
735848024472064003
735485635784364034
735062831347826689
734847777000296448
734847656636350465
734846885547085824
734846860888801283
734760948586532865
734700542966923264
734398442051506176
734252128148033536
734066257167712256
734036042517381120
734005878064439301
733721417573879809
733720348944961540
733719914125664257
733673662897754112
733664196974501890
733631896610058242
733546697553367041
733546558323462144
733546446071332864
733341470384521216
733326619973050368
733311293390626816
733250894087655424
733221424014499840
732948904199651328
732918937457827840
732888710828544000
732830695593152512
732823250644938753
732823182298746884
732823154431807488
732601036418875393
732548715374870528
732390855064092672
732254313557319681
732224142024413185
731891946721939457
731861805396426752
731499380725796865
731407102640586752
731167617877213184
731137292992151552
731137086087004160
731122648307077120
731107005725708288
731056632940118017
730804752649330690
730792039823118336
730442392306745344
730412176393932801
730382215280873472
730075774234038272
730049814386204672
729778228802420736
729736675929153536
729735242920165376
729733363980980226
729730685720776704
729729311893229569
729728868882497536
729728806601293824
729728670680657921
729726437599621121
729723654066548736
729723100460261376
729721484462055425
729718976528404480
729716873475072000
729712560296079361
729712330569822208
729709905209331712
729702593052606464
729697389821476866
729696986060984320
729672464318398466
729596826651779072
729591657457397760
729344359200608257
729338658562711552
729336219272777728
729328923885109248
729328265186422784
729325013518573568
729311335218094080
729309461169475585
729294872155324417
729266153961476096
729265331093557248
729226747003179008
728972796982906880
728902271409348608
728610140342124549
728570519599992832
728283673213190144
728208132669775872
727895333364219904
727845752291000326
727536859224662017
727535954009968640
727535907889397760
727150716981125122
727141496076554240
727125684846485504
727072974956797952
727029913371340800
726788356437241856
726712830586589185
726456251022876673
726426051623014404
726425907888422912
726049900752941056
725701349266989062
725681898538819584
725681826640089088
725681807627268096
725681770121797632
725670994753540096
725338754957733888
725230663981514752
725229777892851712
724945794277740544
724922182489485313
724842157132107776
724646686040174593
724646631069618176
724646575759339520
724646512710529024
724638770738421760
724638391279726592
724638176233545728
724635413151907842
724633761862848512
724619983188287488
724619936983867392
724618417232314372
724618230124449792
724618067410583553
724614860730937344
724600123053998081
724583879647068161
724251598617112577
724227886484492288
724222664840196096
723529358170816513
723165629927190528
723164443211763713
722802070546329601
722439857180516352
721367715592712193
721337379886206976
720859970502144000
720612687307145217
720235270226997248
719887919960293377
719200024979066881
718876605830049792
718852498379771906
718791206466121728
718479626851524608
718440549699739648
718113716022194176
718106392209522688
718106295828672512
717388949212147717
717351080456286208
717293393693552640
716973726558986242
716310230410272768
716226190747443200
715592033251893250
715460963445710849
714868744770744320
714802679726411776
712979051225473024
711533389321531393
710539060037730305
710525315576160256
710504543755374592
710471618326360064
710465800210141184
710450750745354240
708344253315846144
707990726655795201
707619225607667712
707261696151298048
706887234876612609
706186788105138176
705433822981033985
704720407287365632
702900914940542976
701806204390023168
699209057769422848
699201509699883008
697811355047333889
697414452900016129
696752554739441664
689810281061576704
689017512969814016
687299690963054592
685143884221919237
684056717332643840
683959074204037120
681882394299777024
680432860956758016
680297573383598081
679345695984189440
677891329968496640
677890956272803840
676464189003599872
675573718974930944
675573683746938880
675573656790155264
675573638616236032
675573623374131200
675573609763598336
675436253219803137
675436226346926080
675428848431972353
675424694271647744
675423050251259905
675421399859765248
675419882935087104
675417019521585152
675414144951152641
675374016392228864
675321701824000001
675314244137689089
674973729034739712
667716044174327808
663765670270758913
641264856784498688
628859275088105472
627116111700623360
626367868448456704
626367498435330050
622677274651836416
622379079958929408
622111031372873728
621345999093542913
621248024367493120
620951123717922816
620632965949755392
620502959089004544
620300861957390336
620300781732896768
620291569619304449
620163220334972929
620108243080065024
620098986452647937
620098962226290689
620098906639204353
620098863718879233
620098843925966848
620098783125352448
620098755078000641
620098727311724544
620098706608668673
620098681941962752
620098647234097153
619968154303922176
619944288823021568
619941091836604417
619907846059261952
619736730237861888
619541471042109440
619415789628579841
618854593888284672
618732294191325185
618109680024334336
618075659101933568
610364799881486336
607895380278177792
598627847582969857
596713641258459138
596026717560442881
595902559996502016
593330151871635456
592989448779878400
590200485262548992
586227178506813440
586184835728855040
582276921905557504
581492635237556225
581199251276832769
581108504980647936
580460348555161600
580405379823247360
580402942840348672
580096954916417536
580036551129841664
579734329045078016
579356874622902272
578949395783135233
578269679300444160
577544931159322624
575315639243567104
570659597473591297
567982459675140096
565515072651669506
560077396146401280
542308980887126016
538062695195754496
535510124782440448
535149750392487937
534424219489423361
534358683166068737
534074919731351552
533320949148688384
532919303847575552
532195285762850816
531868976339374080
531748090794237952
531471520221364224
531115168194117632
530796063712886784
530457585217208320
530079344463732737
529670398947123200
529369166642688000
529261552822915072
529005265220562944
528642122719977472
528277220545298432
528129504498032640
527913573721587712
527564521792356352
527174200629673984
526810809339760641
526765858320683009
526083261400092672
525720870971777024
525671125355741185
525356976591863808
524996163800276992
524569061280468992
524552848957526016
524552807383584770
524552749829357568
524552682921795584
524552606845530113
524551511674990592
524551141338939393
524550806344073216
524306843221250049
524305632745119745
524304853250502660
524304844933197824
524304131511431168
524303991480410112
524303959163297793
524303833745199105
524302789761978368
524301661208973313
524301594582462464
524300406386475009
524300089641418752
524300041377161216
524299858631749632
524299534696849408
524299429361496065
524298724340928512
524298284177694721
524298026685186048
524297797541974018
524297262592045056
524297058077794306
524296812429967360
524296302536818688
524295535981637632
524295320163729410
524294782097440769
524294660571660288
524294486113796096
524294215056887808
524293764043382784
524292170115579904
524291880284995584
524291464637857793
524290973132533760
524290163740909568
524289759510687746
524289060290830336
524288211204702208
524287711394279424
524287332048838656
524286716459245568
524286365416955904
524286227449524225
524285983764672512
524285955918684160
524285710669332483
524285513998409729
524285231151325184
524284957590446081
524284901520965634
524284468408762369
524284465221087232
524284383180505089
524284321813626880
524284181975531520
524283952316424193
524283637689110529
524283089485197313
524282667567570944
524282079597457408
524281953642508289
524281671567167488
524281154455617536
524280961286955008
524280704733941760
524280314768531456
524280192156438528
524279572053753857
524279344080777217
524279128258662401
524279054539583488
524278904534466560
524278703740571648
524278389058719744
524278233181585408
524278105905455104
524277878695804929
524277734042640385
524277630070046720
524277161297858560
524276717108490242
524276650708451328
524276513189801984
524276413340213249
524276389508153344
524276275116908544
524276173342142465
524276144606945281
524275712287469568
524275665520971777
524275307000250368
524275041035223040
524274876975030272
524274623353851904
524274129352941568
524273903074414592
524273885244424192
524272069903519745
524260872013631489
524240515101761536
524236909712015360
524229436494065664
524228605832732672
524220788967481344
524220124065431552
524220022735249409
524219878061146113
524202314652205057
524175736299474944
524166701974581248
524142417352486912
524137001499770880
524123566069911552
524117674063056896
523937428361715712
523920572049154048
523775614596030465
522305043916394496
522304971887624192
522109623084392449
521750208708116481
521299276438065152
521294791087489025
520585186027655170
520301159547174913
519808443536785409
519464078159671297
519215650523197441
518115805054005248
517305421418491904
516564538477797376
514126743632769024
513054203640442883
512314050823196672
511594563916423169
510506169194934272
509775614648127488
507962666694873089
507931795778969601
506144197045268480
504920047924826112
503980117484654592
502514709233696769
501441890378858496
500006685013200896
498919269351309312
491294024482189313
490583592519872512
490205352273928193
489480072685191168
488769891642925056
488044612347772929
487689523405807616
487206087956115456
486933291774513152
486480052914507776
486117416276336640
485875317287161856
485512681991196672
485028992656084992
484787152489025536
484303711544832001
483940823709810688
483578182101377025
483345649057153024
482977725679144961
482967660880494592
482596716550836224
482242130107432960
481879489388216320
481516848840994817
481033297951485952
480802643053658112
480364515394355200
480059750118592512
479697114465710080
479348817050218499
479243621653577728
478971075691565056
478566912721711104
478249570879954944
477886681933438976
477518255641595904
477155360865026050
476775610736705536
476442920816754688
475655980601335808
475338641297121280
474898239884632064
474624436239630336
474476458141028353
474201146341724160
473887329414025216
473538277619015680
473171612439961600
472817778249170944
472671113093197826
472444016366460928
472402040816406528
472389290673307648
472084195712716801
472055792422899713
471984287789895680
471711494548508673
471360174100594688
471350109117382656
471309596829958144
471270261632020480
471257754574024704
471232719092211712
470999802382397442
470991976624824320
470885296473931776
470836797497679872
470591359683162112
470506046596075520
470295911009378305
470268982990479360
470238448524488705
470217647800741888
470207507999494144
470181657874812928
470162273802416128
470127505085841408
469932517525843969
469893058247798784
469889068428693504
469883694833233920
469876624981508097
469870358494203904
469867801273196545
469860900074434560
469855267837181952
469829610277199872
469816231303073792
469760981871394816
469751516220620800
469715109259280384
469583828022206464
469575917279662080
469569240111255552
469547349195628544
469523074111782912
469473951912300544
469447571530727424
469442066876211200
469437855245565952
469427096289554432
469427070024835072
469403271002460160
469388511318409216
469385548889882624
469373338721460224
469371570260303872
469341875523309568
469180219530964993
469160684769796096
469160441391112192
469134256162488320
469087184688259072
469067564992434176
469041540854448128
469010693728247809
468843340000399360
468813402274811905
468766599051493376
468748378768429056
468736898224381952
468707944935460865
468695649379422208
468466608965705728
468449747750363136
468411206244769792
468410948391550976
468393170783698944
468310737883254784
468307883424505856
468285920882724864
468107744814563331
468098661835354112
468008085580439552
467948400781307904
467948204060053504
467947767789551616
467912940235272192
467794175552143360
467775051337854976
467762780796231680
467762780792029184
467762742753914880
467755170584338432
467733780942557184
467725894640218112
467718680751910912
467686414814294016
467680932364038144
467605449244966912
467553004888281088
467409143863967744
467394041215451136
467392321202683905
467378943226839041
467367113565683712
467360137540153344
467360137535971328
467360132548923392
467360123770269696
467360122172215296
467360122172211200
467318551435837440
467304545560055808
467288344201035776
467275087008497664
467275024232378369
467248461994557440
467217994649968640
467215443309391872
467215413311729664
467215378125705216
467215359897251840
467215342897737728
467215317509615617
467201799355899904
467201775477719040
467201762911592448
467201745794662400
467201729000640512
467198507569651713
467179866266542080
467179846347796480
467179794082582528
467179772406427648
467179733181284352
467179712197197824
466949742631870464
466943739664297986
466922869826781184
466920672246390785
466895759129210880
466875372857212929
466813852790046720
466813832233754625
466813797362327552
466667465913954304
466611125195640832
466603821482115073
466603331545473027
466574481507770369
466565650346151936
466565630133817345
466565613859917825
466554249355476993
466551617387761666
466551546864762880
466551437103624193
466551307122536450
466551066843426816
466543080695693313
466537919814307841
466537899769348096
466537870199902208
466525534369767424
466523553643642880
466505115365416961
466504264425410561
466489039529316352
466283482290069505
466283463554113536
466274428540977152
466269130770120704
466264951825657856
466241284408356865
466241233359482880
466241218104815616
466241212723527680
466235132610084864
466221010375966720
466213345444769792
466173051701567488
466103028740018176
466093051002515457
465962050578284544
465962023202066432
465961984572555265
465961970941034496
465950564430254080
465934274865430528
465934262408331265
465932110818467840
465925615120842752
465923064510054400
465922610673750016
465919580117147648
465917335766044673
465917143872466944
465916380400066562
465915802680827904
465915457720307712
465915025748942848
465912883529121793
465912835529519106
465911115692900352
465910780802899968
465908229579743233
465908098377732096
465906622867722240
465905623826432001
465903979923521536
465903256016011265
465897955568807937
465897730087600128
465897099415257088
465895501578371072
465894932616859648
465893990022545408
465893783687946240
465892152342740993
465891518143021056
465889714713952257
465889618773422081
465889512103882752
465889226832486400
465887267727638529
465882396815294464
465880570086838273
465875086634127361
465874680206086144
465833597342322688
465812498135134208
465806699367264256
465806360828182528
465797699632377856
465796006463152128
465789661215219712
465789127620038656
465768971363704833
465714958572224512
465714938007552000
465714917602246656
465555657576689665
465555342911631360
465537308893388800
465502380923322368
465496159277314049
465496049470418944
465478579384352768
465440992930586624
465387913111670784
465387663873564672
465287294535340033
465287233852145664
465287185819004928
465266405282426880
465248500268417025
465237753131978755
465230243394236416
465221319827918848
465210060734750722
465206694633803776
465199163219910656
465196686877671425
465192520256086017
465191086236106753
465189269871788032
465185258540118016
465182671011069952
465180107506999297
465178483845767168
465178455970418688
465178423678500865
465178381999673344
465166328807325696
465166272171606017
465154933378269186
465148689796038656
465148671743787008
465136669948387328
465068724312367104
465029541661261824
464888549381505024
464795664732663808
464790134328922112
464749869346062336
464446331030110208
464446270103638016
464419691524784129
464375596798468096
464323566918725632
464114695566557184
464103613787545600
464008921133645824
463985345940291585
463962307392192512
463937269846376448
463756072550166528
463717393735622656
463651632560234496
463619963434319872
463608572941967360
462677403379453952
462540769061244928
462355912154304512
462347103914577921
462305516325457924
462127089190440961
461914972596219904
461839945418948609
461771270439583744
461770965815681025
461528517965283328
461527106246430720
461505242367279104
461438117418119169
461207526483435520
461154760503345152
461053512995315713
460689635350695936
459753948761845760
459664001866428418
459642795750199296
459630868945207296
459630774611116032
459253424081862656
459051576565706752
459040592795009024
458953171352961024
458862071095246848
458665274808733696
458575941342859264
458530890864685056
456367853705650176
456300197077729280
456078494007824384
456078255108657152
456049000832311296
456048738805751808
456041373612138496
455963736080388096
455721775708770304
455646281080516608
455432351783604224
454528803646492672
454210645387657216
454195263570452480
453538305167347712
453508042785832960
453186310220832768
453175350705786880
453114451919904768
452857506856189952
452509714472259584
452137102655123456
452125268736749569
452123827590676480
452105057060663296
452035810955894784
451760893983199232
451757050088128513
451754239472439296
451654326692638720
451429094606270464
451328190704021504
451064188279226368
451062860828123136
451053144102170624
450971182683009025
450951472168312832
450939053836619776
450928622518665216
450919276799459328
450742203451981824
450739797133643778
450739305666084865
450739082461970433
450732135771811840
450723036967104512
450680067119525888
450675500537872384
450656655131570177
450628521879429120
450621210658107392
450593355991646208
450586675006410752
450584412418473984
450582167148826624
450580731291779072
450579927264661504
450572647735525376
450567055222517760
450563299957301248
450563281829519360
450542723045789696
450346714248253440
450341427940446208
450267633427169280
450196449675182080
449848429402140672
449531343584886784
449246965508091904
449132463194128384
449117534382727168
448869681974476801
448504289800228864
448417118531637248
448090848723759105
448082267538477057
447821320886448128
447462710129995776
446959495290179585
446623429094277121
446260853080215552
445954247302336512
445584375426449408
444490628333043712
444408314688856065
444183098193100800
443852427763404800
443808348677636096
443716542413688833
443412915723706369
442721467151941632
442374184422096896
441986371834888192
441653935812931584
441513508438831104
441211525735645184
440849139698790401
440572372966703104
440184756698107905
439825886884671488
439418016493993986
439091862041686017
438982164223258624
438670749998407680
438273865660125184
437965711235747840
437914291958988800
437324153050640385
436916075402637312
436894351432908800
436889262693560321
436883619941199873
436869024157138944
436120639603474432
435760607338713088
435398217581481984
435066026938892289
434770324161560576
434643244086222848
434424302696669185
434357702807261186
433901651439943680
433578270496264192
428952269712003072
428833430475112449
428450772968546304
428430407336722432
428152799629946880
428133082906886144
428102359189688320
428100364693282816
428100130198147072
428100094945419264
428098731784028160
428084916782637056
428060492074991616
428031188649787392
428030157253640192
428015437561872384
427999842242007040
427995359563243520
427994208633241601
427992510200156160
427984730831585280
427954230054236160
427939432956985344
427924115614597120
427908929650442240
427879406468866048
427867799848247296
427857104553381888
427850469890097152
427833687464771584
427831774623068160
427831612945203200
427818959774416897
427817203602563073
427814601422819328
427803644604743680
427793560688427008
427791726225281024
427790337956777985
427789278723461120
427785629360214017
427784597670494208
427783796247638017
427783131350175745
427782850210189313
427782690797277184
427775343190364160
427760900305858560
427759950761574400
427759041528754176
427744217990184960
427741160434462720
427733084528996352
427534900636688384
427425681413513216
427373987824689152
426972145873612801
426650419046383616
426280927946612736
425659721119715328
423809285731385344
422686858363936768
420862062760173568
420512782790819841
415067621789532160
411943666186723328
411505527206969344
411067801882071040
406469166904782848
405325558965628928
404917632778141696
403182477889769473
403086300729073664
402474012158468096
402419600228225024
402149131516641281
401033545483055104
400597048879484928
397422578005839873
395479433772945408
395241107002753024
395174062554898432
394928376844419072
394888859038662656
394888614649155584
394887149754908672
394886949678247936
394886249850220544
394885414596526080
394883579705978880
394882346823860224
394876931268567040
394874575046995969
394861420447551488
394842228512026624
394810292817133568
394770937347731456
393710818660847617
393022122177478656
386041749107646464
385406964899266560
385089756083679232
385089664312307712
378457046905274368
375912529278431232
373416003914727424
369069483203104768
368049281367670785
368049078447259648
368033745825439744
366258892348465153
365804660205944833
365764076397264896
365455445298659328
365376107924566017
365192215628627968
365192085248692224
365080377045446656
364717731007823873
364445443305926656
364353382179291137
363590821213270017
362534862340624384
362532198575927296
362218272105570305
362125215905484800
361901181125144578
361774575685599232
361448437444657153
361169105547567106
361048326872915968
360776525508919296
360766435846402048
360751850158436352
360722581667581952
360693685140209664
360673163237007360
360673138310254592
360448855021592577
360441918242566146
360441819160518657
360419288202485761
360409972808491008
360401684301758464
360397005446582273
360396281912373248
360374713714868226
360367564540502016
360290731132338176
360104593885130752
360060919079903232
360006452972244992
359999117801435137
359999051921489920
359936979372224512
359755036143796225
359694388730920960
359663636576342017
359289230381441024
359046361942982656
359036295131041792
359024986326978560
359011712324108288
359011549358600192
358964595144130560
358659565795016706
358579552508866560
358230483009667073
358207854169161729
358202059557851136
358179508475928576
358138458218319872
357885991660421120
357885486288744450
357885458107211777
357885090342252544
357885073648910337
357885049439391750
357884677337526272
357884633213440000
357884197723054081
357884161941450752
357884139204124672
357884078818734081
357882342058098688
357882320830734337
357881610634412032
357881201849139200
357880815146901504
357880795194601472
357880772197236736
357878322627227648
357877001576652800
357869960183283712
357852498251362307
357851869168672768
357851545519394816
357849856036978688
357769007035723776
357559122322915328
357556179553112064
357554496072732672
357554308104990720
357554292313448448
357554012091981824
357552868292702208
357551612417409024
357551243826167808
357542367970070529
357469734071058432
357462261625286656
357436342701006848
357436290620334080
357398139843911680
357398074156916736
357394236573880321
357220592384098304
357213127361826816
357202610152939523
357201698445459456
357200339675516928
357199675746557952
357199185323364354
357198848269090816
357195208347242496
357194927291117568
357194905040334851
357193614419447808
357192898418188288
357192539360591874
357192508507299842
357191892598935552
357191514138492929
357191081999339521
357190722169995264
357189065130512384
357188762134011904
357187870211059712
357187674857168896
357186243433467904
357185076536160258
357184770393899008
357182860874108929
357179250173964288
357175311638609924
357175291602423809
357167738227130369
357160269639725059
357157747860586500
357156238087307265
357152719934459905
357151829110431744
357138224008810497
357137865223835650
357137631466889216
357128626828877824
357111233570304000
357108418135343104
357108166552592385
357107914793689089
357107667006787585
357107416996909056
357092740045086721
357092563037077504
357092318802743297
357077761002721280
357077463324561408
357077223754317824
357076493240766464
357067942350946304
357064413460705280
357063621722910720
357062615169634304
357062363855335425
357062122498310144
357055391386963969
357052659632582656
357047012060979200
357046760088158208
357046508224380928
357046256675201024
357046004639477760
357043173748510721
357042774543048707
357041622418075648
357031844228771840
356836052515844096
356799040500936705
356793016683462657
356790511849312256
356778846940442625
356776151802331136
356775899829501953
356775648045436928
356775415383203843
356761051775246338
356760548270026752
356760303809200129
356746370364870659
356746067657764865
356745805220163584
356745018846875649
356731213681147904
356730877667061761
356730783764987904
356730521453211649
356730256314482689
356717566980407297
356715668214792192
356715144111337473
356455041823035392
356398925499998209
356118331436179457
355711440486809601
355703095415689216
355672975871184896
355672171311415296
355672059101192192
355671981338804225
355671796651008000
355671717030526976
355671578517831682
355671476315234304
355603224432095233
355250117294567424
355230814679732226
354975788602372096
354932532032188418
354929715582210048
354532879629447168
354249251368341504
354208250993987585
353541354850222080
353211683604398080
353155624432959490
352826636175015936
352740104265142272
352740030785142784
352739950707490816
352739872987037698
352739799267942402
352739641062981633
352449096697004032
352396303973629952
352064126543089665
352032897651310592
352017556288188416
349094023258062848
346907412076298240
345161908162281472
345088027523162112
344868157325979648
344796744091058176
342931577396928513
336841378204119040
336827297027985408
336827010217304064
331837757053865985
331766885261647873
330319559980613634
330304125298413569
330010628288815104
330009196751892480
330008554100637696
330007070164271104
330006342116974593
330006317345423361
330004830695342080
330004044917653504
330003051459002368
330002345964486656
330001245140041728
330000436373372928
330000038250024961
329998978009673730
329998814981287936
329998232002379776
329998220237352961
329996413176004608
329996391004897282
329996376194826242
329996284771581953
329996260411056128
329996246108487680
329996228316250112
329996210398175236
329988784257110016
329982194552537090
329975747798245377
329952654803480576
329923718677676033
329667022654947328
329561073441185792
329526236269387776
329295321861599232
329173990830661633
329166452559056897
329156495075840000
329156472162369536
325197068836675584
324933944296480769
324094383685259264
321923753909047296
317144305078763521
316935527632863233
316897763830951936
316868803650793474
316868495914700800
316865932716822529
316643882005839873
316467047972364288
316459509067427840
316223260897464321
316172623874768897
316099230253060098
315822303139221504
315742284413030401
315447838261772288
315157483020750849
315157252057202688
315157234688614402
315157202774142977
315157078836662272
315156995458084865
315156852793028609
315156620109832192
315156501327118336
315156395785867264
