745016940846944256
745016234341588993
743068209218215936
742401776285011969
742393490412175364
741360757963530240
740166760335331328
735504688385282048
735164309064417281
734781086841114624
734446297286053888
733281654987456512
732966688925310977
732587129260380160
725084459129790468
714248176488722433
714104794655272960
713855596215205888
713789429299675140
713492500279746560
713425406083223552
713188553988055040
713058484120457216
712813746062659584
712704957720363008
712456154048110592
712324410955341824
712300923851137024
712086976329977856
711977037133549568
711728043593564160
711670120817369088
711599367912689664
711341552124055552
711281446174855169
711234024564391936
711034015231258624
710996163109855233
710946220814938112
710873751026409472
710820621404348416
710644149406466048
710602375023579136
710548468561879040
710505660622831616
710278483226669057
710227923534352385
710182301611773952
710132517844623361
709889179497275392
709825895767236608
709778755401613312
709542554732089344
709499892406755332
709409354504478720
709160455386882048
709102625950543872
709036896819621888
708821686280278016
708786411449638913
708740745667092480
708680668994080769
708436357673160704
708400003744567296
708393773970030592
708359386343694336
708330560628793344
708298991461470208
708121126501638145
708065017581547520
708027283911512064
707994498194755584
707944234079223808
707749174666629120
707665623736684544
707645064441245696
707612728697819136
707574202077831169
707393594689085441
707361922711064576
707335932655964160
707314469882322945
707299877512851456
707266487203995648
707211843421339652
707030605712654336
706941765501059072
706849411159097344
706699100280922112
706663126557536256
706547437427564544
706487030759337984
706305843478695937
706245449380827137
706185067022852096
706124658500771842
705943458419060736
705883044876414976
705762267577462786
705581054187311104
705481283183386624
705426610665590785
705224095521112065
704808724762734592
704773681348792320
704771726891196417
704771670674898944
704771602915917825
704771549350510593
704771492396064770
704771420686000128
704771299969789952
704771216876412929
704771160488148992
704771054292447232
704770957530042368
704770886654627840
704770813904494592
704770744119590912
704770638372855808
704770545670332416
704770469623439360
704770402988462080
704770302983729154
704770240568291328
704770163443372033
704770033570938881
704769902444417024
704769820781363201
704769770223181824
704769704372600836
704769659753652225
704769602304274433
704769549242134531
704769448184586240
704769384221429760
704769330026848256
704769276922695681
704769171456921600
704769114754174978
704769056235245569
704768960194019333
704768899447922688
704768846637481988
704768740651569152
704768647689084928
704768578306834433
704768511487418368
704768463483576320
704768419460222976
704768325939765249
704768280519643136
704768233409273856
704768132888596480
704768081596452864
704768034368561153
704767967054192640
704767923647356929
704767866491551744
704767769779302400
704767410709123073
704767344338464770
704767271542136832
704767204554833923
704767148284100608
704767075923927041
704766995724673026
704766925818167296
704766856310210561
704765393970266112
704765317009051649
704765229218074625
704765104429129729
704764997826695168
704764779529949185
704764634436411393
704764555738660864
704764429284614144
704764366898532352
704764292080472065
704764185796804608
704764058961100800
704763936248340480
704763867126173697
704763765544329217
704763680550998016
704763455274946560
704763353630162945
704763099241455621
704701818295574528
704486024303374336
704366988559196162
704087749951823873
703767197739450368
703628136060055552
703318380711800837
702939437034901504
702689741611728896
702625027305263104
702602497261613056
702527488774176768
702527310151315456
702518329253040128
702321494831927297
702178381937291268
701956653814427648
701777864371273728
701466375693299712
701134336637054976
700868253296381952
700505724040802304
700321294500392960
699989647577870336
699775334808334336
699678292975046656
699412969466114048
698968830584819713
698636823187185664
698333406719967232
697876804682412032
697818455878213632
697492065685352449
697049863150698497
696881358325440512
695793265006608384
695362803759058944
695068818314383360
694709444295335936
694349341180370946
693835678983942144
693614736148078592
693234946161266688
692897475712065540
692535107291222016
692172709573165056
691810318532521984
691653998269452288
691298214922727424
691085032304173061
690722636356136960
689263436031590400
688797992443187200
688548825678528512
688096927557144576
687696626731712512
684449272771809280
684067891059245057
683772892329455616
683361197849186304
682983714125656068
682616255916867584
682248427120365569
681908679998857217
681570730585288704
681209831852670976
680832985470402561
680538556163489792
680478205506015232
680402749884776448
680175084561022976
680115819301322752
680047212747870208
679849714796244992
679750315416010752
679687923701166081
679489143861194752
679321000870150144
679115572739637248
678958846816088065
678768445324853248
678590773491687425
678379338291548160
678239452636905472
678039349892546561
677850869912612864
677677196916297728
677533015849832448
677291640923402240
677218932072296448
677168673690267648
676937326413504512
676879390236635136
676610802497904640
676423949945856000
676212560278982657
676078144223182848
675910119020822528
675732989699997696
675496632981389312
675365150417797120
675125406186389504
674973230197698560
674778088501174273
674671862375301120
674420339233841152
674307530777100288
674296323735064576
674056106566483968
673894622205050884
673679818337075200
673610044357808128
673305944428642304
673200274605924352
672889398657060865
672809062040399872
672807841166528513
672596270452629504
672538448029343744
671781804567756800
671471449039704065
671025909181251584
670708808558120962
670331318941577216
669968982280040448
669885877347201025
669580347399495680
669278100715212801
668850610700050432
668850518547017728
668475432287662082
668233794890035200
667779384510562304
667397530490040321
666986746568011776
666747762902331392
666000338357325824
665665576010821634
665174832003203072
664848685885317121
664483906750517248
664216038720991232
663793151950262272
661634526314000384
661222652925751296
660848847518732288
660637600395333632
660173755310706688
659738489777340416
659415800814567426
645029341181546497
