806566035021299715
781277372758777856
781195707621400576
781187974260154370
781187750435270661
781187553760161792
746519166560002050
744560463816466432
743875656518230016
743473253767909377
742402391274717184
741298937261215745
740589027556917248
739849385865940992
738762211133247488
738399815613059074
738037419174334464
737782969813733376
737312693246251008
736596864141688832
736327978133553152
735863120711688193
735504816168804352
735274205340536832
735247912267980800
735240286687928322
735203803809611776
735172363701133312
735160549768450049
735149723401736195
735138332254998528
735128315384758272
735105650867511296
735052771058155520
734810194668986371
734413552107167744
734051158717693953
733688803383083008
733326414162841601
732964000716062720
732661499659878400
732614908345384961
732251049612869634
731938288617955328
731556478172061696
731166211715694593
730427291470155776
730064904355352576
729702525310373888
729415596568240128
729346200659353601
728977739974250498
728631701610450944
728342565062213632
728280481154797569
727898940431958016
727618016968499200
727541315727036416
726229212265238528
723549391814959109
704038745805197312
703307364363948033
703279034034049024
703278008749072384
703277540064886784
702918507554418689
701232146350903296
701231530123743232
701231510846730240
701230640327323649
701230356377174016
701230336693252096
700874707822718976
700840739484233730
700762473171824641
700761426479042561
700760759953813508
700371276741767168
700369249932435456
700368967982972929
700368899078881281
700368774642290688
699699560063479808
699696069878255616
699695816215113728
699695688867680256
699695234507153408
699370883232636929
699326070361686017
699279026741862400
699091858119532545
699008749147521024
698963433937448960
698943334572695552
698942916929019904
698942898910330880
698916617854431232
698661192823275521
698613375379513344
698609022568570880
698608511157030912
698607523994021888
698575260476571648
698568346204147713
698284804886802432
698267340065013760
698267313389178880
698264412860346372
698235321004244992
698228102971944964
698228081341952000
698228052082475009
698220801259130881
698200393646342144
697988718833979392
697949756698423296
697930455576764416
697924131895906304
697886332299816960
697886037603807232
697885457233776640
697884148720017408
697865979175407617
697859518596710400
697854505837154305
697846860459814912
697846704570150912
697846591164542976
697844945923633153
697663425346826243
697663408737382401
697617525949861888
697608817383583744
697608504715030528
697608459101929472
697608440475054081
697595831944228864
697581495737647104
697576203662729217
697575054561775616
697574668543225856
697545704156168192
697544163923890176
697542541038608384
697535525154979840
697535502669361152
697533502661619712
697491075548581889
697487367511285760
697479774545948673
697466331201818624
697281718324080640
697267931890094080
697267089887748097
697247927631110145
697247722508668929
697247698672431105
697242124509523968
697237201109676032
697229346155552768
697227102240649216
697224398181273600
697221438881673217
697221156680499200
697220636251287552
697220542076579840
697217989385392128
697216805887062016
697216353422307328
697203412908134401
697190076564942848
697175982256435200
697170961611624448
697157779241316352
697157539230646272
697152683610738689
697121826162417664
697121809188040704
697121720004538368
697103383572774912
696973837187969024
696967414223745024
696956716886261760
696943699654287360
696943682910552064
696936306094563329
696925797651714049
696925710846447617
696916627892219904
696901687043190784
696897268666884097
696878954754342912
696877047939878912
696851993403326465
696760626773782528
696756563743100928
696467567821479936
696394640929325056
696378418976264195
696378258045046784
696378141132992512
696378119649792000
696138725319835648
696130713540689920
696129792563752960
696112934649331712
696107120928755712
696054402742820864
696054353828818944
696054303761432576
696054240427380736
696054171489808384
696049779550228480
696042014136086528
696040549124431873
696040466421149698
696016750916214788
695818054349905920
695817686979219456
695762265832722432
695761086356725761
695760359852896256
695758630121922560
695731134575964160
695711970662621185
695691977300402176
695691303187648512
695691168521154560
695690984915513344
695676088505085952
695662390000508928
695443636670984193
695422093186314241
695383515966246912
695383398076928001
695377159825653760
695376664704843778
695376575433297920
695355325684150272
695337020948770816
695325519068278785
695321238395203584
695321109734912000
695321053866790912
695320409240002560
695319191662886912
695318617240416256
695070861422780417
695053482781384708
695044080321990657
695043391063662592
695043288072482817
694982842216894464
694982669763891201
694979525147365376
694975945644462081
694975815214235648
694975332126846977
694975316154945536
694958009928196096
694952049939603456
694946871299551233
694945708294602752
694943827379908608
694890196676927490
694775403915808769
694769678774726656
694734453587836929
694722486194171904
694621343208243200
694616260047294464
694581497576075264
694570495899860992
694570440568668160
694400327483719685
694367810038796288
694331136030306304
694329838656557057
694316409216565248
694292770937122816
694292721796718592
694255042618986497
694235456569868288
694224506974437376
694224395078754304
693953550838202372
693953148315004928
693917114210455552
693907672874119168
693907554317914112
693907467940417537
693901616236273664
693888242593075200
693871181036818433
693871022026526720
693842936438468609
693615679933538305
693571908718080001
693526365287493634
693481814304763904
693309773601599488
693301491692474369
693281368793452544
693216285333676032
693215509433552896
693213758609428480
693178080320364544
693156482574000128
692916276461604864
692847174112022528
692414574864261126
692394114684325889
692226033022533633
692197001879031808
692180350399836161
692080102356594688
692065695220105216
692065659111346176
692065605046788100
692056509455273985
691705885702230016
691705823286800385
691421918046453761
691413970503098369
691413105859915777
691412803727405057
691412358514610176
690764395253641216
690597670394552320
690348049655209984
690231890742108161
690231815827681280
689913557031346176
689913398285328384
689913299018756096
689652223626780672
689570448443506688
689519017644535808
689518944827248640
689469342136709121
689284674313568256
689284131289567232
688053135869251585
688053041065426944
688052706418634753
687828345677938688
687824939122966528
687794545547808769
687760790992990208
687759365525209088
687730650367954944
687714499541901312
687699705237651456
687475018414948352
687107777563459584
686788615368609792
686725896804290560
686715270086266880
686400608073482241
686400372206784514
686400036062629888
686399864104587264
686399809125629952
686382001612439553
686381898151559169
686381780388073472
686381697617678336
686381589027139586
686375979560734720
686286404330991617
685927040571187200
685926160308383744
685567332563853312
685564210277818370
685563803329638400
685563130575847424
684937044934561792
684937026047639552
684936967415439360
684936892882657281
684936822460297216
684935955384369152
680505945101709312
679533940974092288
679003757993025537
676585434890178560
675409213716328448
675409024385347584
675185510374051841
675184906629181440
675016370942140416
674639776486584320
674402464863391744
674390604269248512
674371768878936064
673937320077201408
673638890356367360
673637332700954625
673636337635868673
673636276260569089
672883246498054144
671750824213610496
669952109647781888
669919320038707200
669327326665019392
668979577172049920
668955379586347008
668888229127417856
668863855603408896
667168862287212545
667167895844204545
667156805181566976
667156403652464640
667071481285771264
667013757827092481
667013729263837184
666975307417706496
666974925857677313
666974357948903424
666974328265809920
666974295302742016
666974272473141248
666974174427095040
666974056638504960
666973927365808132
666963919185969152
