(5048693.0, -1166665.5198975233)
(5108820.0, 35539846.753612444)
(5164404.0, 63888656.39735657)
(5200000.0, -13419619.401432028)
(6416302.0, 44955936.12666736)
(6482195.0, 113451500.32073398)
(6614280.0, 119863691.71902102)
(6735922.0, 64209547.571199335)
(6804016.0, 22349658.21048945)
(7282851.0, 18219464.604326863)
(7434726.0, 86841135.1438361)
(7563728.0, 43427421.23734316)
(7993039.0, 20050406.106489275)
(8373585.0, 67214085.59139748)
(8434146.0, 35675846.40156548)
(8613462.0, 72042839.65015972)
(8679814.0, 45456386.15430651)
(9879971.0, 20337275.066448517)
(10013424.0, 42031550.48446322)
(10017322.0, 475278272.26644444)
(10037390.0, 198116644.9960109)
(10166502.0, 114283610.40872732)
(10229331.0, 25710853.53079811)
(10372291.0, 79531058.85124137)
(10382407.0, 14466402.928112434)
(10409377.0, 33913764.283397324)
(10443316.0, -29044629.3909867)
(10827816.0, 17261698.256353524)
(10959475.0, 13325986.655845579)
(11263966.0, 47683690.363405265)
(11560806.0, 30858195.01221109)
(11806119.0, 38970025.45646955)
(11850214.0, 34722650.67304521)
(12000000.0, 22686019.83736648)
(12232628.0, 63950534.12465699)
(12398628.0, 15406184.245908484)
(12633747.0, 19578043.599129587)
(13000000.0, 73679346.1703976)
(13000000.0, 35615528.36531089)
(13008928.0, 53379121.400024906)
(13060843.0, 23935145.150018714)
(13110448.0, 34869038.05515972)
(13835130.0, 14065545.15447295)
(14000000.0, 12488806.058252737)
(14010832.0, 80933908.131754)
(14400000.0, 12144036.518678442)
(14661007.0, 35216387.70228582)
(15007991.0, 33863051.71392179)
(15156200.0, 35384064.2809448)
(15250000.0, 42356083.561247244)
(15369573.0, -31828276.847180795)
(15427192.0, 59608766.32893141)
(15843608.0, 79611323.70226595)
(16491080.0, 18261040.463924807)
(16519460.0, 31006287.84163532)
(16671505.0, 114224050.40121374)
(16829545.0, 66873893.37553346)
(16942795.0, 79933434.98439461)
(16991902.0, 96525927.54719402)
(17096053.0, 38507327.150777414)
(17380126.0, 30018819.510596465)
(18618284.0, 43983711.06570465)
(18626419.0, 116854537.40614614)
(18637690.0, 18068474.736908827)
(18653615.0, 109259716.1206919)
(18902015.0, 46347216.22782955)
(19294901.0, 128952386.33712517)
(19480739.0, 323101230.232192)
(19693891.0, 60808000.23007292)
(19800000.0, 44688337.039617844)
(19905359.0, 89986569.83560757)
(20256975.0, 57480662.86781116)
(20659423.0, 27326736.781810068)
(20796847.0, 47236235.31272565)
(20908467.0, 19939149.690929193)
(21378361.0, 34545587.487615965)
(21400000.0, 93198954.76349093)
(22034832.0, 47282763.72720555)
(22433915.0, 29385763.782389343)
(22593409.0, 29908180.244381774)
(22921898.0, 27599499.051571272)
(23000000.0, 23408509.410247624)
(23237911.0, 5221882.607477475)
(23563727.0, 21383930.07378198)
(23619609.0, 68206802.81630759)
(24362772.0, 123662208.33393379)
(24769466.0, 60064527.04419561)
(25405445.0, 14292134.401168915)
(25504513.0, 16639709.648807297)
(25928721.0, 137907682.52693963)
(27107960.0, 433921340.6149096)
(27200316.0, 65993395.64326786)
(27388767.0, 20048603.485570807)
(27674124.0, 52608976.27106843)
(28008462.0, 54634084.19694727)
(28283637.0, 85672523.21559626)
(28451622.0, 27016163.712092362)
(28650575.0, 46372337.12246883)
(28780255.0, 79058213.73406507)
(29000000.0, 79698276.67294464)
(29882645.0, 131072060.76810752)
(30000000.0, 6335633.434582413)
(30050028.0, 9062410.79296882)
(30102717.0, 28567095.33050453)
(30114487.0, 98049051.65658948)
(30400000.0, 69805039.70545658)
(30641770.0, 27150886.879786763)
(30652890.0, 25224253.251700077)
(30857814.0, 38144163.99280591)
(31155435.0, 35534546.558847524)
(31596911.0, 205250123.93076375)
(31670620.0, 85657492.32078952)
(31672907.0, 79661437.723367)
(32980880.0, 18710478.88168889)
(33000337.0, 78296739.2313142)
(33139618.0, 161416283.54869872)
(33463969.0, 46944635.09101309)
(33561137.0, 31017503.10786231)
(33828318.0, 40058245.148075625)
(33956608.0, 3202114.338373208)
(34411240.0, 51467782.74886699)
(34416893.0, 139089424.05842832)
(34808403.0, 85006971.69354032)
(35431113.0, 97826557.6997171)
(35564473.0, 56715876.381725706)
(36037909.0, 25189475.199413165)
(36450736.0, 19263884.51738974)
(36642838.0, 33480046.54601225)
(36850101.0, 51657235.9899627)
(37036004.0, 81433941.61138785)
(37664855.0, 80766738.28301373)
(37672350.0, 3602488.044086328)
(38000000.0, 85017437.06090702)
(38058335.0, 166921187.5419553)
(38172500.0, 52041413.271095306)
(39438674.0, 70172566.12926781)
(39514713.0, 65616823.72452021)
(39673162.0, 10591531.727396615)
(40203020.0, 127977471.03875776)
(40263020.0, 37145999.99432904)
(40283321.0, 24266558.16952323)
(41227069.0, 21810041.927279312)
(41382841.0, 19744815.56887195)
(41590886.0, 17853887.098688703)
(41604473.0, 38172007.61773819)
(42093706.0, 89793649.3998148)
(42277365.0, 128161698.65789437)
(42365581.0, 92763441.04223242)
(42886719.0, 56104793.791903324)
(43101594.0, 207086916.70006737)
(43848069.0, 68897574.50082026)
(43928932.0, 49478674.03174275)
(44350926.0, 61976932.61067285)
(45554533.0, 732148447.4112724)
(46118097.0, 11532090.981298706)
(46546197.0, 22226273.79236564)
(46905889.0, 31828999.950893193)
(47126295.0, 121415511.94499667)
(48063435.0, 24275027.597839102)
(48169156.0, 259049563.7709361)
(48572000.0, 43253547.7791386)
(49084830.0, 23213605.98959035)
(49627779.0, 68417868.57481429)
(50315140.0, 38432132.98957059)
(50451307.0, 109298936.65843275)
(50907422.0, 162201691.29325718)
(51053787.0, 44070964.594983675)
(51801187.0, 137708160.77305382)
(51881013.0, 51451149.73382424)
(51973029.0, 103810596.40866941)
(52277485.0, 65430394.60508163)
(52970014.0, 44948787.39915581)
(53000000.0, 45315525.46852926)
(53208180.0, 215321525.12102726)
(54249294.0, 124993580.22244702)
(55157539.0, 142868809.24252322)
(55495563.0, 110092677.57552569)
(55707411.0, 89756003.34081565)
(56422687.0, 78789596.19238941)
(56489558.0, 70648027.18698142)
(56702901.0, 52663991.53425486)
(56714147.0, 98973806.90140055)
(57120318.0, 72854625.21021166)
(58401898.0, 71562300.91871406)
(58795814.0, 99260612.90299536)
(58853106.0, 29660919.49226949)
(59827328.0, 49585328.423937604)
(60209334.0, 74253531.51964054)
(60289912.0, 115197042.60245913)
(60378584.0, 37216803.00632102)
(60527873.0, 54544203.3035909)
(64088552.0, 232030213.0436883)
(65535067.0, 85696715.99699737)
(65754228.0, 86299144.23633188)
(66976317.0, 45906577.30299474)
(67192859.0, 23071915.48050313)
(67683989.0, 62498028.2934819)
(68106245.0, 33288775.836956747)
(68349884.0, 113858605.37172598)
(68514844.0, 98464205.41745138)
(68706993.0, 56362506.44683748)
(68766121.0, 39753113.77790993)
(68915888.0, 85718883.9471723)
(69631118.0, 111609575.22764364)
(69701637.0, 37003883.69624016)
(70687344.0, 148850895.2418737)
(70992898.0, 105887581.62899955)
(71485043.0, 131145738.97184291)
(72500000.0, 24455056.920409963)
(72700000.0, 62327533.64964677)
(73326666.0, 79079153.55570453)
(73956241.0, 64654291.67485838)
(74541707.0, 124815600.57732263)
(75395048.0, 53214097.48943919)
(75597042.0, 42392649.79098572)
(75715436.0, 158171287.7037854)
(75781642.0, 55057219.81860894)
(75902208.0, 12953505.932509996)
(76432727.0, 178119442.98798183)
(77737889.0, 72691254.85163799)
(78000586.0, 199573790.8617642)
(79958599.0, 86831902.4935802)
(80916492.0, 154869349.46833315)
(82150642.0, 28749005.39336854)
(82466670.0, 66661075.46455106)
(83453539.0, 49421139.1510015)
(84772742.0, 32404068.33018674)
(85000000.0, 94666582.27687252)
(85632458.0, 133904493.2162026)
(86369815.0, 77861773.19350292)
(88323487.0, 134125118.14939795)
(90000098.0, 36722884.118002325)
(90383208.0, 106855649.3479469)
(90574188.0, 77069434.89773071)
(90683916.0, 29928736.030157104)
(91036760.0, 133363100.60156333)
(91038276.0, 63701649.52149255)
(91188905.0, 44702720.8430861)
(91974818.0, 132640457.82398102)
(92374674.0, 45526469.22838619)
(92913171.0, 127035250.88407785)
(92921203.0, 67452544.03572991)
(93375151.0, 228891963.27669176)
(94000000.0, 60136591.99976066)
(95226116.0, 167816202.42102674)
(96105964.0, 201602391.14156583)
(98235548.0, 28943012.028374173)
(99318987.0, 94224902.78109819)
(100230832.0, 425102510.7955152)
(100491683.0, 23419564.889760602)
(100860818.0, 143073142.45814845)
(101371017.0, 196538867.92688134)
(102356381.0, 81840268.95290299)
(102825796.0, 246513882.61132905)
(102854431.0, 80987734.66131498)
(103166989.0, -2852399.230864159)
(103738726.0, 144674711.36274725)
(103891409.0, 158464655.75386828)
(105834556.0, 35867612.60183448)
(108103450.0, 333509166.6950913)
(113086475.0, 17702446.390310884)
(113714830.0, 71823441.83738717)
(113916474.0, 61553806.42027464)
(114660784.0, 246975089.56597635)
(115267375.0, 176780962.2511578)
(115505027.0, 90485080.94237664)
(116112375.0, 30387818.33801475)
(116643346.0, 404067322.51059544)
(116672912.0, 114774795.00408505)
(116700000.0, 4078274.904686562)
(116766556.0, 57551532.869860254)
(117758500.0, 27442023.108985536)
(118880016.0, 272665199.17412865)
(119208989.0, 124797336.79254946)
(119723856.0, 73760483.60434243)
(122200000.0, 61984042.24448258)
(122489822.0, 24158207.267433543)
(122919055.0, 102818461.44891632)
(123922370.0, 153149952.14494064)
(124914842.0, 216018533.67884183)
(125212904.0, 82115103.10249254)
(126216940.0, 42392870.64889008)
(127392239.0, 137764242.13529405)
(128905366.0, 117875184.48126993)
(131457682.0, 153296153.83769286)
(135000000.0, 406725021.27269655)
(135680000.0, 242153052.1595434)
(136885767.0, 362576971.84729517)
(136982834.0, 448785981.3308112)
(141220678.0, 59704312.98991948)
(141591324.0, 89517598.92161198)
(142400065.0, 86711508.04642649)
(143049560.0, 341523684.47582954)
(146198896.0, 117056660.85574263)
(148336445.0, 147163499.09363398)
(149022650.0, 73008936.4047351)
(150000000.0, 311258161.6673835)
(151493655.0, 186206919.09333223)
(151668774.0, 42115487.58393763)
(152036382.0, 22400827.697051406)
(152944660.0, 174471622.27670807)
(153083102.0, 22887461.724381562)
(154648887.0, 130013269.83988035)
(154749918.0, 99829545.25841565)
(154864401.0, 65265517.54167316)
(154906693.0, 171145567.50553668)
(156167015.0, 106306653.67184737)
(156822020.0, 66634534.13479558)
(157387195.0, 28275027.15991651)
(157920733.0, 75698710.06608054)
(158733820.0, 61122869.647273324)
(160638883.0, 11970055.249050692)
(162000000.0, 216356947.38968104)
(162242962.0, 87581212.92045937)
(164000000.0, 186936696.32126412)
(165615285.0, 155235536.74291733)
(169327687.0, 96437146.41395868)
(171120329.0, 738356721.9996806)
(172363301.0, 219462296.30399433)
(173013509.0, 110780344.4547283)
(173921954.0, 77524419.13099465)
(177200000.0, 96726916.72462618)
(177394432.0, 17443465.19458088)
(178043761.0, 88841555.49534406)
(179213434.0, 139816500.5431857)
(182016617.0, 16894725.527853247)
(183474602.0, 113039255.78608319)
(186883563.0, 291635075.633457)
(187500000.0, 83035351.50214772)
(189015611.0, 203550552.66347876)
(190212113.0, 142187108.53529713)
(190320568.0, 137645360.23978236)
(190458706.0, 462683787.0648537)
(191185897.0, 123120280.00325805)
(191502426.0, 41008826.27305524)
(195268056.0, 273609602.4015862)
(196397415.0, 30975421.894155394)
(199200000.0, 219002227.4597825)
(202292902.0, 241006128.30792937)
(203388341.0, 26600899.004856363)
(205405498.0, 120695908.14766854)
(207283925.0, 73150998.14300218)
(207515725.0, 5468944.125193057)
(209196298.0, 199645482.87735713)
(211989043.0, 49730118.062902465)
(212385533.0, 129517470.13327722)
(212404396.0, 256400947.0472159)
(213525736.0, 202747247.24049345)
(213928762.0, 17046420.293245446)
(215887717.0, 177826526.50671482)
(216614388.0, 136214723.66118282)
(216763646.0, 60225371.532422565)
(219417255.0, 322489112.4824516)
(220673217.0, 85470672.40787373)
(231449203.0, 186295377.97689176)
(234801895.0, 129594891.51274854)
(235483004.0, 87757343.06648278)
(235926552.0, 6870681.886657896)
(238207122.0, 360318065.69516194)
(243240178.0, 131991293.31114964)
(244527583.0, 168086399.29829112)
(245360480.0, 471830917.35158867)
(247275374.0, 161190782.29231426)
(248118121.0, 429967968.1935296)
(250649836.0, 121392112.60732754)
(250821495.0, 303667604.8284361)
(272742922.0, 186759150.25612864)
(273339556.0, 387328297.8359795)
(274703340.0, 301293256.1723183)
(277448382.0, 390726040.6590629)
(294456605.0, 339463929.9230052)
(310940086.0, 276078094.45434564)
(321731527.0, 282307007.82484704)
(328203506.0, 162960743.26740098)
(332000000.0, 219242529.00671017)
(347451894.0, 356887013.27522576)
(351583407.0, 87664783.60513705)
(352114312.0, 356454983.9575371)
(352194034.0, 199408658.1414243)
(356296601.0, 44523500.31509261)
(356830601.0, 308161408.3302915)
(358372926.0, 345676769.2846341)
(363258859.0, 210402806.7410425)
(363889678.0, 179057894.9322068)
(369884651.0, 218251945.9278973)
(373554033.0, 757193838.293772)
(374218673.0, 377371953.37902737)
(381109762.0, 115261431.48698767)
(389925971.0, 323528825.554792)
(424988211.0, 818282035.1397766)
(474968763.0, 112433948.98908652)
(484409218.0, 321001712.75204223)
(497366869.0, 930990529.3087522)
(505000000.0, 388703596.2392442)
(550000000.0, 816623245.4661692)
(562816256.0, 926288128.9478478)
(591739379.0, 537739392.8031297)
(611899420.0, 23469764.10450724)
(631442092.0, 200422481.17577338)
(649398328.0, 1125895023.7066798)
(738599701.0, 327470940.9192214)
(748806957.0, 108508619.45498571)
(788241776.0, 452523508.22139376)
(789804554.0, 1115306179.8894203)
(850000000.0, 1104741693.760974)
(876688482.0, 1117743048.978373)
(926287400.0, 1091117708.6649475)
(940335536.0, 90222630.96487933)
