(5048693.0, 4271333.294222766)
(5108820.0, 41757528.607012816)
(5164404.0, 19585983.29403605)
(5200000.0, 48834279.976270914)
(6416302.0, 47411086.20110749)
(6482195.0, 51683616.708532654)
(6614280.0, 49346973.041062094)
(6735922.0, 28281583.45192728)
(6804016.0, 28226559.890909363)
(7282851.0, 92299599.1850835)
(7434726.0, 78022766.57645412)
(7563728.0, 26215961.817920525)
(7993039.0, 51036934.65080131)
(8373585.0, 45169047.111351)
(8434146.0, 49068547.78415034)
(8613462.0, 116117580.55955961)
(8679814.0, 45643534.01634974)
(9879971.0, 24820562.707466017)
(10013424.0, 59793317.3558726)
(10017322.0, 481385325.88742703)
(10037390.0, 160485204.8238086)
(10166502.0, 102268653.90776774)
(10229331.0, 54240646.33674388)
(10372291.0, 86482437.28940888)
(10382407.0, 66291127.44192234)
(10409377.0, 22088363.971522678)
(10443316.0, 61007377.58290197)
(10827816.0, 50763212.54709183)
(10959475.0, 9689820.156452283)
(11263966.0, 53191776.80024689)
(11560806.0, 23125240.964660287)
(11806119.0, 30295927.166084617)
(11850214.0, 49611882.37177903)
(12000000.0, 31885330.04601995)
(12232628.0, 38871557.03219093)
(12398628.0, 45948931.27569409)
(12633747.0, 13356002.363598272)
(13000000.0, 101593631.360716)
(13000000.0, -15832346.181477726)
(13008928.0, 36208707.447799325)
(13060843.0, 48474712.55491537)
(13110448.0, 13855615.092729136)
(13835130.0, 67531871.15749906)
(14000000.0, 22406014.906895313)
(14010832.0, 75349705.80955538)
(14400000.0, 24580791.473421626)
(14661007.0, 31150730.548213292)
(15007991.0, 67408937.94537693)
(15156200.0, 37540962.99903748)
(15250000.0, 124129456.60669759)
(15369573.0, 95925737.11002603)
(15427192.0, 73947596.52886058)
(15843608.0, 58544308.27986009)
(16491080.0, 245984.61778165237)
(16519460.0, 156735956.88438946)
(16671505.0, 145348313.29468608)
(16829545.0, 67620730.64224257)
(16942795.0, 60663764.1603999)
(16991902.0, 116083705.43612821)
(17096053.0, 4117541.675717003)
(17380126.0, 10160869.42416412)
(18618284.0, 93686367.51407889)
(18626419.0, 110104145.62588245)
(18637690.0, 22736201.36520779)
(18653615.0, 48226698.820229255)
(18902015.0, 57223127.68536024)
(19294901.0, 47213814.500652425)
(19480739.0, 315393532.39875317)
(19693891.0, 77864378.31095554)
(19800000.0, 29569990.18401884)
(19905359.0, 47624148.711073875)
(20256975.0, 46757777.63402375)
(20659423.0, 48503214.80412492)
(20796847.0, 55541459.552897565)
(20908467.0, 22766322.761278313)
(21378361.0, 55889241.55177057)
(21400000.0, 35765809.03400302)
(22034832.0, 65952994.827224895)
(22433915.0, 21285811.285656787)
(22593409.0, 11735522.521343667)
(22921898.0, -156460.7500298018)
(23000000.0, 40021909.326432325)
(23237911.0, 36731317.81802148)
(23563727.0, 46772869.64351448)
(23619609.0, 61001040.908453435)
(24362772.0, 88512567.05413471)
(24769466.0, 48391038.30216874)
(25405445.0, 2060191.5319464416)
(25504513.0, 42637667.060821444)
(25928721.0, 159614194.22135204)
(27107960.0, 288000726.3040953)
(27200316.0, 65497664.20964299)
(27388767.0, 70602555.9909503)
(27674124.0, 58633175.00486642)
(28008462.0, 58076909.405596554)
(28283637.0, 61396066.66023603)
(28451622.0, 41311692.547814384)
(28650575.0, 40825596.61572713)
(28780255.0, 53003879.13129971)
(29000000.0, 59467794.529907234)
(29882645.0, 128109751.23515348)
(30000000.0, 12242787.45762593)
(30050028.0, 67270122.77159548)
(30102717.0, 41147667.036663964)
(30114487.0, 49812483.70551822)
(30400000.0, 59414548.21631517)
(30641770.0, 20187091.92931696)
(30652890.0, -3965042.2987640616)
(30857814.0, 219424322.91812083)
(31155435.0, 51691093.93479154)
(31596911.0, 218653237.79465663)
(31670620.0, 64899718.19118013)
(31672907.0, 58316180.58992352)
(32980880.0, 147998532.41311857)
(33000337.0, 61777713.028956674)
(33139618.0, 173857892.98801047)
(33463969.0, 75034037.36304516)
(33561137.0, 27072129.141118318)
(33828318.0, 66587712.494172946)
(33956608.0, 39364548.88630926)
(34411240.0, 25774703.870018713)
(34416893.0, 89428483.86940734)
(34808403.0, 101404744.27606294)
(35431113.0, 167314176.20547077)
(35564473.0, 71723026.66719699)
(36037909.0, 23484583.648530327)
(36450736.0, 30980014.120484907)
(36642838.0, 68714419.19029737)
(36850101.0, 110734443.88133432)
(37036004.0, 76516458.14066641)
(37664855.0, 68167649.7477178)
(37672350.0, 57272287.95339337)
(38000000.0, 39890988.601592615)
(38058335.0, 160201081.3937649)
(38172500.0, 145486052.41076407)
(39438674.0, 64770384.68184378)
(39514713.0, 116237040.41110577)
(39673162.0, 27725262.348190177)
(40203020.0, 73249990.95563318)
(40263020.0, 83874779.15307774)
(40283321.0, 30797681.81459069)
(41227069.0, 26747050.106033556)
(41382841.0, 19271376.721408986)
(41590886.0, 17396564.999243513)
(41604473.0, 45466799.09824205)
(42093706.0, 126527896.79281135)
(42277365.0, 115651946.98260769)
(42365581.0, 191099949.1800988)
(42886719.0, 69377902.91448225)
(43101594.0, 264728260.44147214)
(43848069.0, 79839753.37243272)
(43928932.0, 54500263.12767612)
(44350926.0, 58964120.45203465)
(45554533.0, 99688515.67860211)
(46118097.0, 14740017.584777256)
(46546197.0, 26183899.380414408)
(46905889.0, 16566654.888420962)
(47126295.0, 132902842.4085254)
(48063435.0, 22509972.425965853)
(48169156.0, 142483910.18626443)
(48572000.0, 52735021.5890605)
(49084830.0, 55701357.47646645)
(49627779.0, 71831570.23537134)
(50315140.0, 38244557.29850304)
(50451307.0, 52997671.51307923)
(50907422.0, 158699379.43024427)
(51053787.0, 59732791.30140576)
(51801187.0, 60503587.35380006)
(51881013.0, -5937978.230628629)
(51973029.0, 112608342.94737184)
(52277485.0, 68453263.63219869)
(52970014.0, 48527479.838260196)
(53000000.0, 64119085.10917047)
(53208180.0, 156562698.00043023)
(54249294.0, 93656039.65797451)
(55157539.0, 103719650.72930369)
(55495563.0, 111306514.04211561)
(55707411.0, 64829353.16851348)
(56422687.0, 51661412.84714083)
(56489558.0, 55267372.64314875)
(56702901.0, 64606082.99988922)
(56714147.0, 107695648.38175449)
(57120318.0, 69136317.74235481)
(58401898.0, 108118028.24302748)
(58795814.0, 116015823.24266545)
(58853106.0, 123424333.68247224)
(59827328.0, 23230403.663670994)
(60209334.0, 56038592.1568676)
(60289912.0, 132428703.49591313)
(60378584.0, 50192580.359147996)
(60527873.0, 65041836.4030782)
(64088552.0, 183555688.81071874)
(65535067.0, 69454992.44856086)
(65754228.0, 60947632.67136319)
(66976317.0, 3665892.256571651)
(67192859.0, 31921964.30632274)
(67683989.0, 57392447.752862625)
(68106245.0, 20535364.59966427)
(68349884.0, 89773605.48243314)
(68514844.0, 66523082.6508179)
(68706993.0, 43015609.74319287)
(68766121.0, 63099529.670102626)
(68915888.0, 74810324.70803022)
(69631118.0, 33526274.54989201)
(69701637.0, 25215438.57735483)
(70687344.0, 189202862.4982283)
(70992898.0, 64329075.87519658)
(71485043.0, 137184146.66775754)
(72500000.0, 16816749.0824669)
(72700000.0, 74374728.28729437)
(73326666.0, 59113971.25259404)
(73956241.0, 53197009.48321842)
(74541707.0, 112762745.36514644)
(75395048.0, 84523683.91584942)
(75597042.0, 46071778.33738894)
(75715436.0, 102851439.7045009)
(75781642.0, 43099451.79361421)
(75902208.0, 27031656.93982005)
(76432727.0, 266650877.42290005)
(77737889.0, 100505169.59849598)
(78000586.0, 221684012.069448)
(79958599.0, 116293673.32826678)
(80916492.0, 127688713.16237076)
(82150642.0, 53694075.07101741)
(82466670.0, 60914762.68116974)
(83453539.0, 57238561.56588309)
(84772742.0, 53719412.513607055)
(85000000.0, 151253075.1733879)
(85632458.0, 141164538.90543646)
(86369815.0, 65624392.33922629)
(88323487.0, 57513654.550356776)
(90000098.0, 148877360.22545576)
(90383208.0, 50055578.665701106)
(90574188.0, 87568085.08042409)
(90683916.0, 82411245.3050608)
(91036760.0, 82724844.83336365)
(91038276.0, 20684531.21483893)
(91188905.0, 83172970.59320092)
(91974818.0, 158186595.6964357)
(92374674.0, 54943521.07666958)
(92913171.0, 75992617.35268149)
(92921203.0, 47981258.25276856)
(93375151.0, 160911521.953921)
(94000000.0, 72832114.85220814)
(95226116.0, 149467065.20094487)
(96105964.0, 149578879.42539972)
(98235548.0, 45083743.75721201)
(99318987.0, 96299481.56564687)
(100230832.0, 314003443.557397)
(100491683.0, 70227687.53479393)
(100860818.0, 135546813.94740698)
(101371017.0, 342814541.5341911)
(102356381.0, 78254876.45567062)
(102825796.0, 93537682.33837101)
(102854431.0, 159513868.63256392)
(103166989.0, 12406558.086934425)
(103738726.0, 114760527.49754609)
(103891409.0, 158129017.58954307)
(105834556.0, 47676531.63310208)
(108103450.0, 360659758.66242236)
(113086475.0, 35997908.81681499)
(113714830.0, 46531110.67215028)
(113916474.0, 137582401.3405534)
(114660784.0, 349125437.22205365)
(115267375.0, 126368565.52856311)
(115505027.0, 106082768.33895399)
(116112375.0, 50408483.60815444)
(116643346.0, 327739383.34648883)
(116672912.0, 99296487.35949817)
(116700000.0, 35183054.30872315)
(116766556.0, 89389095.89311822)
(117758500.0, 57580534.83680497)
(118880016.0, 326950520.6561487)
(119208989.0, 267902078.10009307)
(119723856.0, 80019497.90787748)
(122200000.0, 47080439.103680715)
(122489822.0, 79232723.68833786)
(122919055.0, 96039191.38132527)
(123922370.0, 114627955.30537346)
(124914842.0, 160722587.69708747)
(125212904.0, 215611368.9911104)
(126216940.0, 64335905.79251412)
(127392239.0, 68396161.78659458)
(128905366.0, 73813469.52700496)
(131457682.0, 146745201.92272586)
(135000000.0, 422657300.9886523)
(135680000.0, 115853808.07941549)
(136885767.0, 61172588.96078695)
(136982834.0, 457776087.9545314)
(141220678.0, 135203379.83518407)
(141591324.0, 55710171.94404831)
(142400065.0, 76632543.12864971)
(143049560.0, 338559460.5474722)
(146198896.0, 59556989.56795254)
(148336445.0, 237703922.80076352)
(149022650.0, 57198756.77006844)
(150000000.0, 166155287.29681018)
(151493655.0, 157585468.46738455)
(151668774.0, 95608341.33751175)
(152036382.0, 102045095.3612028)
(152944660.0, 172854182.74723524)
(153083102.0, 23292364.12041704)
(154648887.0, 114137576.64719091)
(154749918.0, 45940663.16580858)
(154864401.0, 74565892.77434881)
(154906693.0, 144441550.61106935)
(156167015.0, 91461499.56529942)
(156822020.0, 49128218.3918259)
(157387195.0, 54489690.944253676)
(157920733.0, 64565029.65403632)
(158733820.0, 77675876.0023888)
(160638883.0, 79830050.46986268)
(162000000.0, 151157455.3754533)
(162242962.0, 87719840.91650203)
(164000000.0, 145597541.8508799)
(165615285.0, 128626214.72869745)
(169327687.0, 321795416.1037807)
(171120329.0, 590105922.7190958)
(172363301.0, 131230008.90627973)
(173013509.0, 107484979.03114581)
(173921954.0, 59478128.7518229)
(177200000.0, 68037889.06387326)
(177394432.0, 3182088.281974256)
(178043761.0, 56633221.93593844)
(179213434.0, 198935863.06787387)
(182016617.0, 48430468.00148112)
(183474602.0, 64542440.60609408)
(186883563.0, 136026307.21691614)
(187500000.0, 72100722.04255989)
(189015611.0, 229108400.9512792)
(190212113.0, 100502385.82955895)
(190320568.0, 49538491.412416324)
(190458706.0, 342905682.7935964)
(191185897.0, 127716675.24039367)
(191502426.0, 79153397.91798201)
(195268056.0, 178717432.51146302)
(196397415.0, 117141757.34176973)
(199200000.0, 186705977.42688292)
(202292902.0, 100911202.18893936)
(203388341.0, 112014353.99239632)
(205405498.0, 52593779.17722743)
(207283925.0, 47170670.64723228)
(207515725.0, 92714781.38961989)
(209196298.0, 128072289.34635247)
(211989043.0, 111015504.46820574)
(212385533.0, 89480736.32409139)
(212404396.0, 187141473.10250813)
(213525736.0, 60338268.29299696)
(213928762.0, 38036500.009615555)
(215887717.0, 186531655.20351923)
(216614388.0, 78195365.93740785)
(216763646.0, 104186313.3953389)
(219417255.0, 135816266.33435243)
(220673217.0, 62252471.903419904)
(231449203.0, 180614655.78194386)
(234801895.0, 106789092.82087934)
(235483004.0, 39630069.674974814)
(235926552.0, 205936956.62362897)
(238207122.0, 212516611.43286872)
(243240178.0, 77767187.51722158)
(244527583.0, 241103910.58649555)
(245360480.0, 453460516.593178)
(247275374.0, 236689618.8314063)
(248118121.0, 364457332.11628246)
(250649836.0, 142221288.34310663)
(250821495.0, 204679156.25191635)
(272742922.0, 200461526.0770771)
(273339556.0, 474038018.0036863)
(274703340.0, 304544634.9430591)
(277448382.0, 97461757.20566899)
(294456605.0, 210858483.97169745)
(310940086.0, 136073697.61906943)
(321731527.0, 223861911.14569488)
(328203506.0, 154001114.61057353)
(332000000.0, 263588118.0843214)
(347451894.0, 414718837.11353856)
(351583407.0, 178380892.4715002)
(352114312.0, 161729238.79639038)
(352194034.0, 211223816.3012463)
(356296601.0, 67073216.78763647)
(356830601.0, 174242947.92670122)
(358372926.0, 328831513.5541774)
(363258859.0, 241419053.87397623)
(363889678.0, 117359313.57570149)
(369884651.0, 66946449.41074464)
(373554033.0, 411588183.5299848)
(374218673.0, 421140950.76167953)
(381109762.0, 197288464.80458355)
(389925971.0, 399831716.2717124)
(424988211.0, 637748027.1727195)
(474968763.0, 233306164.29717782)
(484409218.0, 205404847.90834183)
(497366869.0, 1069557754.0867308)
(505000000.0, 570705962.6801015)
(550000000.0, 636971826.4317865)
(562816256.0, 1036404812.5869671)
(591739379.0, 410083521.9373602)
(611899420.0, 180095009.9902931)
(631442092.0, 546136374.9711217)
(649398328.0, 977475752.2632374)
(738599701.0, 383421975.6321292)
(748806957.0, 297103705.6904326)
(788241776.0, 471853200.9605209)
(789804554.0, 1045215109.1895796)
(850000000.0, 938032788.481458)
(876688482.0, 1081238655.1507902)
(926287400.0, 1022729835.6573068)
(940335536.0, 138792866.62822938)
