(5048693.0, 61073107.097120084)
(5108820.0, 58567165.643096566)
(5164404.0, 57100095.58229011)
(5200000.0, 106618722.57199062)
(6416302.0, 87043161.14736825)
(6482195.0, 118468399.9505856)
(6614280.0, 70928961.80942728)
(6735922.0, 63812862.9271612)
(6804016.0, 55240523.22885722)
(7282851.0, 119967220.72480865)
(7434726.0, 75525851.7269055)
(7563728.0, 67951856.19072405)
(7993039.0, 63769526.10389067)
(8373585.0, 63750950.731845476)
(8434146.0, 60711782.54393937)
(8613462.0, 148433022.04897428)
(8679814.0, 79552130.71206722)
(9879971.0, 53109641.137468986)
(10013424.0, 63863689.12735502)
(10017322.0, 304530767.21793896)
(10037390.0, 73018967.49303588)
(10166502.0, 155697075.1936099)
(10229331.0, 61914063.74618391)
(10372291.0, 125263586.39205651)
(10382407.0, 88450616.89448626)
(10409377.0, 63698899.61458413)
(10443316.0, 102764692.64850208)
(10827816.0, 99967534.82029979)
(10959475.0, 75057796.7881661)
(11263966.0, 103656671.51232529)
(11560806.0, 82375730.09497914)
(11806119.0, 62828997.129995584)
(11850214.0, 61204594.51879181)
(12000000.0, 62410870.2846223)
(12232628.0, 65694724.84277024)
(12398628.0, 69190140.71486524)
(12633747.0, 58792985.980156995)
(13000000.0, 128411849.48472181)
(13000000.0, 85515961.95016745)
(13008928.0, 63893753.70843019)
(13060843.0, 64518507.40845928)
(13110448.0, 56201380.62765609)
(13835130.0, 64000846.43419789)
(14000000.0, 53176711.78193988)
(14010832.0, 73718393.02960335)
(14400000.0, 50590786.15077342)
(14661007.0, 64665315.55347605)
(15007991.0, 72840783.46259403)
(15156200.0, 67526082.3726963)
(15250000.0, 62005930.82034673)
(15369573.0, 87372724.86513752)
(15427192.0, 60626893.08717762)
(15843608.0, 67246412.19431607)
(16491080.0, 57488551.81225643)
(16519460.0, 154869088.70221597)
(16671505.0, 104980080.01172651)
(16829545.0, 56094624.71991974)
(16942795.0, 65918047.809241354)
(16991902.0, 90211752.69386002)
(17096053.0, 54652336.54294415)
(17380126.0, 69839307.72219539)
(18618284.0, 131621972.1605592)
(18626419.0, 96551767.99700442)
(18637690.0, 54625549.49467771)
(18653615.0, 66631094.59637295)
(18902015.0, 70701458.2245057)
(19294901.0, 100924119.34432714)
(19480739.0, 206649633.48523545)
(19693891.0, 68079714.24382222)
(19800000.0, 61944540.484439895)
(19905359.0, 66687256.67999925)
(20256975.0, 69405555.1127857)
(20659423.0, 79369607.59074163)
(20796847.0, 67049949.30913986)
(20908467.0, 52995707.732514754)
(21378361.0, 57211937.71844129)
(21400000.0, 87751702.58469555)
(22034832.0, 69299557.75408848)
(22433915.0, 70778291.64148091)
(22593409.0, 59172497.266434096)
(22921898.0, 56682742.29845832)
(23000000.0, 61451631.94450164)
(23237911.0, 68356154.049957)
(23563727.0, 61915864.90876317)
(23619609.0, 66449556.92134732)
(24362772.0, 68809725.12777296)
(24769466.0, 66084416.93224575)
(25405445.0, 62279476.53441763)
(25504513.0, 57211937.71844129)
(25928721.0, 104957340.97943002)
(27107960.0, 137239932.8651845)
(27200316.0, 69069322.49138942)
(27388767.0, 83784243.64279367)
(27674124.0, 70208164.64533812)
(28008462.0, 150807727.79752868)
(28283637.0, 102994455.30996314)
(28451622.0, 61374034.61353985)
(28650575.0, 54064302.98088982)
(28780255.0, 69034682.2477746)
(29000000.0, 112780090.82065193)
(29882645.0, 199181148.36128962)
(30000000.0, 59573728.61046095)
(30050028.0, 67268785.90175773)
(30102717.0, 69034160.88111958)
(30114487.0, 81262629.4911905)
(30400000.0, 62222298.842555866)
(30641770.0, 53758867.51438491)
(30652890.0, 62835517.287388444)
(30857814.0, 183369287.8380337)
(31155435.0, 61233822.883308746)
(31596911.0, 179700270.6192536)
(31670620.0, 71588839.95064549)
(31672907.0, 61862751.44381304)
(32980880.0, 102009223.26507756)
(33000337.0, 68169552.34241317)
(33139618.0, 107036816.65508188)
(33463969.0, 131693265.80374333)
(33561137.0, 99096831.47179455)
(33828318.0, 88973789.9034403)
(33956608.0, 161430323.14944965)
(34411240.0, 55776909.693264246)
(34416893.0, 73110929.15714729)
(34808403.0, 96187326.98926386)
(35431113.0, 103104672.67340949)
(35564473.0, 61958202.37892558)
(36037909.0, 70040968.26370263)
(36450736.0, 62622172.02692983)
(36642838.0, 111210606.47140709)
(36850101.0, 106881243.27059843)
(37036004.0, 68653242.70670503)
(37664855.0, 61112481.00449246)
(37672350.0, 95244715.11115348)
(38000000.0, 63582758.480356336)
(38058335.0, 92320167.69306986)
(38172500.0, 146137178.03519398)
(39438674.0, 68637523.26747496)
(39514713.0, 74621280.79766902)
(39673162.0, 63929815.21125213)
(40203020.0, 92168021.1476722)
(40263020.0, 71991218.3357483)
(40283321.0, 57960576.67647295)
(41227069.0, 62159626.5925952)
(41382841.0, 62715268.516850635)
(41590886.0, 63913070.00838729)
(41604473.0, 69193883.7836754)
(42093706.0, 98441697.84277478)
(42277365.0, 99316424.48901984)
(42365581.0, 108771011.01403697)
(42886719.0, 67298278.64889406)
(43101594.0, 230936973.0974095)
(43848069.0, 64622452.49187829)
(43928932.0, 64457064.73219899)
(44350926.0, 72209221.19270213)
(45554533.0, 175525121.54999444)
(46118097.0, 60547019.247922756)
(46546197.0, 73598203.42058149)
(46905889.0, 58701305.591375664)
(47126295.0, 63259826.35947897)
(48063435.0, 84160665.60265152)
(48169156.0, 97081178.96589938)
(48572000.0, 68762056.37951462)
(49084830.0, 61477083.632509075)
(49627779.0, 81936122.77439258)
(50315140.0, 82633877.92818764)
(50451307.0, 62493610.24442226)
(50907422.0, 88694750.46892221)
(51053787.0, 78423716.17436537)
(51801187.0, 77625262.54832855)
(51881013.0, 105342413.21433929)
(51973029.0, 137980284.5458351)
(52277485.0, 68676926.46637478)
(52970014.0, 68949155.95217703)
(53000000.0, 71116300.694601)
(53208180.0, 132986734.87137714)
(54249294.0, 119311790.04285786)
(55157539.0, 69726367.95475692)
(55495563.0, 96361107.73628339)
(55707411.0, 72514548.76742707)
(56422687.0, 80459572.8988344)
(56489558.0, 70272923.59187792)
(56702901.0, 108150066.47621302)
(56714147.0, 96361107.73628339)
(57120318.0, 79763946.24162218)
(58401898.0, 76841733.19065277)
(58795814.0, 105490691.48483661)
(58853106.0, 65599489.946860835)
(59827328.0, 55643297.62988696)
(60209334.0, 92479182.52152845)
(60289912.0, 130121243.17906916)
(60378584.0, 58964722.093909524)
(60527873.0, 65377662.72359073)
(64088552.0, 148217553.51653638)
(65535067.0, 69288414.1980733)
(65754228.0, 72514548.76742707)
(66976317.0, 87077925.5465595)
(67192859.0, 125842211.2144444)
(67683989.0, 68336672.1749486)
(68106245.0, 66786293.03584578)
(68349884.0, 74282390.77955961)
(68514844.0, 121665889.24428293)
(68706993.0, 64069907.65880187)
(68766121.0, 69775749.40772411)
(68915888.0, 83392576.70984888)
(69631118.0, 153118745.99300748)
(69701637.0, 67047231.14010854)
(70687344.0, 202534060.16312948)
(70992898.0, 70691640.2130412)
(71485043.0, 135200070.85358799)
(72500000.0, 51094369.524766475)
(72700000.0, 129613275.97969803)
(73326666.0, 63468725.851288155)
(73956241.0, 85843999.13417067)
(74541707.0, 99836532.10661289)
(75395048.0, 127066857.26472571)
(75597042.0, 68446926.02217618)
(75715436.0, 100568003.56941842)
(75781642.0, 56656395.20429219)
(75902208.0, 58759928.35946695)
(76432727.0, 238346590.8100705)
(77737889.0, 115619123.18300983)
(78000586.0, 196495497.26453137)
(79958599.0, 98060594.25625752)
(80916492.0, 157613641.99796107)
(82150642.0, 69396087.02457027)
(82466670.0, 70632217.72342317)
(83453539.0, 55057375.588540494)
(84772742.0, 66880436.93293768)
(85000000.0, 86595431.7357792)
(85632458.0, 116960948.52181926)
(86369815.0, 81850478.90281537)
(88323487.0, 171633650.38275716)
(90000098.0, 113308530.75993507)
(90383208.0, 86408283.83096579)
(90574188.0, 70333665.65440553)
(90683916.0, 94168827.93320943)
(91036760.0, 76651177.89186683)
(91038276.0, 60937351.212881126)
(91188905.0, 114965886.39668341)
(91974818.0, 92000760.25242205)
(92374674.0, 78459276.51809794)
(92913171.0, 73113207.80546996)
(92921203.0, 57125723.325524926)
(93375151.0, 106492631.2386112)
(94000000.0, 79649448.86585046)
(95226116.0, 121193508.42824689)
(96105964.0, 122479701.43401909)
(98235548.0, 81091643.50022446)
(99318987.0, 101360352.52889255)
(100230832.0, 190616214.9856694)
(100491683.0, 80691377.36852466)
(100860818.0, 165551403.0172302)
(101371017.0, 121515408.18057378)
(102356381.0, 66652308.08551659)
(102825796.0, 115293530.99917963)
(102854431.0, 102844996.06840202)
(103166989.0, 62131964.22070174)
(103738726.0, 98491895.81735739)
(103891409.0, 118198581.34909773)
(105834556.0, 66357462.48613765)
(108103450.0, 290683037.57494485)
(113086475.0, 68043196.33603887)
(113714830.0, 90959014.86427934)
(113916474.0, 92935198.6319194)
(114660784.0, 225143057.87976766)
(115267375.0, 104509740.62865949)
(115505027.0, 145077900.03541446)
(116112375.0, 88187428.63415281)
(116643346.0, 210168071.73573518)
(116672912.0, 114145190.31075542)
(116700000.0, 62155276.878271)
(116766556.0, 145539547.25237268)
(117758500.0, 88903295.09506413)
(118880016.0, 162993501.5408803)
(119208989.0, 163209049.27601647)
(119723856.0, 133718979.5239326)
(122200000.0, 58292946.28711029)
(122489822.0, 133348058.83399014)
(122919055.0, 122533410.85836387)
(123922370.0, 70226555.84943394)
(124914842.0, 92935198.6319194)
(125212904.0, 99022589.50306377)
(126216940.0, 68226833.74199076)
(127392239.0, 69011260.17323083)
(128905366.0, 99512552.03058933)
(131457682.0, 115061491.40609607)
(135000000.0, 238453864.86273628)
(135680000.0, 192960295.93195465)
(136885767.0, 188713921.83331925)
(136982834.0, 208895032.2487065)
(141220678.0, 92333284.40445577)
(141591324.0, 120501903.8055195)
(142400065.0, 124076761.68996838)
(143049560.0, 202634601.9562661)
(146198896.0, 65552187.418668605)
(148336445.0, 176734900.10474008)
(149022650.0, 98940217.00685391)
(150000000.0, 101140435.82419376)
(151493655.0, 119678698.9918848)
(151668774.0, 76545136.93469895)
(152036382.0, 73306176.4514803)
(152944660.0, 99497725.50830153)
(153083102.0, 51379488.83708363)
(154648887.0, 115935965.56966038)
(154749918.0, 85775728.13316783)
(154864401.0, 69083380.09473486)
(154906693.0, 104429306.79484259)
(156167015.0, 83420681.16197816)
(156822020.0, 67510041.49079475)
(157387195.0, 90373660.41332695)
(157920733.0, 104157968.12656412)
(158733820.0, 121363477.58128628)
(160638883.0, 82727219.7343753)
(162000000.0, 170781191.3109811)
(162242962.0, 127694610.85375059)
(164000000.0, 114805206.93269852)
(165615285.0, 90059287.79235946)
(169327687.0, 360891748.5821735)
(171120329.0, 208704087.83093455)
(172363301.0, 121657165.94552359)
(173013509.0, 122968645.32884577)
(173921954.0, 61585587.08190334)
(177200000.0, 70070608.18817292)
(177394432.0, 135144379.9638336)
(178043761.0, 66974225.647519745)
(179213434.0, 100541529.48584491)
(182016617.0, 69493196.85910709)
(183474602.0, 70997110.72503355)
(186883563.0, 105740194.088054)
(187500000.0, 83124158.66033788)
(189015611.0, 198398558.21112114)
(190212113.0, 81588784.95616981)
(190320568.0, 119432299.4178994)
(190458706.0, 170881149.86655515)
(191185897.0, 171176688.2470505)
(191502426.0, 74551049.02544424)
(195268056.0, 96639273.20401476)
(196397415.0, 100021623.23155321)
(199200000.0, 188998075.36629248)
(202292902.0, 130749824.20217898)
(203388341.0, 105429578.56134291)
(205405498.0, 87456631.82118675)
(207283925.0, 147445854.3907583)
(207515725.0, 117670716.70889053)
(209196298.0, 119175281.50082996)
(211989043.0, 149308274.40473992)
(212385533.0, 84133574.10128167)
(212404396.0, 177363214.97127277)
(213525736.0, 120661119.98601024)
(213928762.0, 65052008.89033204)
(215887717.0, 150455676.40618435)
(216614388.0, 72523447.6796078)
(216763646.0, 131830844.71764417)
(219417255.0, 138321738.71045038)
(220673217.0, 93145686.22650838)
(231449203.0, 107070313.84929729)
(234801895.0, 101854205.93025258)
(235483004.0, 64121498.92177488)
(235926552.0, 203140583.86606228)
(238207122.0, 166749643.56099606)
(243240178.0, 87548777.24085638)
(244527583.0, 150028726.4978905)
(245360480.0, 277369354.5931803)
(247275374.0, 97397104.1318113)
(248118121.0, 205084551.91041175)
(250649836.0, 177636177.1475253)
(250821495.0, 186984975.69594064)
(272742922.0, 143300001.61563084)
(273339556.0, 305594387.4117464)
(274703340.0, 311395281.156813)
(277448382.0, 219151083.12022728)
(294456605.0, 200407823.94547808)
(310940086.0, 134703017.70962676)
(321731527.0, 189936321.5855196)
(328203506.0, 132653817.82647483)
(332000000.0, 197877593.67744893)
(347451894.0, 302954302.99081886)
(351583407.0, 140706250.98903674)
(352114312.0, 168814495.73481223)
(352194034.0, 155351518.9960032)
(356296601.0, 134384490.95940438)
(356830601.0, 162243230.8717504)
(358372926.0, 213242630.44461498)
(363258859.0, 254872475.581484)
(363889678.0, 155305745.7911783)
(369884651.0, 68847521.94600774)
(373554033.0, 202314509.21587723)
(374218673.0, 283154406.02989364)
(381109762.0, 176339025.1338673)
(389925971.0, 221718849.40832368)
(424988211.0, 338808921.97540236)
(474968763.0, 325555306.6293036)
(484409218.0, 235607924.21800002)
(497366869.0, 563729155.9935005)
(505000000.0, 185441843.92339304)
(550000000.0, 309135155.3613928)
(562816256.0, 589663456.795284)
(591739379.0, 411460179.7853788)
(611899420.0, 207979982.40203783)
(631442092.0, 629101243.613456)
(649398328.0, 702874609.9078476)
(738599701.0, 300400613.43006647)
(748806957.0, 463828641.155192)
(788241776.0, 275590559.94999343)
(789804554.0, 770161948.7036645)
(850000000.0, 689673633.7825438)
(876688482.0, 743048397.9583975)
(926287400.0, 653992519.9869046)
(940335536.0, 238315338.90232044)
