(5048693.0, 75150936.5111585)
(5108820.0, 63813872.80091976)
(5164404.0, 60319332.27476319)
(5200000.0, 94077592.11438677)
(6416302.0, 102900679.77399841)
(6482195.0, 102844515.14683063)
(6614280.0, 72088090.01927437)
(6735922.0, 61875767.45713691)
(6804016.0, 59818750.62390401)
(7282851.0, 106362630.0301419)
(7434726.0, 82781485.70216593)
(7563728.0, 71830665.36224604)
(7993039.0, 69182582.42203726)
(8373585.0, 64615836.262911774)
(8434146.0, 63025812.29232403)
(8613462.0, 141084815.47188237)
(8679814.0, 77818429.07828926)
(9879971.0, 58991456.82199559)
(10013424.0, 68448672.22735053)
(10017322.0, 297051478.15549284)
(10037390.0, 65422456.58095757)
(10166502.0, 141363451.27886635)
(10229331.0, 70938405.07477358)
(10372291.0, 137941602.4997841)
(10382407.0, 79721750.0924857)
(10409377.0, 68103176.47161636)
(10443316.0, 107004442.56688468)
(10827816.0, 104358584.70477387)
(10959475.0, 78154765.1870876)
(11263966.0, 115604730.89301023)
(11560806.0, 80054277.93071981)
(11806119.0, 64840059.65598307)
(11850214.0, 66161036.054298684)
(12000000.0, 67190754.19694582)
(12232628.0, 73174974.29871376)
(12398628.0, 77895807.58358693)
(12633747.0, 68868357.67311211)
(13000000.0, 112873730.61305332)
(13000000.0, 74423315.33920047)
(13008928.0, 69736007.98137334)
(13060843.0, 66263514.204574406)
(13110448.0, 61552937.23962685)
(13835130.0, 72299089.12561396)
(14000000.0, 55113601.2083321)
(14010832.0, 76410930.31845161)
(14400000.0, 50450089.75978868)
(14661007.0, 73133416.63971883)
(15007991.0, 80663686.07807796)
(15156200.0, 71136326.94660148)
(15250000.0, 62986578.99901135)
(15369573.0, 83445416.9095082)
(15427192.0, 61271175.98797347)
(15843608.0, 68822914.08787951)
(16491080.0, 61441977.696855165)
(16519460.0, 146513273.82340044)
(16671505.0, 99540299.04408263)
(16829545.0, 60611394.66686833)
(16942795.0, 67602594.82075718)
(16991902.0, 93547908.76080875)
(17096053.0, 61264142.275777)
(17380126.0, 77774584.15103954)
(18618284.0, 124964042.59082751)
(18626419.0, 115683534.46537058)
(18637690.0, 60053346.171255365)
(18653615.0, 71170307.62797815)
(18902015.0, 71407919.84885883)
(19294901.0, 102616137.41474864)
(19480739.0, 199902004.84845132)
(19693891.0, 70128713.29361941)
(19800000.0, 61220391.190601155)
(19905359.0, 73195948.8973077)
(20256975.0, 60603068.87210591)
(20659423.0, 69685168.92261131)
(20796847.0, 67566389.06128258)
(20908467.0, 63813872.80091976)
(21378361.0, 56955687.86668523)
(21400000.0, 94218074.69947523)
(22034832.0, 70640500.10789378)
(22433915.0, 73676049.97194403)
(22593409.0, 66943579.056510106)
(22921898.0, 59913311.767105736)
(23000000.0, 59753446.30178894)
(23237911.0, 69631842.40136579)
(23563727.0, 66479326.14724082)
(23619609.0, 66476543.04193274)
(24362772.0, 69882313.98673503)
(24769466.0, 73068862.09759556)
(25405445.0, 72664992.87635091)
(25504513.0, 56955687.86668523)
(25928721.0, 148326376.78656894)
(27107960.0, 137342594.66169667)
(27200316.0, 64898720.844915174)
(27388767.0, 75263005.18317695)
(27674124.0, 77503926.23705557)
(28008462.0, 170642357.38960034)
(28283637.0, 106102972.62129463)
(28451622.0, 70734217.43638991)
(28650575.0, 57557654.21301528)
(28780255.0, 70770423.19586453)
(29000000.0, 108456220.16895387)
(29882645.0, 189565080.01824605)
(30000000.0, 61847998.20451262)
(30050028.0, 75081928.28454891)
(30102717.0, 71830665.36224604)
(30114487.0, 68073963.75030342)
(30400000.0, 63428485.007935464)
(30641770.0, 58479670.00772123)
(30652890.0, 108440611.48221672)
(30857814.0, 161704912.28491774)
(31155435.0, 64761140.03089485)
(31596911.0, 162445769.97707102)
(31670620.0, 73729155.88961044)
(31672907.0, 65289212.86081807)
(32980880.0, 111988185.82204413)
(33000337.0, 67883452.04944713)
(33139618.0, 115528937.13465898)
(33463969.0, 140790594.2264866)
(33561137.0, 110162936.97487971)
(33828318.0, 93547908.76080875)
(33956608.0, 150190413.42979303)
(34411240.0, 62380231.04153526)
(34416893.0, 75448486.91248439)
(34808403.0, 89195130.44832467)
(35431113.0, 116805591.03181717)
(35564473.0, 66531065.54024537)
(36037909.0, 76460522.2399998)
(36450736.0, 67426655.6262646)
(36642838.0, 106394753.3485252)
(36850101.0, 107653320.43099089)
(37036004.0, 69882313.98673503)
(37664855.0, 64195919.85299144)
(37672350.0, 100953965.46994701)
(38000000.0, 59818750.62390401)
(38058335.0, 88833391.36167818)
(38172500.0, 145707372.95759937)
(39438674.0, 77669054.61387028)
(39514713.0, 71323751.84152567)
(39673162.0, 71397039.03008701)
(40203020.0, 79044649.12666163)
(40263020.0, 76084214.76356448)
(40283321.0, 55518047.1306257)
(41227069.0, 66669534.71223186)
(41382841.0, 67453015.88725415)
(41590886.0, 70519068.14688745)
(41604473.0, 74541650.4919931)
(42093706.0, 102980955.80628522)
(42277365.0, 99540299.04408263)
(42365581.0, 188211512.00377643)
(42886719.0, 66443120.3877662)
(43101594.0, 237350348.78635597)
(43848069.0, 58926152.49988053)
(43928932.0, 69702685.18721698)
(44350926.0, 85778438.5721629)
(45554533.0, 170430868.67861468)
(46118097.0, 68960459.0416249)
(46546197.0, 86781103.0994683)
(46905889.0, 63386463.43112496)
(47126295.0, 63386463.43112496)
(48063435.0, 98447559.49399716)
(48169156.0, 100790046.85472701)
(48572000.0, 74399519.42991675)
(49084830.0, 65381231.03850643)
(49627779.0, 88120985.94345915)
(50315140.0, 76922148.42835176)
(50451307.0, 61341339.81249845)
(50907422.0, 106722652.6300657)
(51053787.0, 90613247.6781758)
(51801187.0, 84653558.9934015)
(51881013.0, 101355900.44166343)
(51973029.0, 152259766.8135764)
(52277485.0, 67602594.82075718)
(52970014.0, 74549382.3023346)
(53000000.0, 74288786.37121388)
(53208180.0, 131287887.0033144)
(54249294.0, 116811060.81097353)
(55157539.0, 67155852.74460152)
(55495563.0, 91679096.75842892)
(55707411.0, 75774279.50823694)
(56422687.0, 88272577.64296451)
(56489558.0, 74006434.67309788)
(56702901.0, 104124273.98031911)
(56714147.0, 91679096.75842892)
(57120318.0, 89898561.44135919)
(58401898.0, 78087099.97537027)
(58795814.0, 100725899.24300945)
(58853106.0, 54745168.14953289)
(59827328.0, 62098469.78988187)
(60209334.0, 98820007.86113027)
(60289912.0, 148861092.54667377)
(60378584.0, 60753126.838542625)
(60527873.0, 66276914.94530781)
(64088552.0, 147588928.51718608)
(65535067.0, 69882313.98673503)
(65754228.0, 74340637.74885245)
(66976317.0, 84595797.78617556)
(67192859.0, 138352239.97568825)
(67683989.0, 68417091.89563239)
(68106245.0, 62214054.760410026)
(68349884.0, 74248058.85127658)
(68514844.0, 117446116.95663992)
(68706993.0, 68303154.62803689)
(68766121.0, 70041141.96010295)
(68915888.0, 76864689.48636551)
(69631118.0, 130786708.05957648)
(69701637.0, 68055353.99205263)
(70687344.0, 164296635.99734396)
(70992898.0, 76323683.04969394)
(71485043.0, 142367086.47739276)
(72500000.0, 51222613.998390004)
(72700000.0, 124097965.57940547)
(73326666.0, 64852542.603432655)
(73956241.0, 78355790.18773626)
(74541707.0, 115488162.90555985)
(75395048.0, 131454135.1534693)
(75597042.0, 73191518.0814669)
(75715436.0, 106042746.85399726)
(75781642.0, 61592170.53293953)
(75902208.0, 65154269.523215845)
(76432727.0, 219055817.95132494)
(77737889.0, 127165400.32503924)
(78000586.0, 172065353.0270624)
(79958599.0, 101771140.88424465)
(80916492.0, 184730525.1858139)
(82150642.0, 68524449.76586732)
(82466670.0, 69552593.37914643)
(83453539.0, 59170838.86046128)
(84772742.0, 74541650.4919931)
(85000000.0, 65121014.961111926)
(85632458.0, 116022954.27678072)
(86369815.0, 86951594.4183662)
(88323487.0, 142466341.44232795)
(90000098.0, 117741186.27098945)
(90383208.0, 81005998.04900105)
(90574188.0, 68960459.0416249)
(90683916.0, 91390301.79457906)
(91036760.0, 78835884.3642185)
(91038276.0, 64986400.590362765)
(91188905.0, 118083739.37059292)
(91974818.0, 88816976.15978584)
(92374674.0, 88627291.01094386)
(92913171.0, 79850067.83657947)
(92921203.0, 58704180.987921)
(93375151.0, 106219678.67160639)
(94000000.0, 86169418.90959904)
(95226116.0, 99632650.97357868)
(96105964.0, 118144115.71174078)
(98235548.0, 73928519.10601117)
(99318987.0, 109047564.48442373)
(100230832.0, 223770549.5612522)
(100491683.0, 86142115.30832727)
(100860818.0, 145841834.01672107)
(101371017.0, 130065007.99633953)
(102356381.0, 73383617.16114342)
(102825796.0, 95693926.60859853)
(102854431.0, 107385787.17759196)
(103166989.0, 69461040.69248408)
(103738726.0, 93836293.74094069)
(103891409.0, 118497933.79054391)
(105834556.0, 67614344.71324566)
(108103450.0, 299319774.9439706)
(113086475.0, 72774332.75103721)
(113714830.0, 88669665.21019566)
(113916474.0, 91390301.79457906)
(114660784.0, 227629357.5132586)
(115267375.0, 115074945.17257503)
(115505027.0, 141938231.1015994)
(116112375.0, 82992056.1941637)
(116643346.0, 193587291.93427023)
(116672912.0, 114786429.40778133)
(116700000.0, 63609668.22105966)
(116766556.0, 139815909.94625145)
(117758500.0, 98562323.63141069)
(118880016.0, 165111929.11697036)
(119208989.0, 130758092.92941125)
(119723856.0, 120616622.99977851)
(122200000.0, 58977749.86664454)
(122489822.0, 116242034.69736525)
(122919055.0, 118091239.70838945)
(123922370.0, 65767364.98929159)
(124914842.0, 89956660.03519455)
(125212904.0, 94180760.0052627)
(126216940.0, 72641521.74713726)
(127392239.0, 73414363.73632976)
(128905366.0, 116184091.54003029)
(131457682.0, 118536877.0550658)
(135000000.0, 243872594.02930433)
(135680000.0, 166137477.43953896)
(136885767.0, 209871863.58464345)
(136982834.0, 187088514.94044998)
(141220678.0, 89956660.03519455)
(141591324.0, 115704574.994187)
(142400065.0, 143841503.7690305)
(143049560.0, 215105712.3730434)
(146198896.0, 63833927.03929268)
(148336445.0, 192291586.11959404)
(149022650.0, 140977559.4571257)
(150000000.0, 104582445.05103412)
(151493655.0, 121571201.02244952)
(151668774.0, 71857590.30234116)
(152036382.0, 76456624.33571778)
(152944660.0, 108479156.74078281)
(153083102.0, 89438866.55787069)
(154648887.0, 109050969.34778416)
(154749918.0, 80256022.43699571)
(154864401.0, 70016909.93614213)
(154906693.0, 104134507.61934169)
(156167015.0, 89032714.83239034)
(156822020.0, 69848568.25075439)
(157387195.0, 98658589.73931922)
(157920733.0, 143797413.43793947)
(158733820.0, 116210716.70730281)
(160638883.0, 74746087.85795465)
(162000000.0, 163655172.54336378)
(162242962.0, 132445892.13546912)
(164000000.0, 126861957.55436902)
(165615285.0, 94641404.44756284)
(169327687.0, 308473245.9695669)
(171120329.0, 230124292.89085928)
(172363301.0, 119239438.55931799)
(173013509.0, 111959079.3444993)
(173921954.0, 68027398.93309958)
(177200000.0, 67411534.01616605)
(177394432.0, 132697984.36117618)
(178043761.0, 68601647.30258879)
(179213434.0, 93205311.18201813)
(182016617.0, 68487904.65450904)
(183474602.0, 71220837.20514902)
(186883563.0, 107129783.72422805)
(187500000.0, 87033901.27183202)
(189015611.0, 196560113.83466)
(190212113.0, 85379949.82638554)
(190320568.0, 116968851.41226475)
(190458706.0, 184448377.34683433)
(191185897.0, 160375301.5422774)
(191502426.0, 69990268.10255608)
(195268056.0, 97753173.5828987)
(196397415.0, 91679096.75842892)
(199200000.0, 158835586.22980592)
(202292902.0, 124482721.28590448)
(203388341.0, 115489236.93521151)
(205405498.0, 88833909.00362498)
(207283925.0, 119042354.92052166)
(207515725.0, 115706786.35735878)
(209196298.0, 113910839.42468297)
(211989043.0, 185126638.1490708)
(212385533.0, 84806642.72900513)
(212404396.0, 160878636.53052545)
(213525736.0, 121176818.99967316)
(213928762.0, 73133416.63971883)
(215887717.0, 150560666.19819847)
(216614388.0, 65289212.86081807)
(216763646.0, 126087311.26434389)
(219417255.0, 135592583.56160834)
(220673217.0, 83835459.35162544)
(231449203.0, 104134507.61934169)
(234801895.0, 110666939.38099384)
(235483004.0, 69461040.69248408)
(235926552.0, 207039463.34433246)
(238207122.0, 212454647.27408785)
(243240178.0, 87306933.99448226)
(244527583.0, 133821687.96680422)
(245360480.0, 290169617.756219)
(247275374.0, 87540158.99343124)
(248118121.0, 223358582.78449565)
(250649836.0, 192199902.3835647)
(250821495.0, 164067748.5974698)
(272742922.0, 136428475.4900207)
(273339556.0, 290168184.8580369)
(274703340.0, 306695995.99512887)
(277448382.0, 236857562.28712422)
(294456605.0, 182022853.44394997)
(310940086.0, 117026698.27706578)
(321731527.0, 145190074.2980937)
(328203506.0, 168411823.13851264)
(332000000.0, 162478428.3267489)
(347451894.0, 320222440.88005126)
(351583407.0, 140612538.48984244)
(352114312.0, 177452461.09692347)
(352194034.0, 153753440.09183553)
(356296601.0, 135169901.35111997)
(356830601.0, 135159784.0317769)
(358372926.0, 217394735.12292472)
(363258859.0, 234865380.28517842)
(363889678.0, 144067506.65857017)
(369884651.0, 72004635.14208302)
(373554033.0, 176439388.18473163)
(374218673.0, 411331274.5012342)
(381109762.0, 164562428.8307894)
(389925971.0, 249895429.09722203)
(424988211.0, 388438954.2025113)
(474968763.0, 339360932.5543796)
(484409218.0, 196796317.2381093)
(497366869.0, 510907080.7049154)
(505000000.0, 193554646.8533219)
(550000000.0, 390609416.3480925)
(562816256.0, 507255124.9308101)
(591739379.0, 375113775.96833134)
(611899420.0, 232209406.23373508)
(631442092.0, 485821648.3439538)
(649398328.0, 631839052.4029846)
(738599701.0, 323920774.7634303)
(748806957.0, 418832538.9525472)
(788241776.0, 234276285.3069931)
(789804554.0, 622335599.8829777)
(850000000.0, 630417939.3827746)
(876688482.0, 618833523.2108217)
(926287400.0, 600858959.8291559)
(940335536.0, 219715534.84944695)
