(5048693.0, 78021490.47103462)
(5108820.0, 63726027.93514675)
(5164404.0, 65999471.019044444)
(5200000.0, 88620944.97869575)
(6416302.0, 81562563.91447629)
(6482195.0, 117965144.63496411)
(6614280.0, 69890122.63984662)
(6735922.0, 74974248.42114702)
(6804016.0, 65242461.79003127)
(7282851.0, 129391387.39296988)
(7434726.0, 82382729.16279863)
(7563728.0, 70501762.66348639)
(7993039.0, 74520673.30163296)
(8373585.0, 72798812.69189134)
(8434146.0, 66934766.247613594)
(8613462.0, 148335452.23010513)
(8679814.0, 86376686.20545581)
(9879971.0, 64835855.54472383)
(10013424.0, 78015747.05292217)
(10017322.0, 307149239.7486159)
(10037390.0, 76874511.69194363)
(10166502.0, 138035260.88987848)
(10229331.0, 76225167.7229502)
(10372291.0, 146788214.35761896)
(10382407.0, 74964026.25454488)
(10409377.0, 76384636.9484535)
(10443316.0, 98658242.7149992)
(10827816.0, 91346787.5743711)
(10959475.0, 81341074.17355181)
(11263966.0, 101240762.65675107)
(11560806.0, 85257121.24704984)
(11806119.0, 75205908.67315291)
(11850214.0, 71570951.80332753)
(12000000.0, 65711042.172242165)
(12232628.0, 85842687.23017783)
(12398628.0, 81789418.40181915)
(12633747.0, 69624274.34759018)
(13000000.0, 126747896.34468897)
(13000000.0, 87187124.69424726)
(13008928.0, 68619056.51539198)
(13060843.0, 71926861.4239602)
(13110448.0, 65320307.95257805)
(13835130.0, 73182913.95975259)
(14000000.0, 54355067.64261278)
(14010832.0, 74851158.99866201)
(14400000.0, 52217081.631603725)
(14661007.0, 74848916.36229475)
(15007991.0, 79511427.34310955)
(15156200.0, 72924531.82305048)
(15250000.0, 68107430.06656562)
(15369573.0, 102773031.98388994)
(15427192.0, 66801526.20319997)
(15843608.0, 71859234.72841316)
(16491080.0, 65961220.791159354)
(16519460.0, 150147123.6383806)
(16671505.0, 117576726.15080297)
(16829545.0, 61909088.076502666)
(16942795.0, 73932202.96080652)
(16991902.0, 81491937.85990375)
(17096053.0, 64611321.29605929)
(17380126.0, 70446622.94568008)
(18618284.0, 119668701.07701361)
(18626419.0, 86944082.0872365)
(18637690.0, 66168541.24011926)
(18653615.0, 74594407.04550003)
(18902015.0, 62331997.49724469)
(19294901.0, 93918671.74874409)
(19480739.0, 189330223.6987096)
(19693891.0, 76909094.75341171)
(19800000.0, 60941430.034769855)
(19905359.0, 76850690.5647758)
(20256975.0, 77242996.22611248)
(20659423.0, 109869965.11288092)
(20796847.0, 73144113.40867254)
(20908467.0, 65112930.887171865)
(21378361.0, 60914799.58206497)
(21400000.0, 85173629.24602811)
(22034832.0, 76909094.75341171)
(22433915.0, 67972589.1765816)
(22593409.0, 78326169.38582894)
(22921898.0, 65194075.93732878)
(23000000.0, 69171356.49308462)
(23237911.0, 88001981.91119175)
(23563727.0, 72744254.14966826)
(23619609.0, 73070442.69054355)
(24362772.0, 74667313.30963694)
(24769466.0, 67440949.19174138)
(25405445.0, 72784670.88761261)
(25504513.0, 63536336.22805315)
(25928721.0, 101044835.92682987)
(27107960.0, 140735323.77430096)
(27200316.0, 72011657.46521537)
(27388767.0, 89369346.20607923)
(27674124.0, 77248553.0578047)
(28008462.0, 146281026.50297913)
(28283637.0, 99380217.60926767)
(28451622.0, 70806571.26494192)
(28650575.0, 57043717.46133826)
(28780255.0, 76722823.13332118)
(29000000.0, 100995656.83865935)
(29882645.0, 175091032.62841222)
(30000000.0, 74946457.74579719)
(30050028.0, 78271654.77410747)
(30102717.0, 75988746.54998124)
(30114487.0, 77472559.80732465)
(30400000.0, 82193412.89599654)
(30641770.0, 65269611.327903286)
(30652890.0, 74113846.48300165)
(30857814.0, 167320558.5575279)
(31155435.0, 71644622.52145652)
(31596911.0, 158573433.05426526)
(31670620.0, 70571493.45562983)
(31672907.0, 73972864.79750851)
(32980880.0, 118615933.98057969)
(33000337.0, 68811252.44056489)
(33139618.0, 105281699.97695892)
(33463969.0, 113360274.50044909)
(33561137.0, 102685796.51363859)
(33828318.0, 80754891.52119409)
(33956608.0, 127672459.58399531)
(34411240.0, 65320307.95257805)
(34416893.0, 77015099.52463791)
(34808403.0, 92757133.84724343)
(35431113.0, 95693247.28799608)
(35564473.0, 71793621.37954657)
(36037909.0, 70552700.5070651)
(36450736.0, 74862025.51388825)
(36642838.0, 98927025.02651283)
(36850101.0, 114160563.26312003)
(37036004.0, 78611880.67393647)
(37664855.0, 65914133.138244614)
(37672350.0, 91698449.60879794)
(38000000.0, 70760938.97645903)
(38058335.0, 82041194.29649574)
(38172500.0, 147749356.94658902)
(39438674.0, 80825098.60764189)
(39514713.0, 92479846.52915993)
(39673162.0, 72884019.67921087)
(40203020.0, 78048205.67649001)
(40263020.0, 79487087.20880209)
(40283321.0, 56673981.710405745)
(41227069.0, 72732256.50567585)
(41382841.0, 74331884.71136644)
(41590886.0, 72379890.867412)
(41604473.0, 77724658.61016622)
(42093706.0, 99756882.00144643)
(42277365.0, 98672494.615907)
(42365581.0, 117220724.79765289)
(42886719.0, 75194840.99887618)
(43101594.0, 198898768.26861456)
(43848069.0, 71104170.22799304)
(43928932.0, 72340938.35489586)
(44350926.0, 75030768.0889142)
(45554533.0, 180925628.08605355)
(46118097.0, 72462015.2471646)
(46546197.0, 75671602.17726931)
(46905889.0, 65416716.377774954)
(47126295.0, 72375904.97182198)
(48063435.0, 88540424.06439337)
(48169156.0, 84290470.66121939)
(48572000.0, 74266355.84311986)
(49084830.0, 71926861.4239602)
(49627779.0, 71749893.46032593)
(50315140.0, 74029351.14195171)
(50451307.0, 69882832.274256)
(50907422.0, 123139181.17451544)
(51053787.0, 99875379.91231719)
(51801187.0, 79366592.59613983)
(51881013.0, 122384301.89634542)
(51973029.0, 143945112.28413484)
(52277485.0, 77813483.11906826)
(52970014.0, 82314384.83493705)
(53000000.0, 81422249.45312499)
(53208180.0, 129072196.79757194)
(54249294.0, 99684841.87987791)
(55157539.0, 71105768.7578356)
(55495563.0, 80400713.28296706)
(55707411.0, 70571493.45562983)
(56422687.0, 84909612.10187572)
(56489558.0, 76799067.59672171)
(56702901.0, 100294206.02903166)
(56714147.0, 80400713.28296706)
(57120318.0, 84338724.39356054)
(58401898.0, 71202413.17415103)
(58795814.0, 108563724.52907689)
(58853106.0, 75673732.5372105)
(59827328.0, 66120155.387416765)
(60209334.0, 86548541.09644641)
(60289912.0, 117309077.25680952)
(60378584.0, 68336762.51688845)
(60527873.0, 68316108.62774765)
(64088552.0, 143878647.42084324)
(65535067.0, 77533605.41704026)
(65754228.0, 70571493.45562983)
(66976317.0, 93177575.11164238)
(67192859.0, 127948963.30058067)
(67683989.0, 70129344.01759917)
(68106245.0, 65394806.24988564)
(68349884.0, 70753439.60182986)
(68514844.0, 108914071.7035939)
(68706993.0, 79553087.14935184)
(68766121.0, 62687907.11787735)
(68915888.0, 93709844.29007904)
(69631118.0, 140382068.03801116)
(69701637.0, 72706668.6043828)
(70687344.0, 194038114.1642545)
(70992898.0, 70234007.79283586)
(71485043.0, 162169317.86798528)
(72500000.0, 53949102.53478317)
(72700000.0, 124645048.4343795)
(73326666.0, 71970640.60956998)
(73956241.0, 72661992.03450572)
(74541707.0, 91940559.91776775)
(75395048.0, 116620060.84343259)
(75597042.0, 85920371.85687152)
(75715436.0, 83697004.42931932)
(75781642.0, 67416907.88349554)
(75902208.0, 68304106.3420895)
(76432727.0, 235284926.5533577)
(77737889.0, 119956460.7639431)
(78000586.0, 172804971.62700936)
(79958599.0, 89022727.9144769)
(80916492.0, 175041942.25578243)
(82150642.0, 76843391.98623651)
(82466670.0, 78763184.6236393)
(83453539.0, 67253943.94892721)
(84772742.0, 76225167.7229502)
(85000000.0, 90003520.53835455)
(85632458.0, 106266283.88528231)
(86369815.0, 98153014.16796002)
(88323487.0, 152736986.22208303)
(90000098.0, 115777320.2742691)
(90383208.0, 79421473.73012313)
(90574188.0, 77278635.48733214)
(90683916.0, 93548594.67901808)
(91036760.0, 82218781.93206905)
(91038276.0, 78661221.05381863)
(91188905.0, 96249915.19106112)
(91974818.0, 78207314.23543128)
(92374674.0, 78346329.96800259)
(92913171.0, 70485267.06145953)
(92921203.0, 75381300.29378624)
(93375151.0, 110141972.94431734)
(94000000.0, 88172708.37066153)
(95226116.0, 105107987.04508434)
(96105964.0, 104437186.51114)
(98235548.0, 84236311.25909506)
(99318987.0, 91571987.41686055)
(100230832.0, 168161494.64211887)
(100491683.0, 90088580.71124622)
(100860818.0, 151947024.78301537)
(101371017.0, 117119732.33172786)
(102356381.0, 71515950.40310505)
(102825796.0, 100423382.67484745)
(102854431.0, 94168094.26612118)
(103166989.0, 71967875.96729025)
(103738726.0, 108963106.07683632)
(103891409.0, 107243076.96280533)
(105834556.0, 75328081.04328981)
(108103450.0, 278701052.96137017)
(113086475.0, 72061534.59842259)
(113714830.0, 80267473.23855343)
(113916474.0, 86195567.78741413)
(114660784.0, 238681219.7677726)
(115267375.0, 96111718.69643268)
(115505027.0, 135763029.36416656)
(116112375.0, 76194665.53001788)
(116643346.0, 212373042.99521527)
(116672912.0, 105124225.61603512)
(116700000.0, 75482023.40349837)
(116766556.0, 136434963.4007108)
(117758500.0, 87182917.32942164)
(118880016.0, 148144415.53175357)
(119208989.0, 159073237.06020674)
(119723856.0, 121545369.14984135)
(122200000.0, 62437945.95554791)
(122489822.0, 115360610.15348394)
(122919055.0, 113135732.50214112)
(123922370.0, 82254189.3823086)
(124914842.0, 86195567.78741413)
(125212904.0, 104814278.64521585)
(126216940.0, 69573868.89203586)
(127392239.0, 90634197.38030371)
(128905366.0, 93778890.92534813)
(131457682.0, 113562406.76908986)
(135000000.0, 215827358.03799137)
(135680000.0, 161072014.39305687)
(136885767.0, 166428868.35758907)
(136982834.0, 209067485.239186)
(141220678.0, 86195567.78741413)
(141591324.0, 113265043.09641775)
(142400065.0, 113648407.8027461)
(143049560.0, 185676526.5383361)
(146198896.0, 76085188.79693945)
(148336445.0, 165982105.31530342)
(149022650.0, 94992707.92297764)
(150000000.0, 103697187.99051045)
(151493655.0, 110312079.27479441)
(151668774.0, 103942974.18681084)
(152036382.0, 80994863.09287813)
(152944660.0, 82611623.44015913)
(153083102.0, 58252359.68269936)
(154648887.0, 103523946.17048933)
(154749918.0, 81638304.58356175)
(154864401.0, 76946168.32637532)
(154906693.0, 95205291.15681544)
(156167015.0, 92085854.46844472)
(156822020.0, 73209452.81788172)
(157387195.0, 78807467.63318518)
(157920733.0, 112643811.59924226)
(158733820.0, 114439816.75598267)
(160638883.0, 93057791.20820376)
(162000000.0, 160767971.2006263)
(162242962.0, 115570054.29890421)
(164000000.0, 111749042.94579205)
(165615285.0, 81215981.60550736)
(169327687.0, 313960134.1445912)
(171120329.0, 217002122.47839227)
(172363301.0, 111340747.75372998)
(173013509.0, 108604451.97438486)
(173921954.0, 76177933.43652436)
(177200000.0, 80529655.343292)
(177394432.0, 120982686.33059137)
(178043761.0, 76866778.58433545)
(179213434.0, 89306507.80673403)
(182016617.0, 73017259.7236245)
(183474602.0, 79874836.02928491)
(186883563.0, 99575039.70310614)
(187500000.0, 88309689.30079402)
(189015611.0, 181411127.81412524)
(190212113.0, 83132221.9493359)
(190320568.0, 106670283.19636925)
(190458706.0, 173197978.9948991)
(191185897.0, 172059025.9786538)
(191502426.0, 71336163.55853099)
(195268056.0, 101048953.39735213)
(196397415.0, 92059817.5735932)
(199200000.0, 169487897.18667254)
(202292902.0, 115664879.42507045)
(203388341.0, 99030485.4741127)
(205405498.0, 88163666.59603998)
(207283925.0, 149386756.6639933)
(207515725.0, 104554269.2748478)
(209196298.0, 98394911.8856272)
(211989043.0, 115789551.61776999)
(212385533.0, 91037635.11179687)
(212404396.0, 141654565.87016442)
(213525736.0, 109406755.08661452)
(213928762.0, 74904270.33365156)
(215887717.0, 134252512.54501015)
(216614388.0, 81536950.07579419)
(216763646.0, 123044860.03705737)
(219417255.0, 123248018.17139265)
(220673217.0, 80832909.50184609)
(231449203.0, 99749793.7894056)
(234801895.0, 99443965.7137364)
(235483004.0, 76102398.04594985)
(235926552.0, 200715409.75879243)
(238207122.0, 156928912.19964397)
(243240178.0, 90756178.66947873)
(244527583.0, 152826453.05621824)
(245360480.0, 286762158.4122885)
(247275374.0, 108785518.86897597)
(248118121.0, 223424255.3261413)
(250649836.0, 163028473.20058742)
(250821495.0, 145357617.91476172)
(272742922.0, 141465711.54300815)
(273339556.0, 309155211.3198406)
(274703340.0, 303696940.2260777)
(277448382.0, 215033313.1365792)
(294456605.0, 182185647.06283826)
(310940086.0, 122232648.99182336)
(321731527.0, 181110054.3252988)
(328203506.0, 138913921.13669676)
(332000000.0, 183843851.26512837)
(347451894.0, 311131428.720051)
(351583407.0, 148734567.50367135)
(352114312.0, 160101333.36917573)
(352194034.0, 152731810.05943823)
(356296601.0, 121063227.51395941)
(356830601.0, 163485669.7175383)
(358372926.0, 188026846.83936524)
(363258859.0, 246572440.72368294)
(363889678.0, 137753506.43077195)
(369884651.0, 76102398.04594985)
(373554033.0, 201438609.929607)
(374218673.0, 257203240.52727193)
(381109762.0, 165693634.2423058)
(389925971.0, 237515278.56615907)
(424988211.0, 368132920.3598732)
(474968763.0, 312665283.8017305)
(484409218.0, 268990305.98539287)
(497366869.0, 529761417.3739913)
(505000000.0, 174471492.76643503)
(550000000.0, 304698919.5750209)
(562816256.0, 586466892.6278715)
(591739379.0, 328361904.1470603)
(611899420.0, 190050520.87384063)
(631442092.0, 590615595.8359084)
(649398328.0, 701898109.9798273)
(738599701.0, 339861489.68117094)
(748806957.0, 384111872.3972777)
(788241776.0, 246337049.64811414)
(789804554.0, 780341312.4951036)
(850000000.0, 686262840.0686692)
(876688482.0, 757961288.8809963)
(926287400.0, 720002282.9022142)
(940335536.0, 225668772.40377012)
