(5048693.0, 38007140.200031035)
(5108820.0, 34954422.37985484)
(5164404.0, 36643417.50066377)
(5200000.0, 110467161.32047717)
(6416302.0, 72139658.54276763)
(6482195.0, 133019721.98908758)
(6614280.0, 63623519.84295887)
(6735922.0, 49148126.489955954)
(6804016.0, 30452112.475012045)
(7282851.0, 110884051.86138923)
(7434726.0, 78209225.34388456)
(7563728.0, 50737378.83686622)
(7993039.0, 51334013.99544279)
(8373585.0, 55340664.48110777)
(8434146.0, 52189921.96013681)
(8613462.0, 167208444.56471393)
(8679814.0, 50917297.452175215)
(9879971.0, 33233459.864003558)
(10013424.0, 59195392.28097377)
(10017322.0, 374793242.727902)
(10037390.0, 66457321.176645756)
(10166502.0, 170510337.7236833)
(10229331.0, 47075311.80633889)
(10372291.0, 91963620.79582004)
(10382407.0, 78806233.8450108)
(10409377.0, 48827962.72338568)
(10443316.0, 84324554.81439582)
(10827816.0, 83262189.11567554)
(10959475.0, 55187676.75435939)
(11263966.0, 72310758.55786654)
(11560806.0, 73893796.98774245)
(11806119.0, 45772718.40973278)
(11850214.0, 48992063.10019729)
(12000000.0, 43779935.83725749)
(12232628.0, 68999175.83170646)
(12398628.0, 54383594.96670727)
(12633747.0, 36430130.81094046)
(13000000.0, 119604222.85181765)
(13000000.0, 68725973.49583435)
(13008928.0, 59572194.33334323)
(13060843.0, 49225838.81146116)
(13110448.0, 36741740.62346725)
(13835130.0, 47167702.614924654)
(14000000.0, 23893684.500024065)
(14010832.0, 76865919.62271602)
(14400000.0, 23359927.41063974)
(14661007.0, 50817573.05294274)
(15007991.0, 71179575.51176947)
(15156200.0, 46922063.934287116)
(15250000.0, 41365314.090131074)
(15369573.0, 100040402.94328482)
(15427192.0, 46131124.776821055)
(15843608.0, 55425485.621948764)
(16491080.0, 32119045.322657097)
(16519460.0, 127347049.25950678)
(16671505.0, 102031281.57181758)
(16829545.0, 53270352.248396836)
(16942795.0, 57688065.12545755)
(16991902.0, 81910471.66723798)
(17096053.0, 31566142.610371076)
(17380126.0, 47183560.47270414)
(18618284.0, 113114802.49260572)
(18626419.0, 113193267.85177048)
(18637690.0, 28427596.745662253)
(18653615.0, 71290827.76578242)
(18902015.0, 50441010.915371604)
(19294901.0, 90241146.08843216)
(19480739.0, 227014080.7611196)
(19693891.0, 69450783.29103467)
(19800000.0, 48940918.11598678)
(19905359.0, 76057835.662581)
(20256975.0, 65554865.44552593)
(20659423.0, 98165915.29567502)
(20796847.0, 64010350.64912969)
(20908467.0, 32545608.127736878)
(21378361.0, 48124922.460075185)
(21400000.0, 78227074.67232525)
(22034832.0, 66794839.9741233)
(22433915.0, 51886776.941788845)
(22593409.0, 36229285.032061584)
(22921898.0, 34974319.17071006)
(23000000.0, 51133345.63832197)
(23237911.0, 72622748.31282595)
(23563727.0, 45688327.05807992)
(23619609.0, 59022462.80920738)
(24362772.0, 72133016.17744061)
(24769466.0, 66342040.10354799)
(25405445.0, 33795083.44746359)
(25504513.0, 47233033.54197563)
(25928721.0, 98346974.23957615)
(27107960.0, 136040245.19425404)
(27200316.0, 50954577.80218066)
(27388767.0, 79354240.41034542)
(27674124.0, 57922144.26808945)
(28008462.0, 155397140.0995045)
(28283637.0, 91895063.50051722)
(28451622.0, 47559208.47096824)
(28650575.0, 41750876.215768754)
(28780255.0, 63217555.16261979)
(29000000.0, 90445666.68516621)
(29882645.0, 181220519.49424863)
(30000000.0, 38556580.68306035)
(30050028.0, 53974444.645383045)
(30102717.0, 52245938.44951694)
(30114487.0, 68227270.98524693)
(30400000.0, 55264715.34865756)
(30641770.0, 35242049.92115887)
(30652890.0, 53126268.266790695)
(30857814.0, 273419500.7030901)
(31155435.0, 48180464.839799844)
(31596911.0, 217492097.4203992)
(31670620.0, 63715957.59417267)
(31672907.0, 54967334.12818617)
(32980880.0, 81189806.19239955)
(33000337.0, 70136202.00476001)
(33139618.0, 106494053.92407788)
(33463969.0, 123534195.36446221)
(33561137.0, 56251683.86571512)
(33828318.0, 70328729.8465834)
(33956608.0, 126691203.40248255)
(34411240.0, 37318159.64845593)
(34416893.0, 65615055.302617274)
(34808403.0, 86219944.21139804)
(35431113.0, 117560497.942107)
(35564473.0, 44350574.994845405)
(36037909.0, 48294639.78700246)
(36450736.0, 43052755.38251913)
(36642838.0, 116313270.63995485)
(36850101.0, 118213119.00586244)
(37036004.0, 70811402.0612856)
(37664855.0, 59420697.63113238)
(37672350.0, 76074982.05982485)
(38000000.0, 58755792.95738745)
(38058335.0, 98830462.79220936)
(38172500.0, 144758634.1877161)
(39438674.0, 56575399.47350291)
(39514713.0, 68899659.8475657)
(39673162.0, 44836142.58846721)
(40203020.0, 92576109.75427702)
(40263020.0, 77160184.58430377)
(40283321.0, 36051462.88034199)
(41227069.0, 39846352.29822651)
(41382841.0, 43374835.41886)
(41590886.0, 39119407.98701686)
(41604473.0, 68242728.94212219)
(42093706.0, 110171068.58153541)
(42277365.0, 103824879.76772259)
(42365581.0, 179008369.49599412)
(42886719.0, 63447410.49229811)
(43101594.0, 306802497.4256648)
(43848069.0, 55253402.469361976)
(43928932.0, 59774919.96318749)
(44350926.0, 62228780.13973107)
(45554533.0, 184527399.5874868)
(46118097.0, 53480546.81062264)
(46546197.0, 50219940.317867085)
(46905889.0, 37216030.36299146)
(47126295.0, 62402116.19009473)
(48063435.0, 70593408.16548684)
(48169156.0, 99980918.03900951)
(48572000.0, 59837421.35625205)
(49084830.0, 45548390.010892436)
(49627779.0, 82398199.72611828)
(50315140.0, 64976375.74310122)
(50451307.0, 57318934.01661471)
(50907422.0, 176416931.24009284)
(51053787.0, 80265658.71292983)
(51801187.0, 79018495.18049784)
(51881013.0, 111005411.99313334)
(51973029.0, 139387820.21797258)
(52277485.0, 69483884.98223068)
(52970014.0, 51045956.806023166)
(53000000.0, 62295584.465891816)
(53208180.0, 129384919.49725047)
(54249294.0, 134664523.36976695)
(55157539.0, 78314161.48267993)
(55495563.0, 92601873.96268831)
(55707411.0, 63957182.482326075)
(56422687.0, 69073459.57207349)
(56489558.0, 65207535.50383635)
(56702901.0, 91224481.87965667)
(56714147.0, 93377520.45246103)
(57120318.0, 75360410.22748384)
(58401898.0, 84671901.30526248)
(58795814.0, 95723730.51393484)
(58853106.0, 81283036.6784139)
(59827328.0, 34094961.99072434)
(60209334.0, 100349156.35115096)
(60289912.0, 112382474.88252673)
(60378584.0, 41229450.491540186)
(60527873.0, 53466494.35650382)
(64088552.0, 192443759.83444065)
(65535067.0, 60108536.075971685)
(65754228.0, 63957182.482326075)
(66976317.0, 73601280.54534118)
(67192859.0, 112923517.94656014)
(67683989.0, 52778114.84250829)
(68106245.0, 42028996.4213247)
(68349884.0, 75436799.16121681)
(68514844.0, 105671215.64442194)
(68706993.0, 61135811.08462334)
(68766121.0, 52418846.45344739)
(68915888.0, 95738015.46029858)
(69631118.0, 107958621.10588114)
(69701637.0, 44546296.97065295)
(70687344.0, 187915492.41340342)
(70992898.0, 61971526.20086546)
(71485043.0, 130088293.16265826)
(72500000.0, 25016777.278243218)
(72700000.0, 121802666.52719553)
(73326666.0, 51467278.44806152)
(73956241.0, 61100216.15609281)
(74541707.0, 114354468.04832432)
(75395048.0, 84008128.49106544)
(75597042.0, 52036845.80041581)
(75715436.0, 90268196.43300837)
(75781642.0, 40076842.281987384)
(75902208.0, 50256214.43502967)
(76432727.0, 223883978.4498078)
(77737889.0, 94454479.01106688)
(78000586.0, 201549401.81197768)
(79958599.0, 99768295.93112782)
(80916492.0, 143742946.4117731)
(82150642.0, 67186009.58410664)
(82466670.0, 55738600.332659915)
(83453539.0, 38123178.30608429)
(84772742.0, 65962175.841900885)
(85000000.0, 97633337.6509848)
(85632458.0, 106729764.47291729)
(86369815.0, 78498940.45103428)
(88323487.0, 163488667.88073623)
(90000098.0, 89709302.7642494)
(90383208.0, 80735610.48843051)
(90574188.0, 70872387.95666194)
(90683916.0, 86079067.4541275)
(91036760.0, 74562792.25310758)
(91038276.0, 40423661.51938632)
(91188905.0, 114861319.55494729)
(91974818.0, 103761779.81532034)
(92374674.0, 70437460.35271187)
(92913171.0, 75641950.83744864)
(92921203.0, 49193791.78237918)
(93375151.0, 122676392.512361)
(94000000.0, 86305301.98316863)
(95226116.0, 125012204.50449416)
(96105964.0, 127887808.46212065)
(98235548.0, 64948422.328595676)
(99318987.0, 106558623.18937306)
(100230832.0, 216929063.3378694)
(100491683.0, 74282375.53655498)
(100860818.0, 189995808.84105626)
(101371017.0, 128555593.87846348)
(102356381.0, 72824572.02183673)
(102825796.0, 120007117.2450052)
(102854431.0, 104131587.37069975)
(103166989.0, 43633121.142548546)
(103738726.0, 114289351.91368115)
(103891409.0, 124243134.76442036)
(105834556.0, 60515591.054888844)
(108103450.0, 334022451.5341806)
(113086475.0, 48586896.709250435)
(113714830.0, 83687056.4171909)
(113916474.0, 110737978.47481628)
(114660784.0, 261947292.0472436)
(115267375.0, 127131796.74334128)
(115505027.0, 133488078.80697355)
(116112375.0, 79901438.42807844)
(116643346.0, 227143870.0009204)
(116672912.0, 108004163.20719722)
(116700000.0, 44032358.21766196)
(116766556.0, 118903609.2454935)
(117758500.0, 75309633.89154905)
(118880016.0, 183447603.90276438)
(119208989.0, 170732761.7876932)
(119723856.0, 103831299.74244615)
(122200000.0, 46974435.94269733)
(122489822.0, 119853406.65140024)
(122919055.0, 106500946.53573096)
(123922370.0, 76382613.51648404)
(124914842.0, 112792957.33224948)
(125212904.0, 107525907.66532929)
(126216940.0, 54739860.75997152)
(127392239.0, 47136767.08118185)
(128905366.0, 93808120.52522215)
(131457682.0, 115512560.18889013)
(135000000.0, 382722266.8356403)
(135680000.0, 169936444.7983779)
(136885767.0, 198394442.21777648)
(136982834.0, 215294539.77527866)
(141220678.0, 110737978.47481628)
(141591324.0, 96129250.41204241)
(142400065.0, 102496659.54026535)
(143049560.0, 242632996.8278552)
(146198896.0, 58983311.86422533)
(148336445.0, 186365923.06025463)
(149022650.0, 83940496.15621874)
(150000000.0, 129120807.47524862)
(151493655.0, 123602500.41235654)
(151668774.0, 62369239.64100329)
(152036382.0, 77831543.44290222)
(152944660.0, 117003497.58070913)
(153083102.0, 33461102.131862752)
(154648887.0, 104811103.04071793)
(154749918.0, 79038112.0132933)
(154864401.0, 58113793.263268255)
(154906693.0, 121510742.91293693)
(156167015.0, 96221482.63021927)
(156822020.0, 58910332.51282512)
(157387195.0, 91771561.37366295)
(157920733.0, 102864752.0069504)
(158733820.0, 105176845.26234648)
(160638883.0, 73223052.36563666)
(162000000.0, 175987011.86312115)
(162242962.0, 124297555.15826683)
(164000000.0, 107727265.44135292)
(165615285.0, 102852153.92031763)
(169327687.0, 357991039.4185347)
(171120329.0, 226126031.58047563)
(172363301.0, 121700192.72002712)
(173013509.0, 112911528.39367393)
(173921954.0, 57686913.28261616)
(177200000.0, 67692461.0351569)
(177394432.0, 88845374.81377506)
(178043761.0, 59202992.536204256)
(179213434.0, 102335323.97846286)
(182016617.0, 56905198.43479649)
(183474602.0, 55516621.13399769)
(186883563.0, 117752192.75070205)
(187500000.0, 89335164.53061572)
(189015611.0, 193434466.67479557)
(190212113.0, 102249717.30141056)
(190320568.0, 119109902.36392915)
(190458706.0, 235403649.10175934)
(191185897.0, 171054084.8661386)
(191502426.0, 70615261.92509487)
(195268056.0, 151514068.06303805)
(196397415.0, 102891667.49990547)
(199200000.0, 207419565.19669905)
(202292902.0, 137799051.26712412)
(203388341.0, 126021173.89191405)
(205405498.0, 94160372.07080585)
(207283925.0, 123649714.7352132)
(207515725.0, 105115779.14282379)
(209196298.0, 98075771.15706302)
(211989043.0, 112958079.89007683)
(212385533.0, 103844859.98273131)
(212404396.0, 228826886.05302462)
(213525736.0, 70761060.8869743)
(213928762.0, 52410710.906125486)
(215887717.0, 151512206.128582)
(216614388.0, 71979073.6963146)
(216763646.0, 120331111.22422162)
(219417255.0, 154889239.15051818)
(220673217.0, 88860377.04808563)
(231449203.0, 127802306.1831934)
(234801895.0, 88219268.70752095)
(235483004.0, 52802839.23840223)
(235926552.0, 206843814.2602729)
(238207122.0, 200912268.21771842)
(243240178.0, 94234839.72692065)
(244527583.0, 166907012.80455035)
(245360480.0, 346815710.05882263)
(247275374.0, 120231615.87002666)
(248118121.0, 261509621.79780012)
(250649836.0, 181554264.55922598)
(250821495.0, 228710732.99399614)
(272742922.0, 169813496.2233798)
(273339556.0, 313152509.5389933)
(274703340.0, 357192620.5691453)
(277448382.0, 256763865.93992883)
(294456605.0, 219016141.67134562)
(310940086.0, 123082170.2054224)
(321731527.0, 175150032.7730874)
(328203506.0, 98763105.56430693)
(332000000.0, 209686257.3465447)
(347451894.0, 333986740.39064276)
(351583407.0, 184538032.12611347)
(352114312.0, 187440727.3154973)
(352194034.0, 150900178.57547945)
(356296601.0, 110692469.1920181)
(356830601.0, 211296371.08852822)
(358372926.0, 249195414.18286443)
(363258859.0, 239947574.03409633)
(363889678.0, 151645819.90782604)
(369884651.0, 75682159.74234694)
(373554033.0, 225958011.83831564)
(374218673.0, 331323740.9692481)
(381109762.0, 232011965.34280047)
(389925971.0, 293377788.48448503)
(424988211.0, 379263035.9011427)
(474968763.0, 301443541.93379563)
(484409218.0, 297743044.1557238)
(497366869.0, 639848281.3796929)
(505000000.0, 322116612.65030634)
(550000000.0, 349522282.91197723)
(562816256.0, 633608318.1296929)
(591739379.0, 486127613.9058585)
(611899420.0, 247038722.7798767)
(631442092.0, 733508057.18741)
(649398328.0, 788680533.6990767)
(738599701.0, 337207792.4372613)
(748806957.0, 553982027.1978561)
(788241776.0, 378984491.83950335)
(789804554.0, 836950573.5066667)
(850000000.0, 813495561.4790766)
(876688482.0, 866082343.2366664)
(926287400.0, 886471122.2790573)
(940335536.0, 154961537.9197902)
